num_prefill_tokens,num_decode_tokens,num_total_tokens,pd_ratio
1047,1368,2415,0.7653508771929824
1154,1461,2615,0.7898699520876112
957,1394,2351,0.6865136298421808
1136,1614,2750,0.7038413878562577
1168,1745,2913,0.6693409742120344
1102,1385,2487,0.7956678700361011
1082,1553,2635,0.6967160334835801
1148,1671,2819,0.687013764213046
1102,1692,2794,0.6513002364066194
1111,1623,2734,0.6845348120764018
1055,1616,2671,0.6528465346534653
1046,1512,2558,0.6917989417989417
1012,1575,2587,0.6425396825396825
1132,1697,2829,0.6670595167943429
1076,1606,2682,0.6699875466998755
1138,1546,2684,0.7360931435963778
1181,1724,2905,0.6850348027842227
1255,1923,3178,0.6526261050442018
1151,1654,2805,0.6958887545344619
1048,1634,2682,0.6413708690330477
1057,1674,2731,0.6314217443249701
1092,1599,2691,0.6829268292682927
1097,1509,2606,0.7269715043074884
1164,1643,2807,0.7084601339013998
1062,1464,2526,0.7254098360655737
1057,1536,2593,0.6881510416666666
1043,1560,2603,0.6685897435897435
1127,1650,2777,0.683030303030303
1144,1562,2706,0.7323943661971831
1089,1254,2343,0.868421052631579
1128,1588,2716,0.7103274559193955
1089,1724,2813,0.6316705336426914
1039,1621,2660,0.6409623689080814
942,1379,2321,0.6831036983321247
1001,1580,2581,0.6335443037974684
1364,1703,3067,0.8009395184967704
1103,1566,2669,0.7043422733077905
1075,1534,2609,0.7007822685788787
1024,1448,2472,0.7071823204419889
1190,1442,2632,0.8252427184466019
1001,1432,2433,0.6990223463687151
1089,1441,2530,0.7557251908396947
1102,1566,2668,0.7037037037037037
1185,1461,2646,0.811088295687885
1116,1576,2692,0.7081218274111675
1196,1596,2792,0.7493734335839599
1010,1470,2480,0.6870748299319728
1084,1389,2473,0.7804175665946724
1075,1505,2580,0.7142857142857143
1168,1748,2916,0.6681922196796338
1134,1606,2740,0.7061021170610212
945,1410,2355,0.6702127659574468
1058,1666,2724,0.6350540216086434
1077,1680,2757,0.6410714285714286
1095,1627,2722,0.6730178242163491
909,1264,2173,0.7191455696202531
1076,1479,2555,0.7275185936443543
1032,1676,2708,0.6157517899761337
1085,1577,2662,0.6880152187698161
1101,1642,2743,0.6705237515225335
1094,1414,2508,0.7736916548797736
1138,1586,2724,0.7175283732660782
969,1442,2411,0.6719833564493759
1017,1591,2608,0.6392206159648021
938,1276,2214,0.7351097178683386
1085,1658,2743,0.6544028950542823
969,1408,2377,0.6882102272727273
1015,1563,2578,0.6493921944977608
1040,1674,2714,0.6212664277180406
1126,1575,2701,0.714920634920635
1150,1547,2697,0.7433742727860375
1059,1587,2646,0.667296786389414
1066,1631,2697,0.6535867565910485
1112,1580,2692,0.7037974683544304
1256,1857,3113,0.6763597199784599
1126,1547,2673,0.7278603749191984
998,1425,2423,0.7003508771929825
994,1544,2538,0.6437823834196891
1101,1476,2577,0.7459349593495935
984,1401,2385,0.702355460385439
977,1530,2507,0.6385620915032679
1072,1559,2631,0.6876202694034638
1115,1611,2726,0.6921166977032899
1023,1653,2676,0.6188747731397459
1090,1576,2666,0.6916243654822335
1115,1626,2741,0.6857318573185732
1145,1674,2819,0.6839904420549582
729,1237,1966,0.5893290218270008
987,1365,2352,0.7230769230769231
1282,1719,3001,0.745782431646306
1049,1617,2666,0.6487322201607916
1068,1480,2548,0.7216216216216216
1026,1603,2629,0.6400499064254522
971,1604,2575,0.6053615960099751
969,1538,2507,0.6300390117035111
1095,1425,2520,0.7684210526315789
1097,1671,2768,0.656493117893477
1035,1507,2542,0.6867949568679496
1105,1620,2725,0.6820987654320988
1059,1574,2633,0.6728081321473952
1065,1556,2621,0.6844473007712082
1037,1565,2602,0.6626198083067093
1077,1614,2691,0.6672862453531598
1099,1499,2598,0.733155436957972
936,1484,2420,0.6307277628032345
1017,1607,2624,0.6328562538892346
1057,1686,2743,0.6269276393831554
1044,1677,2721,0.6225402504472272
1074,1422,2496,0.7552742616033755
925,1487,2412,0.6220578345662408
957,1404,2361,0.6816239316239316
945,1478,2423,0.6393775372124493
1052,1780,2832,0.5910112359550562
1024,1590,2614,0.6440251572327044
1237,1864,3101,0.6636266094420601
1064,1534,2598,0.6936114732724902
977,1467,2444,0.6659850034083163
1129,1782,2911,0.6335578002244668
1110,1693,2803,0.6556408741878322
1111,1599,2710,0.6948092557848655
1039,1683,2722,0.6173499702911468
1006,1446,2452,0.6957123098201936
894,1277,2171,0.7000783085356304
1073,1425,2498,0.7529824561403509
941,1614,2555,0.5830235439900867
918,1417,2335,0.647847565278758
1023,1567,2590,0.6528398213146139
986,1626,2612,0.6063960639606396
1057,1682,2739,0.6284185493460166
1025,1754,2779,0.5843785632839225
1083,1541,2624,0.7027903958468527
1101,1645,2746,0.6693009118541033
1098,1608,2706,0.6828358208955224
1135,1654,2789,0.6862152357920194
1173,1695,2868,0.6920353982300885
1084,1611,2695,0.6728739913097455
969,1555,2524,0.6231511254019293
887,1428,2315,0.6211484593837535
1074,1413,2487,0.7600849256900213
1222,1663,2885,0.7348165965123271
1146,1699,2845,0.6745144202472042
1006,1534,2540,0.6558018252933507
1067,1425,2492,0.7487719298245614
1093,1690,2783,0.6467455621301775
924,1346,2270,0.6864784546805349
954,1416,2370,0.673728813559322
952,1465,2417,0.6498293515358362
983,1511,2494,0.6505625413633356
1109,1252,2361,0.8857827476038339
1015,1558,2573,0.6514762516046213
1091,1428,2519,0.7640056022408963
897,1499,2396,0.5983989326217478
1084,1712,2796,0.633177570093458
1106,1618,2724,0.6835599505562423
1023,1673,2696,0.6114763897190676
957,1401,2358,0.683083511777302
1055,1542,2597,0.6841763942931258
1117,1604,2721,0.6963840399002493
1090,1351,2441,0.8068097705403405
964,1155,2119,0.8346320346320346
1013,1502,2515,0.6744340878828229
1088,1614,2702,0.6741016109045849
1068,1507,2575,0.7086927670869276
1131,1733,2864,0.6526255049047894
952,1469,2421,0.6480599046970729
1090,1590,2680,0.6855345911949685
1073,1502,2575,0.7143808255659121
1063,1554,2617,0.6840411840411841
1070,1523,2593,0.7025607353906763
969,1503,2472,0.6447105788423154
1119,1702,2821,0.6574618096357226
1109,1598,2707,0.6939924906132666
1069,1329,2398,0.8043641835966893
1097,1602,2699,0.684769038701623
1089,1611,2700,0.6759776536312849
1000,1600,2600,0.625
1074,1501,2575,0.715522984676882
945,1200,2145,0.7875
1156,1641,2797,0.704448507007922
1055,1629,2684,0.6476365868631062
1198,1574,2772,0.761118170266836
1041,1382,2423,0.7532561505065123
1174,1672,2846,0.7021531100478469
1073,1530,2603,0.7013071895424836
1036,1503,2539,0.6892880904856953
1079,1458,2537,0.7400548696844993
926,1281,2207,0.7228727556596409
1073,1573,2646,0.6821360457724094
895,1129,2024,0.7927369353410098
998,1342,2340,0.7436661698956781
1247,1831,3078,0.6810486073184052
1062,1470,2532,0.7224489795918367
1024,1427,2451,0.7175893482831114
1116,1691,2807,0.6599645180366647
1240,1678,2918,0.7389749702026222
1030,1650,2680,0.6242424242424243
1076,1538,2614,0.6996098829648895
1103,1627,2730,0.6779348494161033
1152,1465,2617,0.7863481228668942
979,1388,2367,0.7053314121037464
992,1471,2463,0.6743711760707002
1154,1628,2782,0.7088452088452089
1095,1568,2663,0.6983418367346939
1003,1417,2420,0.707833450952717
1118,1718,2836,0.6507566938300349
1034,1481,2515,0.6981769074949359
1031,1527,2558,0.6751800916830386
1205,1752,2957,0.6877853881278538
1073,1671,2744,0.642130460801915
1008,1561,2569,0.6457399103139013
905,1477,2382,0.6127285037237644
1036,1721,2757,0.6019755955839629
1101,1684,2785,0.6538004750593824
1069,1450,2519,0.7372413793103448
1063,1585,2648,0.6706624605678233
1114,1688,2802,0.659952606635071
1108,1497,2605,0.7401469605878424
1066,1635,2701,0.6519877675840978
1117,1699,2816,0.657445556209535
1076,1582,2658,0.6801517067003793
1026,1428,2454,0.7184873949579832
1051,1618,2669,0.6495673671199012
975,1396,2371,0.6984240687679083
1098,1563,2661,0.7024952015355086
1105,1434,2539,0.7705718270571827
1096,1352,2448,0.8106508875739645
1034,1643,2677,0.6293365794278758
928,1219,2147,0.7612797374897456
941,1498,2439,0.6281708945260347
1013,1544,2557,0.6560880829015544
1099,1502,2601,0.7316910785619174
1179,1432,2611,0.8233240223463687
1007,1586,2593,0.6349306431273645
1124,1668,2792,0.6738609112709832
1035,1358,2393,0.7621502209131075
1100,1724,2824,0.6380510440835266
952,1488,2440,0.6397849462365591
1014,1493,2507,0.6791694574681849
896,1476,2372,0.6070460704607046
885,1471,2356,0.601631543167913
950,1544,2494,0.6152849740932642
1095,1649,2744,0.664038811400849
935,1477,2412,0.6330399458361544
1186,1628,2814,0.7285012285012284
1033,1553,2586,0.665164198325821
977,1487,2464,0.6570275722932079
1051,1643,2694,0.6396835057821059
1086,1577,2663,0.6886493341788206
990,1550,2540,0.6387096774193548
736,1203,1939,0.6118038237738986
833,1268,2101,0.6569400630914827
787,1227,2014,0.6414017929910351
1117,1603,2720,0.6968184653774173
1017,1452,2469,0.7004132231404959
971,1482,2453,0.655195681511471
1041,1472,2513,0.7072010869565217
911,1155,2066,0.7887445887445887
1076,1568,2644,0.6862244897959183
1011,1601,2612,0.6314803247970019
963,1596,2559,0.6033834586466166
924,1382,2306,0.6685962373371924
966,1335,2301,0.7235955056179775
1167,1630,2797,0.7159509202453987
965,1301,2266,0.7417371252882398
997,1588,2585,0.6278337531486146
942,1296,2238,0.7268518518518519
1034,1386,2420,0.746031746031746
1031,1489,2520,0.6924110141034251
1025,1527,2552,0.6712508185985593
1057,1617,2674,0.6536796536796536
1066,1567,2633,0.6802807913209955
917,1296,2213,0.7075617283950617
998,1554,2552,0.6422136422136422
1023,1555,2578,0.6578778135048231
1122,1651,2773,0.6795881284070261
918,1384,2302,0.6632947976878613
1068,1681,2749,0.6353361094586556
802,1224,2026,0.6552287581699346
1053,1526,2579,0.6900393184796855
926,1008,1934,0.9186507936507936
831,826,1657,1.0060532687651331
1070,1092,2162,0.9798534798534798
939,972,1911,0.9660493827160492
871,1179,2050,0.7387616624257846
1006,759,1765,1.3254281949934124
1087,1552,2639,0.7003865979381443
1007,1438,2445,0.700278164116829
1106,1568,2674,0.7053571428571429
1004,1444,2448,0.6952908587257618
974,1468,2442,0.6634877384196185
1090,1625,2715,0.6707692307692308
1012,1570,2582,0.6445859872611465
1073,1628,2701,0.6590909090909091
894,1547,2441,0.5778926955397543
1078,1682,2760,0.6409036860879905
719,1126,1845,0.6385435168738899
1119,1603,2722,0.6980661260137243
1055,1606,2661,0.6569115815691158
1146,1577,2723,0.7266962587190868
912,1493,2405,0.6108506363027462
1060,1606,2666,0.660024906600249
938,1461,2399,0.6420260095824778
1098,1545,2643,0.7106796116504854
958,1524,2482,0.6286089238845144
1052,1674,2726,0.6284348864994026
955,1506,2461,0.6341301460823373
789,1264,2053,0.6242088607594937
987,1525,2512,0.6472131147540984
1006,1578,2584,0.6375158428390367
1010,1530,2540,0.6601307189542484
1080,1532,2612,0.7049608355091384
937,1576,2513,0.5945431472081218
1081,1726,2807,0.6263035921205099
963,1680,2643,0.5732142857142857
1032,1536,2568,0.671875
899,1486,2385,0.6049798115746972
1137,1636,2773,0.6949877750611247
932,1386,2318,0.6724386724386724
1024,1614,2638,0.6344485749690211
996,1595,2591,0.6244514106583072
1036,1602,2638,0.6466916354556804
1015,1452,2467,0.6990358126721763
943,1577,2520,0.5979708306911858
1011,1572,2583,0.6431297709923665
979,1575,2554,0.6215873015873016
1001,1629,2630,0.614487415592388
1020,1587,2607,0.6427221172022685
939,1536,2475,0.611328125
1026,1503,2529,0.6826347305389222
1089,1647,2736,0.6612021857923497
964,1429,2393,0.6745976207137858
1034,1667,2701,0.6202759448110378
1011,1419,2430,0.7124735729386892
825,1158,1983,0.7124352331606217
1047,1612,2659,0.6495037220843672
1094,1520,2614,0.7197368421052631
840,1289,2129,0.6516679596586501
911,1314,2225,0.693302891933029
1004,1521,2525,0.6600920447074293
1014,1361,2375,0.7450404114621602
1013,1497,2510,0.676686706746827
986,1458,2444,0.6762688614540466
1089,1514,2603,0.7192866578599736
964,1415,2379,0.6812720848056537
1105,1631,2736,0.677498467198038
1083,1527,2610,0.7092337917485265
1115,1529,2644,0.7292347939829954
1030,1571,2601,0.6556333545512413
1033,1515,2548,0.6818481848184819
1102,1627,2729,0.677320221266134
993,1240,2233,0.8008064516129032
862,1235,2097,0.6979757085020243
995,1609,2604,0.6183965195773773
981,1505,2486,0.651827242524917
1097,1720,2817,0.6377906976744186
724,1088,1812,0.6654411764705882
1081,1605,2686,0.6735202492211838
983,1430,2413,0.6874125874125874
1053,1531,2584,0.6877857609405618
1024,1611,2635,0.6356300434512725
1045,1614,2659,0.6474597273853779
1018,1546,2564,0.6584734799482536
942,1445,2387,0.6519031141868512
951,1446,2397,0.6576763485477178
1053,1707,2760,0.616871704745167
1154,1672,2826,0.6901913875598086
927,1323,2250,0.7006802721088435
1036,1651,2687,0.6274984857662023
1064,1505,2569,0.7069767441860465
1027,1647,2674,0.6235579842137219
1151,1472,2623,0.7819293478260869
1162,1533,2695,0.7579908675799086
1090,1652,2742,0.6598062953995157
1125,1582,2707,0.7111251580278128
947,1466,2413,0.6459754433833561
1018,1496,2514,0.68048128342246
1040,1616,2656,0.6435643564356436
928,1332,2260,0.6966966966966966
1115,1675,2790,0.6656716417910448
1077,1692,2769,0.6365248226950354
1028,1539,2567,0.6679662118258609
1028,1536,2564,0.6692708333333334
1021,1524,2545,0.6699475065616798
956,1571,2527,0.6085295989815405
1104,1626,2730,0.6789667896678967
912,1469,2381,0.6208304969366917
979,1431,2410,0.684136967155835
1144,1585,2729,0.7217665615141956
1065,979,2044,1.0878447395301327
1116,1606,2722,0.6948941469489415
1081,1601,2682,0.6752029981261711
1137,1569,2706,0.7246653919694073
1069,1710,2779,0.6251461988304093
955,1302,2257,0.7334869431643625
1122,1618,2740,0.6934487021013597
1057,1580,2637,0.6689873417721519
1086,1576,2662,0.6890862944162437
1008,1598,2606,0.6307884856070087
974,1308,2282,0.7446483180428135
1030,1569,2599,0.6564690885914596
1031,1525,2556,0.6760655737704918
1082,1701,2783,0.6360964138741917
1029,1471,2500,0.699524133242692
916,1393,2309,0.6575735821966978
1040,1631,2671,0.6376456161863887
850,1351,2201,0.6291635825314582
1165,1569,2734,0.7425111536010197
854,1389,2243,0.6148308135349172
1068,1525,2593,0.700327868852459
925,1483,2408,0.6237356709372893
1179,1674,2853,0.7043010752688172
998,1505,2503,0.6631229235880398
939,1372,2311,0.684402332361516
894,1407,2301,0.6353944562899787
923,1423,2346,0.6486296556570625
998,1634,2632,0.6107711138310894
980,1495,2475,0.6555183946488294
1147,1661,2808,0.6905478627332932
1000,1522,2522,0.657030223390276
912,1389,2301,0.6565874730021598
916,1295,2211,0.7073359073359073
1137,1440,2577,0.7895833333333333
1038,1592,2630,0.6520100502512562
916,1533,2449,0.5975212002609263
1004,1446,2450,0.69432918395574
1038,1555,2593,0.667524115755627
926,1422,2348,0.6511954992967651
843,1319,2162,0.6391205458680819
915,1275,2190,0.7176470588235294
836,1153,1989,0.7250650477016479
1116,1721,2837,0.6484601975595584
940,1418,2358,0.6629055007052186
900,1255,2155,0.7171314741035857
1104,1645,2749,0.6711246200607903
1027,1590,2617,0.6459119496855346
1062,1636,2698,0.6491442542787286
1134,1586,2720,0.7150063051702396
717,1149,1866,0.6240208877284595
1040,1616,2656,0.6435643564356436
936,1496,2432,0.6256684491978609
1056,1391,2447,0.7591660675772826
1122,1602,2724,0.700374531835206
1095,1533,2628,0.7142857142857143
867,1271,2138,0.6821400472069237
1155,1797,2952,0.6427378964941569
946,1526,2472,0.6199213630406291
1068,1544,2612,0.6917098445595855
959,1429,2388,0.6710986703988804
1035,1547,2582,0.6690368455074337
1025,1465,2490,0.6996587030716723
1064,1567,2631,0.6790044671346522
1012,1609,2621,0.6289620882535737
1049,1574,2623,0.6664548919949174
1093,1638,2731,0.6672771672771672
884,1254,2138,0.7049441786283892
960,1365,2325,0.7032967032967034
1086,1643,2729,0.6609860012172855
1162,1638,2800,0.7094017094017094
1009,1280,2289,0.78828125
982,1449,2431,0.6777087646652864
1099,1653,2752,0.6648517846339987
937,1386,2323,0.676046176046176
875,1366,2241,0.6405563689604685
869,1233,2102,0.7047850770478508
947,1401,2348,0.6759457530335474
996,1389,2385,0.7170626349892009
1007,1386,2393,0.7265512265512265
904,1273,2177,0.7101335428122545
829,1303,2132,0.6362240982348427
917,1447,2364,0.6337249481686248
928,1518,2446,0.61133069828722
1113,1728,2841,0.6440972222222222
1016,1536,2552,0.6614583333333334
976,1366,2342,0.7144948755490483
1033,1467,2500,0.7041581458759373
1533,2213,3746,0.692724807953005
959,1602,2561,0.5986267166042447
916,1443,2359,0.6347886347886348
1066,1740,2806,0.6126436781609196
1018,1700,2718,0.5988235294117648
1227,1831,3058,0.6701256144183506
1070,1622,2692,0.6596794081381011
1064,1715,2779,0.6204081632653061
1026,1492,2518,0.6876675603217158
1089,1615,2704,0.6743034055727554
952,1514,2466,0.6287978863936592
992,1622,2614,0.6115906288532675
1068,1217,2285,0.8775677896466721
970,1475,2445,0.6576271186440678
1046,1531,2577,0.6832135858915741
1054,1649,2703,0.6391752577319587
1057,1524,2581,0.6935695538057742
1109,1681,2790,0.6597263533610946
1017,1498,2515,0.6789052069425902
1000,1492,2492,0.6702412868632708
1095,1430,2525,0.7657342657342657
1088,1493,2581,0.7287340924313462
1115,1682,2797,0.6629013079667063
1030,1517,2547,0.6789716545814107
893,1359,2252,0.6571008094186902
1170,1573,2743,0.743801652892562
1061,1520,2581,0.6980263157894737
1078,1516,2594,0.7110817941952506
1006,1580,2586,0.6367088607594936
1041,1599,2640,0.651031894934334
1048,1382,2430,0.7583212735166426
1006,1535,2541,0.6553745928338762
1125,1506,2631,0.7470119521912351
1083,1552,2635,0.6978092783505154
1011,1553,2564,0.6509980682549903
987,1558,2545,0.6335044929396663
1014,1611,2625,0.6294227188081937
1120,1564,2684,0.7161125319693095
1043,1574,2617,0.6626429479034307
1077,1570,2647,0.6859872611464968
1102,1643,2745,0.6707242848447961
1107,1458,2565,0.7592592592592593
1061,1561,2622,0.6796925048046124
1019,1560,2579,0.6532051282051282
1027,1544,2571,0.6651554404145078
1051,1548,2599,0.6789405684754521
861,1253,2114,0.6871508379888268
1104,1590,2694,0.6943396226415094
1046,1511,2557,0.6922567835870285
1073,1502,2575,0.7143808255659121
1037,1513,2550,0.6853932584269663
1048,1609,2657,0.651336233685519
1116,1739,2855,0.6417481311098332
1017,1503,2520,0.6766467065868264
1060,1620,2680,0.654320987654321
1060,1619,2679,0.6547251389746758
1030,1661,2691,0.6201083684527393
825,1232,2057,0.6696428571428571
969,1569,2538,0.6175908221797323
951,1432,2383,0.6641061452513967
1002,1395,2397,0.7182795698924731
1043,1545,2588,0.6750809061488673
1108,1520,2628,0.7289473684210527
981,1682,2663,0.5832342449464922
1248,1932,3180,0.6459627329192547
957,1523,2480,0.6283650689428759
936,1504,2440,0.6223404255319149
931,1339,2270,0.6952949962658701
946,1560,2506,0.6064102564102564
1079,1654,2733,0.6523579201934704
1024,1463,2487,0.6999316473000684
1032,1639,2671,0.6296522269676632
1000,1721,2721,0.5810575246949448
1093,1815,2908,0.6022038567493113
916,1474,2390,0.621438263229308
967,1560,2527,0.6198717948717949
1044,1606,2650,0.6500622665006227
1177,1705,2882,0.6903225806451613
994,1463,2457,0.6794258373205742
1077,1659,2736,0.6491862567811935
1067,1547,2614,0.6897220426632191
963,1361,2324,0.7075679647318148
1092,1682,2774,0.6492271105826397
1070,1721,2791,0.6217315514235909
1120,1711,2831,0.6545879602571596
1042,1596,2638,0.6528822055137845
1111,1626,2737,0.6832718327183271
764,1243,2007,0.6146419951729686
974,1449,2423,0.6721877156659766
988,1611,2599,0.6132836747361887
1016,1544,2560,0.6580310880829016
1208,1651,2859,0.7316777710478498
1003,1524,2527,0.6581364829396326
960,1625,2585,0.5907692307692308
1044,1625,2669,0.6424615384615384
921,1369,2290,0.672753834915997
896,1383,2279,0.6478669558929863
1103,1698,2801,0.649587750294464
888,1338,2226,0.6636771300448431
1050,1602,2652,0.6554307116104869
1021,1723,2744,0.5925710969239698
959,1486,2445,0.6453566621803499
985,1291,2276,0.7629744384198296
980,1421,2401,0.6896551724137931
967,1429,2396,0.6766969909027292
978,1593,2571,0.6139359698681732
854,1294,2148,0.6599690880989181
1041,1588,2629,0.6555415617128464
1074,1659,2733,0.6473779385171791
873,1471,2344,0.5934738273283481
891,1495,2386,0.5959866220735786
943,1451,2394,0.6498966230186078
905,1403,2308,0.6450463292943692
1136,1545,2681,0.7352750809061489
1071,1676,2747,0.6390214797136038
998,1656,2654,0.6026570048309179
977,1491,2468,0.6552649228705567
950,1493,2443,0.6363027461486939
1148,1760,2908,0.6522727272727272
1096,1554,2650,0.7052767052767053
1079,1496,2575,0.7212566844919787
1027,1578,2605,0.6508238276299113
996,1723,2719,0.5780615206035984
1008,1560,2568,0.6461538461538462
1015,1456,2471,0.6971153846153846
931,1570,2501,0.5929936305732484
1133,1744,2877,0.6496559633027523
1072,1565,2637,0.6849840255591054
1015,1678,2693,0.6048867699642432
1072,1497,2569,0.7160988643954576
1062,1688,2750,0.6291469194312796
1091,1662,2753,0.6564380264741275
940,1439,2379,0.6532314107018763
929,1522,2451,0.6103810775295664
1033,1612,2645,0.640818858560794
1088,1509,2597,0.7210072895957588
1130,1780,2910,0.6348314606741573
1138,1660,2798,0.6855421686746987
1066,1757,2823,0.6067159931701764
1043,1682,2725,0.6200951248513674
1056,1531,2587,0.689745264532985
892,1365,2257,0.6534798534798535
1132,1675,2807,0.6758208955223881
1013,1504,2517,0.6735372340425532
1140,1641,2781,0.6946983546617916
965,1474,2439,0.6546811397557666
1093,1537,2630,0.7111255692908263
941,1541,2482,0.6106424399740429
1029,1542,2571,0.6673151750972762
1160,1609,2769,0.7209446861404599
1067,1522,2589,0.7010512483574245
1058,1493,2551,0.7086403215003348
1038,1646,2684,0.6306196840826246
1122,1768,2890,0.6346153846153846
893,1565,2458,0.5706070287539936
1078,1679,2757,0.6420488385944014
1199,1792,2991,0.6690848214285714
1095,1646,2741,0.6652490886998785
884,1436,2320,0.6155988857938719
933,1601,2534,0.5827607745159276
1036,1271,2307,0.8151062155782848
1085,1610,2695,0.6739130434782609
1016,1593,2609,0.6377903327055869
962,1553,2515,0.6194462330972311
1102,1656,2758,0.6654589371980676
1048,1720,2768,0.6093023255813953
938,1500,2438,0.6253333333333333
1010,1604,2614,0.6296758104738155
1034,1608,2642,0.6430348258706468
1017,1508,2525,0.6744031830238727
1135,1591,2726,0.7133878064110623
1050,1673,2723,0.6276150627615062
1059,1348,2407,0.7856083086053413
976,1441,2417,0.6773074253990284
1066,1601,2667,0.6658338538413492
1072,1469,2541,0.7297481279782164
1084,1574,2658,0.6886912325285895
941,1439,2380,0.6539263377345379
1118,1624,2742,0.6884236453201971
1119,1606,2725,0.6967621419676214
915,1521,2436,0.6015779092702169
979,1521,2500,0.643655489809336
1051,1462,2513,0.7188782489740082
946,1366,2312,0.6925329428989752
995,1567,2562,0.6349712827058073
1040,1516,2556,0.6860158311345647
989,1421,2410,0.6959887403237157
913,1587,2500,0.575299306868305
1030,1517,2547,0.6789716545814107
956,1476,2432,0.6476964769647696
1071,1610,2681,0.6652173913043479
1327,1770,3097,0.7497175141242938
1069,1754,2823,0.6094640820980616
979,1597,2576,0.6130244207889793
984,1671,2655,0.5888689407540395
1052,1692,2744,0.6217494089834515
1067,1670,2737,0.6389221556886228
1058,1425,2483,0.7424561403508771
1078,1576,2654,0.684010152284264
916,1393,2309,0.6575735821966978
1076,1532,2608,0.7023498694516971
1055,1584,2639,0.6660353535353535
1133,1455,2588,0.7786941580756014
924,1579,2503,0.5851804939835339
1015,1444,2459,0.7029085872576177
878,1457,2335,0.602608098833219
949,1436,2385,0.6608635097493036
1025,1539,2564,0.6660168940870695
991,1579,2570,0.6276124129195694
1039,1517,2556,0.6849044166117337
945,1551,2496,0.6092843326885881
1017,1634,2651,0.6223990208078335
1037,1399,2436,0.7412437455325233
1133,1557,2690,0.7276814386640976
911,1621,2532,0.5619987661937076
970,1585,2555,0.61198738170347
1041,1745,2786,0.5965616045845272
988,1658,2646,0.5958986731001207
983,1517,2500,0.6479894528675016
980,1553,2533,0.6310367031551836
850,1513,2363,0.5617977528089888
969,1677,2646,0.5778175313059034
954,1619,2573,0.5892526250772081
1182,1772,2954,0.6670428893905191
986,1364,2350,0.7228739002932552
981,1424,2405,0.6889044943820225
1013,1471,2484,0.6886471787899389
954,1359,2313,0.7019867549668874
1016,1550,2566,0.655483870967742
1025,1485,2510,0.6902356902356902
924,1340,2264,0.6895522388059702
1025,1482,2507,0.6916329284750338
1050,1331,2381,0.7888805409466566
973,1613,2586,0.6032238065716057
1043,1521,2564,0.685733070348455
744,1059,1803,0.7025495750708215
984,1562,2546,0.6299615877080665
968,1566,2534,0.6181353767560664
995,1555,2550,0.639871382636656
1023,1322,2345,0.7738275340393344
1111,1645,2756,0.6753799392097265
978,1474,2452,0.6635006784260515
1078,1492,2570,0.7225201072386059
1026,1530,2556,0.6705882352941176
1119,1204,2323,0.9294019933554816
1129,1635,2764,0.690519877675841
1116,1513,2629,0.7376074025115664
963,1442,2405,0.6678224687933426
1090,1684,2774,0.6472684085510689
1157,1673,2830,0.6915720263000598
1055,1573,2628,0.6706929434202161
1364,1671,3035,0.8162776780371035
1045,1553,2598,0.6728911783644559
1048,1510,2558,0.6940397350993377
1007,1507,2514,0.66821499668215
1078,1420,2498,0.7591549295774648
1183,1506,2689,0.7855245683930943
1044,1533,2577,0.6810176125244618
1001,1461,2462,0.6851471594798083
987,1463,2450,0.6746411483253588
961,1411,2372,0.6810772501771793
1029,1418,2447,0.7256699576868829
947,1322,2269,0.716338880484115
1014,1443,2457,0.7027027027027027
1125,1438,2563,0.782336578581363
1123,1448,2571,0.7755524861878453
1174,1548,2722,0.7583979328165374
1068,1724,2792,0.6194895591647331
1154,1713,2867,0.673671920607122
996,1574,2570,0.6327827191867853
974,1523,2497,0.639527248850952
929,1512,2441,0.6144179894179894
1025,1509,2534,0.6792577866136514
965,1608,2573,0.6001243781094527
1029,1586,2615,0.6488020176544766
1015,1696,2711,0.5984669811320755
946,1494,2440,0.6331994645247657
1063,1508,2571,0.7049071618037135
981,1507,2488,0.6509621765096217
865,1297,2162,0.6669236700077101
896,1391,2287,0.6441409058231489
1040,1627,2667,0.6392132759680393
1051,1520,2571,0.6914473684210526
1102,1652,2754,0.6670702179176755
1014,1575,2589,0.6438095238095238
1081,1618,2699,0.6681087762669963
1125,1589,2714,0.7079924480805538
1143,1614,2757,0.70817843866171
1078,1503,2581,0.7172322022621423
1049,1460,2509,0.7184931506849315
912,1168,2080,0.7808219178082192
1015,1372,2387,0.7397959183673469
910,1452,2362,0.6267217630853994
1078,1536,2614,0.7018229166666666
909,1418,2327,0.6410437235543018
982,1445,2427,0.6795847750865052
917,1377,2294,0.6659404502541757
1009,1375,2384,0.7338181818181818
1012,1536,2548,0.6588541666666666
1059,1355,2414,0.7815498154981549
939,1356,2295,0.6924778761061947
844,901,1745,0.9367369589345172
1039,1526,2565,0.6808650065530799
1013,1498,2511,0.6762349799732977
1144,1670,2814,0.6850299401197605
965,1340,2305,0.7201492537313433
992,1463,2455,0.6780587833219412
991,1490,2481,0.6651006711409396
982,1485,2467,0.6612794612794612
982,1527,2509,0.6430910281597905
818,1308,2126,0.6253822629969419
1072,1493,2565,0.7180174146014735
1175,1668,2843,0.7044364508393285
982,1439,2421,0.6824183460736623
1031,1596,2627,0.6459899749373433
985,1434,2419,0.6868898186889819
1127,1531,2658,0.736120182887002
1030,1622,2652,0.6350184956843403
987,1523,2510,0.6480630334865397
995,1660,2655,0.5993975903614458
1053,1569,2622,0.6711281070745698
1002,1632,2634,0.6139705882352942
1006,1730,2736,0.5815028901734104
1159,1734,2893,0.668396770472895
999,1640,2639,0.6091463414634146
931,1435,2366,0.6487804878048781
874,1444,2318,0.6052631578947368
1057,1661,2718,0.6363636363636364
946,1568,2514,0.6033163265306123
928,1314,2242,0.7062404870624048
1045,1396,2441,0.748567335243553
1031,1666,2697,0.6188475390156063
965,1428,2393,0.6757703081232493
1093,1629,2722,0.670963781461019
1056,1362,2418,0.775330396475771
928,1534,2462,0.6049543676662321
1014,1637,2651,0.6194257788637751
1089,1401,2490,0.7773019271948608
1055,1571,2626,0.671546785486951
1065,1579,2644,0.6744775174160861
1050,1706,2756,0.6154747948417351
1097,1685,2782,0.6510385756676558
981,1546,2527,0.6345407503234153
1116,1693,2809,0.6591848789131719
868,1315,2183,0.6600760456273764
905,1221,2126,0.7411957411957412
996,1301,2297,0.765564950038432
939,1455,2394,0.6453608247422681
1056,1444,2500,0.7313019390581718
1007,1360,2367,0.7404411764705883
1059,1638,2697,0.6465201465201466
846,1327,2173,0.6375282592313489
938,1382,2320,0.678726483357453
1009,1476,2485,0.6836043360433605
1145,1569,2714,0.7297641810070108
1040,1477,2517,0.7041299932295193
1139,1317,2456,0.8648443432042521
949,1283,2232,0.7396726422447389
1015,1458,2473,0.696159122085048
1063,1573,2636,0.6757787666878576
926,1404,2330,0.6595441595441596
1030,1304,2334,0.7898773006134969
979,1484,2463,0.6597035040431267
1042,1530,2572,0.681045751633987
933,1405,2338,0.6640569395017794
872,1316,2188,0.662613981762918
1027,1631,2658,0.6296750459840589
1004,1583,2587,0.6342387871130765
956,1439,2395,0.6643502432244615
915,1412,2327,0.6480169971671388
915,1627,2542,0.5623847572218807
931,1400,2331,0.665
882,1325,2207,0.6656603773584906
833,1405,2238,0.5928825622775801
923,1421,2344,0.6495425756509501
897,1379,2276,0.6504713560551124
875,1522,2397,0.5749014454664915
951,1585,2536,0.6
1065,1424,2489,0.7478932584269663
996,1514,2510,0.6578599735799208
1000,1519,2519,0.6583278472679395
1060,1632,2692,0.6495098039215687
1060,1518,2578,0.6982872200263505
1018,1522,2540,0.668856767411301
466,686,1152,0.6793002915451894
1012,1570,2582,0.6445859872611465
967,1528,2495,0.6328534031413613
996,1623,2619,0.6136783733826248
963,1412,2375,0.6820113314447592
1058,1376,2434,0.7688953488372093
1004,1380,2384,0.7275362318840579
1044,1685,2729,0.6195845697329377
1012,1541,2553,0.6567164179104478
1131,1910,3041,0.5921465968586388
1107,1621,2728,0.6829117828500926
917,1259,2176,0.7283558379666402
934,1478,2412,0.631935047361299
1000,1203,2203,0.8312551953449709
921,1495,2416,0.6160535117056856
976,1571,2547,0.6212603437301082
1045,1439,2484,0.7261987491313412
944,1447,2391,0.6523842432619212
956,1422,2378,0.6722925457102672
1026,1592,2618,0.6444723618090452
1096,1617,2713,0.6777983920841064
998,1278,2276,0.7809076682316118
1146,1717,2863,0.6674432149097262
877,1326,2203,0.6613876319758673
943,1474,2417,0.6397557666214383
936,1445,2381,0.6477508650519032
839,1441,2280,0.582234559333796
1132,1680,2812,0.6738095238095239
1230,1663,2893,0.7396271797955503
929,1569,2498,0.5920968769917144
951,1452,2403,0.6549586776859504
941,1434,2375,0.6562064156206415
919,1401,2320,0.655960028551035
891,1326,2217,0.6719457013574661
1049,1593,2642,0.6585059635907093
959,1613,2572,0.5945443273403596
1032,1620,2652,0.6370370370370371
879,1512,2391,0.5813492063492064
880,1380,2260,0.6376811594202898
1053,1542,2595,0.6828793774319066
947,1403,2350,0.6749821810406272
1114,1488,2602,0.7486559139784946
969,1425,2394,0.68
959,1536,2495,0.6243489583333334
976,1467,2443,0.665303340149966
975,1560,2535,0.625
1005,1512,2517,0.6646825396825397
945,1577,2522,0.5992390615091947
848,1402,2250,0.6048502139800286
924,1468,2392,0.6294277929155313
1018,1494,2512,0.6813922356091031
764,1279,2043,0.5973416731821736
838,1344,2182,0.6235119047619048
973,1388,2361,0.7010086455331412
995,1479,2474,0.6727518593644354
839,1400,2239,0.5992857142857143
884,1505,2389,0.587375415282392
937,1450,2387,0.6462068965517241
1061,1583,2644,0.6702463676563487
1001,1252,2253,0.799520766773163
1014,1406,2420,0.7211948790896159
1137,1588,2725,0.7159949622166247
981,1229,2210,0.7982099267697315
953,1427,2380,0.6678346180798879
578,878,1456,0.6583143507972665
945,1413,2358,0.6687898089171974
803,1424,2227,0.5639044943820225
1216,1933,3149,0.6290739782721159
991,1662,2653,0.5962695547533092
971,1480,2451,0.6560810810810811
907,1518,2425,0.5974967061923584
925,1449,2374,0.6383712905452036
1041,1319,2360,0.7892342683851402
756,1239,1995,0.6101694915254238
1083,1567,2650,0.6911295469049138
830,1386,2216,0.5988455988455988
751,1152,1903,0.6519097222222222
783,1317,2100,0.5945330296127562
1024,1535,2559,0.6671009771986971
973,1594,2567,0.6104140526976161
929,1396,2325,0.6654727793696275
850,1286,2136,0.6609642301710731
854,1357,2211,0.6293294030950627
972,1431,2403,0.6792452830188679
1037,1514,2551,0.6849405548216645
1008,1634,2642,0.616891064871481
1018,1553,2571,0.6555054732775274
872,1531,2403,0.5695623775310255
994,1493,2487,0.6657736101808439
934,1536,2470,0.6080729166666666
1078,1565,2643,0.6888178913738019
870,1368,2238,0.6359649122807017
923,1659,2582,0.5563592525617842
902,1470,2372,0.6136054421768707
1015,1598,2613,0.6351689612015019
1055,1697,2752,0.6216853270477313
1048,1660,2708,0.6313253012048192
977,1547,2524,0.6315449256625727
1089,1729,2818,0.6298438403701562
1051,1692,2743,0.6211583924349882
1002,1708,2710,0.5866510538641686
1027,1601,2628,0.641474078700812
952,1520,2472,0.6263157894736842
1022,1508,2530,0.6777188328912467
919,1186,2105,0.7748735244519392
920,1512,2432,0.6084656084656085
1024,1557,2581,0.6576750160565189
935,1459,2394,0.6408498971898561
928,1487,2415,0.6240753194351042
946,1485,2431,0.6370370370370371
868,1296,2164,0.6697530864197531
1095,1563,2658,0.7005758157389635
1019,1598,2617,0.6376720901126408
984,1331,2315,0.7392937640871525
1024,1613,2637,0.6348419094854308
1040,1412,2452,0.7365439093484419
1065,1637,2702,0.6505803298717165
1053,1610,2663,0.6540372670807454
954,1501,2455,0.6355762824783477
1036,1647,2683,0.6290224650880388
1085,1717,2802,0.6319161327897496
949,1522,2471,0.6235216819973719
765,1272,2037,0.6014150943396226
1019,1625,2644,0.6270769230769231
1071,1527,2598,0.7013752455795678
924,1212,2136,0.7623762376237624
1024,1493,2517,0.6858673811118553
996,1612,2608,0.6178660049627791
974,1540,2514,0.6324675324675325
958,1436,2394,0.6671309192200557
1050,1543,2593,0.6804925469863902
1022,1601,2623,0.6383510306058713
981,1668,2649,0.5881294964028777
1062,1604,2666,0.6620947630922693
1094,1489,2583,0.7347212894560108
1092,1601,2693,0.6820737039350406
1346,2104,3450,0.6397338403041825
1714,2275,3989,0.7534065934065934
1684,2363,4047,0.7126534066864155
1521,2405,3926,0.6324324324324324
1362,2234,3596,0.6096687555953447
1338,2415,3753,0.5540372670807453
827,1492,2319,0.5542895442359249
1402,2368,3770,0.5920608108108109
1634,2336,3970,0.699486301369863
1446,2106,3552,0.6866096866096866
1218,1931,3149,0.6307612635939928
2159,430,2589,5.02093023255814
1619,1504,3123,1.0764627659574468
1876,2123,3999,0.8836552048987282
1599,2010,3609,0.7955223880597015
1581,1754,3335,0.9013683010262258
1496,1816,3312,0.8237885462555066
1346,1972,3318,0.6825557809330629
972,1399,2371,0.6947819871336669
1155,1913,3068,0.6037637219027705
1008,1305,2313,0.7724137931034483
1039,1629,2668,0.6378146101903008
1004,1607,2611,0.6247666459240822
1084,1567,2651,0.6917677089980855
863,1372,2235,0.6290087463556852
1078,1569,2647,0.687061822817081
893,1290,2183,0.6922480620155039
1131,1574,2705,0.7185514612452351
1091,1550,2641,0.7038709677419355
1021,1617,2638,0.6314162028447743
565,892,1457,0.6334080717488789
961,1525,2486,0.6301639344262295
915,1433,2348,0.6385205861828332
944,1426,2370,0.6619915848527349
1268,1834,3102,0.6913849509269356
1057,1725,2782,0.6127536231884058
1219,1758,2977,0.6934015927189988
1034,1575,2609,0.6565079365079365
1140,1573,2713,0.7247298156389066
960,1525,2485,0.6295081967213115
1103,1714,2817,0.6435239206534422
1144,1700,2844,0.6729411764705883
1092,1630,2722,0.6699386503067485
1064,1711,2775,0.6218585622443016
1053,1617,2670,0.6512059369202227
1093,1661,2754,0.6580373269114991
1172,1748,2920,0.6704805491990846
1060,1674,2734,0.6332138590203107
1031,1722,2753,0.5987224157955865
973,1472,2445,0.6610054347826086
1098,1809,2907,0.6069651741293532
874,1342,2216,0.6512667660208644
1186,1853,3039,0.6400431732325957
1018,1478,2496,0.6887686062246279
1112,1583,2695,0.7024636765634871
1147,1817,2964,0.6312603192074848
933,1630,2563,0.5723926380368098
1081,1572,2653,0.6876590330788804
1100,1698,2798,0.6478209658421673
1207,1641,2848,0.7355271176112127
1176,1764,2940,0.6666666666666666
1168,1691,2859,0.6907155529272619
1010,1654,2664,0.6106408706166868
1176,1771,2947,0.6640316205533597
1039,1667,2706,0.6232753449310138
1091,1683,2774,0.6482471776589424
971,1569,2540,0.6188655194391333
1155,1613,2768,0.7160570365778053
1253,1759,3012,0.7123365548607163
1076,1540,2616,0.6987012987012987
1059,1705,2764,0.6211143695014663
1025,1511,2536,0.6783587028457975
1086,1512,2598,0.7182539682539683
1021,1735,2756,0.5884726224783862
922,1339,2261,0.6885735623599701
1106,1628,2734,0.6793611793611793
1116,1707,2823,0.6537785588752196
1139,1706,2845,0.6676436107854631
1021,1538,2559,0.6638491547464239
1181,1758,2939,0.6717861205915814
1143,1846,2989,0.6191765980498375
1083,1674,2757,0.6469534050179212
1132,1558,2690,0.7265725288831836
928,1209,2137,0.7675765095119934
1060,1598,2658,0.6633291614518148
809,1203,2012,0.6724854530340815
815,1431,2246,0.5695317959468903
1016,1528,2544,0.6649214659685864
1052,1654,2706,0.6360338573155986
987,1586,2573,0.6223203026481715
951,1365,2316,0.6967032967032967
658,873,1531,0.7537227949599083
996,1585,2581,0.628391167192429
923,1415,2338,0.6522968197879858
849,1301,2150,0.652574942352037
635,1575,2210,0.4031746031746032
1051,1327,2378,0.7920120572720422
1165,1721,2886,0.6769320162696106
858,1341,2199,0.639821029082774
936,1531,2467,0.6113651208360549
826,1151,1977,0.7176368375325803
934,1397,2331,0.6685755189692197
1042,1518,2560,0.686429512516469
1181,1757,2938,0.672168468981218
852,1332,2184,0.6396396396396397
974,1494,2468,0.6519410977242303
1154,1952,3106,0.5911885245901639
921,1426,2347,0.6458625525946704
982,1537,2519,0.6389069616135329
1034,1680,2714,0.6154761904761905
1111,1609,2720,0.6904909881914233
1025,1631,2656,0.6284488044144696
998,1525,2523,0.6544262295081967
906,1245,2151,0.727710843373494
966,1368,2334,0.706140350877193
1066,1537,2603,0.69355888093689
866,1366,2232,0.6339677891654466
880,1398,2278,0.6294706723891274
840,1461,2301,0.5749486652977412
909,1455,2364,0.6247422680412371
861,1365,2226,0.6307692307692307
1202,1689,2891,0.7116637063351096
981,1572,2553,0.6240458015267175
884,1379,2263,0.6410442349528644
1089,1715,2804,0.6349854227405248
947,1573,2520,0.6020343293070566
769,1301,2070,0.5910837817063798
1033,1765,2798,0.5852691218130311
1062,1616,2678,0.6571782178217822
1125,1610,2735,0.6987577639751553
1024,1395,2419,0.7340501792114695
1007,1764,2771,0.5708616780045351
1005,1645,2650,0.6109422492401215
1025,1619,2644,0.6331068560840025
871,1552,2423,0.5612113402061856
923,1628,2551,0.566953316953317
939,1272,2211,0.7382075471698113
971,1497,2468,0.648630594522378
881,1382,2263,0.6374819102749638
747,1338,2085,0.5582959641255605
859,1435,2294,0.5986062717770034
677,1156,1833,0.5856401384083045
796,1420,2216,0.5605633802816902
915,1451,2366,0.6305995864920745
1213,1795,3008,0.6757660167130919
1109,1672,2781,0.6632775119617225
946,1297,2243,0.7293754818812644
921,1412,2333,0.6522662889518414
861,1273,2134,0.6763550667714061
1016,1503,2519,0.675981370592149
1034,1534,2568,0.6740547588005215
969,1366,2335,0.7093704245973645
1191,1630,2821,0.7306748466257669
981,1451,2432,0.6760854583046175
431,706,1137,0.6104815864022662
1091,1354,2445,0.8057607090103397
978,1529,2507,0.6396337475474166
922,1402,2324,0.6576319543509273
1021,1437,2458,0.7105080027835768
1179,1719,2898,0.6858638743455497
958,1354,2312,0.707533234859675
1207,1858,3065,0.6496232508073198
969,1609,2578,0.6022374145431946
803,1166,1969,0.6886792452830188
780,1388,2168,0.5619596541786743
933,1410,2343,0.6617021276595745
1011,1067,2078,0.9475164011246484
497,829,1326,0.5995174909529554
627,979,1606,0.6404494382022472
621,816,1437,0.7610294117647058
984,1577,2561,0.6239695624603678
1002,1511,2513,0.6631369953673064
941,1432,2373,0.6571229050279329
875,1294,2169,0.6761978361669243
906,1496,2402,0.6056149732620321
827,1312,2139,0.6303353658536586
774,1114,1888,0.6947935368043088
1011,1141,2152,0.8860648553900088
363,580,943,0.6258620689655172
938,1390,2328,0.6748201438848921
1250,1692,2942,0.7387706855791962
859,1143,2002,0.7515310586176728
1203,1749,2952,0.6878216123499142
641,909,1550,0.7051705170517052
875,1511,2386,0.5790866975512905
1019,1558,2577,0.6540436456996149
871,1221,2092,0.7133497133497133
927,1132,2059,0.818904593639576
1042,1519,2561,0.6859776168531929
1047,1320,2367,0.7931818181818182
695,1131,1826,0.614500442086649
949,1337,2286,0.7097980553477936
982,1444,2426,0.6800554016620498
1062,1414,2476,0.751060820367751
1087,1675,2762,0.648955223880597
1063,1687,2750,0.6301126259632484
995,1365,2360,0.7289377289377289
702,896,1598,0.7834821428571429
1109,1674,2783,0.6624850657108722
1023,1574,2597,0.6499364675984752
820,1158,1978,0.7081174438687392
1323,1811,3134,0.7305356156819437
1208,1591,2799,0.7592708988057826
939,1486,2425,0.6318977119784657
876,1232,2108,0.711038961038961
1165,1713,2878,0.6800934033858728
1114,1546,2660,0.720569210866753
919,1334,2253,0.6889055472263869
970,1433,2403,0.6769016050244243
993,1630,2623,0.6092024539877301
956,1275,2231,0.7498039215686274
1190,1576,2766,0.7550761421319797
699,1050,1749,0.6657142857142857
932,1241,2173,0.7510072522159549
1149,1665,2814,0.69009009009009
932,1233,2165,0.7558799675587997
691,1065,1756,0.6488262910798122
1042,1563,2605,0.6666666666666666
1120,1704,2824,0.6572769953051644
1013,1540,2553,0.6577922077922078
1113,1735,2848,0.6414985590778098
1047,1537,2584,0.6811971372804164
1063,1572,2635,0.676208651399491
922,1283,2205,0.7186282151208107
1023,1529,2552,0.6690647482014388
995,1644,2639,0.6052311435523114
494,525,1019,0.940952380952381
1441,2579,4020,0.5587436991081814
370,600,970,0.6166666666666667
322,405,727,0.7950617283950617
381,691,1072,0.5513748191027497
369,697,1066,0.5294117647058824
1362,2491,3853,0.5467683661180249
979,1962,2941,0.4989806320081549
982,1434,2416,0.6847977684797768
1480,2193,3673,0.674874601003192
676,1209,1885,0.5591397849462365
622,936,1558,0.6645299145299145
916,1671,2587,0.5481747456612807
1139,1900,3039,0.5994736842105263
751,1534,2285,0.4895697522816167
1346,2143,3489,0.6280914605692954
1208,1979,3187,0.6104092976250631
1076,2154,3230,0.4995357474466109
1184,1849,3033,0.6403461330448891
1480,2333,3813,0.6343763394770682
1812,1964,3776,0.9226069246435844
1535,2170,3705,0.7073732718894009
1681,2323,4004,0.7236332328885062
1734,2208,3942,0.7853260869565217
1468,2021,3489,0.7263730826323602
1550,2175,3725,0.7126436781609196
1689,2357,4046,0.7165888841747985
1583,2297,3880,0.6891597736177623
1605,2310,3915,0.6948051948051948
1483,2147,3630,0.6907312529110387
1569,1760,3329,0.8914772727272727
1511,1717,3228,0.8800232964472918
1228,1838,3066,0.6681175190424374
983,1543,2526,0.6370706416072586
1035,1339,2374,0.7729648991784914
651,968,1619,0.6725206611570248
1596,2033,3629,0.7850467289719626
1188,1673,2861,0.7101016138673042
1071,1601,2672,0.6689569019362899
1277,1836,3113,0.6955337690631809
984,1250,2234,0.7872
926,1425,2351,0.6498245614035087
1121,1490,2611,0.7523489932885906
1122,1655,2777,0.6779456193353475
1166,1641,2807,0.7105423522242535
1117,1567,2684,0.7128270580727505
1407,2119,3526,0.6639924492685229
1547,2200,3747,0.7031818181818181
1382,1937,3319,0.7134744450180692
1377,1983,3360,0.6944024205748865
1772,1979,3751,0.8954017180394138
1486,2080,3566,0.7144230769230769
1658,2142,3800,0.7740429505135388
1527,2172,3699,0.7030386740331491
1605,2208,3813,0.7269021739130435
1588,2335,3923,0.6800856531049251
1501,2328,3829,0.6447594501718213
1638,2393,4031,0.6844964479732554
1719,2189,3908,0.7852900867976245
1632,2255,3887,0.7237250554323725
1612,2354,3966,0.6847918436703483
1582,2168,3750,0.7297047970479705
1411,1530,2941,0.9222222222222224
1541,2075,3616,0.7426506024096385
1691,1883,3574,0.8980350504514073
1829,2110,3939,0.866824644549763
1511,2253,3764,0.6706613404349756
1582,2245,3827,0.7046770601336303
1458,2090,3548,0.6976076555023923
1447,1779,3226,0.8133783024170883
1597,2182,3779,0.731897341888176
1795,2134,3929,0.8411433926897844
1596,1980,3576,0.806060606060606
1677,2250,3927,0.7453333333333333
1697,2144,3841,0.7915111940298507
1682,2091,3773,0.8043998087039694
1813,2216,4029,0.8181407942238267
1767,2240,4007,0.7888392857142857
1753,2333,4086,0.7513930561508787
1678,2264,3942,0.741166077738516
1582,2123,3705,0.7451719265190768
1448,1739,3187,0.8326624496837263
1643,2134,3777,0.7699156513589503
1670,2201,3871,0.7587460245343026
1366,1961,3327,0.6965833758286588
1629,2400,4029,0.67875
1206,1687,2893,0.7148784825133373
1639,2279,3918,0.7191750767880649
1511,2049,3560,0.7374328940946804
1528,2429,3957,0.6290654590366406
1704,2379,4083,0.7162673392181589
1742,2315,4057,0.7524838012958963
1077,1459,2536,0.7381768334475668
1525,2450,3975,0.6224489795918368
1397,1920,3317,0.7276041666666667
1554,2394,3948,0.6491228070175439
1441,2111,3552,0.6826148744670772
1704,2057,3761,0.828390860476422
1301,1829,3130,0.7113176599234554
1310,1785,3095,0.7338935574229691
1682,2354,4036,0.7145284621920136
1496,1756,3252,0.8519362186788155
1617,2424,4041,0.6670792079207921
1592,2162,3754,0.7363552266419982
1385,2078,3463,0.6665062560153994
1549,1987,3536,0.7795671867136387
1420,2488,3908,0.5707395498392283
1255,1924,3179,0.6522869022869023
1418,2274,3692,0.623570800351803
1802,2211,4013,0.815015829941203
1734,2356,4090,0.7359932088285229
1439,1999,3438,0.7198599299649825
1541,2333,3874,0.6605229318474067
1283,1860,3143,0.6897849462365592
1427,1885,3312,0.7570291777188329
1630,2245,3875,0.7260579064587973
1595,2462,4057,0.6478472786352559
1592,2487,4079,0.640128669079212
1538,2097,3635,0.7334287076776347
1572,2350,3922,0.668936170212766
1574,2185,3759,0.7203661327231121
1495,2277,3772,0.6565656565656566
1237,1676,2913,0.7380668257756563
1606,2452,4058,0.6549755301794453
1630,2261,3891,0.7209199469261389
1739,2336,4075,0.7444349315068494
1566,2031,3597,0.7710487444608567
1575,1797,3372,0.8764607679465777
1625,2068,3693,0.7857833655705996
1637,2397,4034,0.6829370045890697
1506,2120,3626,0.710377358490566
1061,1512,2573,0.7017195767195767
1499,2025,3524,0.740246913580247
1480,1849,3329,0.8004326663061114
1819,2274,4093,0.7999120492524187
1609,2308,3917,0.6971403812824957
1652,2281,3933,0.7242437527400263
1519,2183,3702,0.6958314246449839
1537,1912,3449,0.8038702928870293
1329,1829,3158,0.7266265718972116
1468,1814,3282,0.8092613009922822
1800,2160,3960,0.8333333333333334
1464,2053,3517,0.7131027764247443
1419,1601,3020,0.8863210493441599
1606,2037,3643,0.7884143348060874
1759,2239,3998,0.7856185797230907
1748,2076,3824,0.8420038535645472
1629,1956,3585,0.8328220858895705
1690,2076,3766,0.8140655105973025
1442,2046,3488,0.7047898338220919
1315,1879,3194,0.6998403406067057
1574,2008,3582,0.7838645418326693
1679,2166,3845,0.7751615881809788
1644,2407,4051,0.6830078936435396
1620,2091,3711,0.7747489239598279
1661,2395,4056,0.6935281837160752
1633,2199,3832,0.7426102773988177
1326,2307,3633,0.5747724317295189
1615,2419,4034,0.6676312525837123
1464,2272,3736,0.6443661971830986
1729,1975,3704,0.8754430379746836
1753,2332,4085,0.7517152658662093
1559,2355,3914,0.6619957537154989
1698,2337,4035,0.7265725288831836
1830,2256,4086,0.8111702127659575
1738,2278,4016,0.7629499561018437
1550,2308,3858,0.67157712305026
1769,2234,4003,0.7918531781557744
1582,2445,4027,0.6470347648261758
1750,2096,3846,0.8349236641221374
1696,2132,3828,0.7954971857410882
1705,2372,4077,0.7188026981450253
1527,2105,3632,0.72541567695962
1587,2248,3835,0.7059608540925267
1244,1793,3037,0.6938092582264361
1737,2105,3842,0.8251781472684085
1433,2050,3483,0.6990243902439024
1554,2148,3702,0.723463687150838
1738,2339,4077,0.7430525865754596
1639,2306,3945,0.7107545533391153
1606,2264,3870,0.7093639575971732
1733,1884,3617,0.9198513800424628
1674,2389,4063,0.7007115948095437
1421,1936,3357,0.7339876033057852
1589,2193,3782,0.724578203374373
1570,2207,3777,0.7113729043951065
1528,1922,3450,0.7950052029136316
1766,1956,3722,0.9028629856850716
1726,2171,3897,0.7950253339474896
1653,2425,4078,0.6816494845360824
1503,2154,3657,0.6977715877437326
1607,2393,4000,0.671541997492687
1384,2216,3600,0.6245487364620939
1520,2218,3738,0.6853020739404869
1636,2354,3990,0.6949872557349193
938,1352,2290,0.6937869822485208
1716,2341,4057,0.7330200768902179
1456,2422,3878,0.6011560693641619
1765,1877,3642,0.9403303143313798
1618,2312,3930,0.6998269896193772
1036,1802,2838,0.5749167591564928
738,1041,1779,0.7089337175792507
951,1241,2192,0.7663174858984689
1416,1991,3407,0.7112004018081366
1529,2566,4095,0.5958690568978956
1593,2397,3990,0.6645807259073843
1568,2366,3934,0.6627218934911243
1535,2408,3943,0.6374584717607974
1330,1949,3279,0.6824012314007183
852,1468,2320,0.5803814713896458
1433,1918,3351,0.7471324296141815
1570,2317,3887,0.6776003452740613
1632,2405,4037,0.6785862785862786
1390,2081,3471,0.667948101874099
1510,2411,3921,0.6262961426793862
1465,2274,3739,0.6442392260334213
1594,2296,3890,0.6942508710801394
1433,2054,3487,0.6976630963972736
1566,2131,3697,0.7348662599718442
1245,1555,2800,0.8006430868167203
1467,2131,3598,0.6884091975598311
1654,2353,4007,0.7029324266893328
1351,2235,3586,0.6044742729306488
1242,1846,3088,0.6728060671722643
1447,2421,3868,0.5976869062370921
1587,2488,4075,0.6378617363344051
1601,2414,4015,0.6632145816072909
1574,2285,3859,0.6888402625820569
1747,2309,4056,0.7566045907319185
1350,1964,3314,0.6873727087576375
1635,2360,3995,0.6927966101694916
1623,2291,3914,0.7084242688782191
1675,2146,3821,0.7805219012115564
1441,2168,3609,0.6646678966789668
1583,2040,3623,0.7759803921568628
1603,2478,4081,0.6468926553672316
1454,1919,3373,0.7576862949452841
1771,2211,3982,0.8009950248756219
1711,2236,3947,0.7652057245080501
1700,2253,3953,0.7545494895694629
1547,2378,3925,0.6505466778805719
1475,2312,3787,0.6379757785467128
1113,1638,2751,0.6794871794871795
856,1266,2122,0.6761453396524486
1581,2423,4004,0.6524969046636401
1666,2323,3989,0.7171760654326302
1251,1890,3141,0.6619047619047619
1532,2141,3673,0.7155534796823914
1731,2118,3849,0.8172804532577904
1491,2036,3527,0.7323182711198428
1471,2111,3582,0.6968261487446707
1830,2262,4092,0.8090185676392573
1576,2188,3764,0.720292504570384
1549,2287,3836,0.6773065150852645
1510,2379,3889,0.6347204707860445
1531,2252,3783,0.6798401420959147
1523,2449,3972,0.6218864842792977
1245,1761,3006,0.706984667802385
1556,2490,4046,0.6248995983935743
1545,2372,3917,0.6513490725126475
1594,2393,3987,0.6661094860008357
1664,2216,3880,0.7509025270758123
1457,2339,3796,0.6229157759726379
1479,2260,3739,0.654424778761062
1706,2164,3870,0.788354898336414
1634,2407,4041,0.6788533444121313
1510,2361,3871,0.6395595086827616
1409,1893,3302,0.7443211833069202
1569,2380,3949,0.6592436974789916
1494,2468,3962,0.6053484602917342
1544,2281,3825,0.6768960982025427
1702,2017,3719,0.8438274665344571
1725,2286,4011,0.7545931758530183
1606,2327,3933,0.690159003008165
1669,2027,3696,0.8233843117908238
1230,2014,3244,0.6107249255213505
1567,2407,3974,0.6510178645616951
1570,2042,3612,0.7688540646425074
1682,2269,3951,0.7412957249889819
1508,2018,3526,0.7472745292368682
1620,2177,3797,0.7441433164905834
1500,2255,3755,0.6651884700665188
1639,2307,3946,0.7104464672735153
1546,1703,3249,0.907809747504404
1659,2260,3919,0.734070796460177
1542,2147,3689,0.7182114578481602
1515,2281,3796,0.664182376150811
1644,2199,3843,0.747612551159618
1770,2313,4083,0.7652399481193255
1486,2273,3759,0.6537615486141664
1646,2342,3988,0.7028181041844578
1621,2322,3943,0.698105081826012
1397,2315,3712,0.6034557235421166
1466,2183,3649,0.6715529088410445
1424,2192,3616,0.6496350364963503
1655,2383,4038,0.6945027276542174
1564,2228,3792,0.7019748653500898
1471,2200,3671,0.6686363636363636
1423,2432,3855,0.5851151315789473
1481,2200,3681,0.6731818181818182
1645,2371,4016,0.6938000843525939
1596,2232,3828,0.7150537634408602
1577,2330,3907,0.6768240343347639
1573,2472,4045,0.636326860841424
1611,2469,4080,0.6524908869987849
1489,2571,4060,0.5791520809023726
982,1451,2433,0.6767746381805652
1575,2034,3609,0.7743362831858407
1507,2262,3769,0.6662245800176835
1427,2619,4046,0.5448644520809469
1492,2181,3673,0.6840898670334709
1491,2368,3859,0.6296452702702703
1542,2373,3915,0.649810366624526
1610,2354,3964,0.6839422259983008
1522,2403,3925,0.6333749479816896
1565,2490,4055,0.6285140562248996
1571,2345,3916,0.6699360341151386
1718,2215,3933,0.7756207674943567
1683,2386,4069,0.7053646269907795
1532,2198,3730,0.6969972702456779
1534,2244,3778,0.6836007130124777
1535,2506,4041,0.6125299281723863
1463,2210,3673,0.6619909502262443
1417,2165,3582,0.6545034642032332
1502,2264,3766,0.6634275618374559
1819,2253,4072,0.8073679538393254
1476,2266,3742,0.6513680494263019
1647,2401,4048,0.6859641815910037
1469,2294,3763,0.6403661726242371
1341,1844,3185,0.7272234273318872
1315,2001,3316,0.6571714142928535
1492,2344,3836,0.636518771331058
1462,2007,3469,0.7284504235176881
1359,2149,3508,0.6323871568171242
1467,2248,3715,0.6525800711743772
1620,2335,3955,0.6937901498929336
1377,1973,3350,0.6979219462747086
1466,2287,3753,0.6410144293834718
1675,2393,4068,0.6999582114500627
1681,1903,3584,0.883342091434577
1288,1986,3274,0.648539778449144
1705,2247,3952,0.7587894971072541
1692,2184,3876,0.7747252747252747
1617,2370,3987,0.6822784810126582
1626,1840,3466,0.883695652173913
1284,2264,3548,0.5671378091872792
2392,1285,3677,1.86147859922179
1322,1620,2942,0.8160493827160494
1307,1663,2970,0.7859290438965725
1425,2495,3920,0.5711422845691383
1457,2334,3791,0.6242502142245073
1237,1854,3091,0.6672060409924487
1409,2292,3701,0.6147469458987783
489,1662,2151,0.2942238267148014
946,2148,3094,0.4404096834264432
1115,1898,3013,0.5874604847207587
1319,2370,3689,0.5565400843881857
1478,2566,4044,0.5759937646141855
1285,2375,3660,0.5410526315789473
1417,2621,4038,0.5406333460511256
1433,2380,3813,0.6021008403361344
1374,2498,3872,0.5500400320256205
1488,2607,4095,0.570771001150748
1429,2662,4091,0.5368144252441773
1497,2535,4032,0.5905325443786982
1521,2507,4028,0.6067012365376945
1479,2594,4073,0.5701619121048573
1411,2529,3940,0.5579280347963622
1373,2374,3747,0.5783487784330245
1412,2372,3784,0.5952782462057336
733,1283,2016,0.5713172252533125
823,1620,2443,0.5080246913580246
860,1490,2350,0.5771812080536913
912,1494,2406,0.6104417670682731
918,1585,2503,0.579179810725552
767,1230,1997,0.6235772357723577
943,1631,2574,0.5781729000613121
969,1372,2341,0.706268221574344
1063,1662,2725,0.6395908543922985
1035,1511,2546,0.684976836532098
1010,1640,2650,0.6158536585365854
881,1568,2449,0.5618622448979592
938,1543,2481,0.6079066753078418
978,1639,2617,0.5967053081147041
925,1368,2293,0.6761695906432749
813,1263,2076,0.6437054631828979
658,1024,1682,0.642578125
800,1354,2154,0.5908419497784343
905,1509,2414,0.5997349237905898
983,1565,2548,0.6281150159744409
810,1251,2061,0.6474820143884892
970,1368,2338,0.7090643274853801
644,971,1615,0.6632337796086509
952,1489,2441,0.6393552719946273
884,1443,2327,0.6126126126126126
809,1527,2336,0.5297969875573019
782,1397,2179,0.5597709377236937
873,1552,2425,0.5625
666,1193,1859,0.5582564962279967
808,1457,2265,0.5545641729581332
873,1595,2468,0.5473354231974922
787,1290,2077,0.610077519379845
1050,1674,2724,0.6272401433691757
765,1313,2078,0.5826351865955827
984,1676,2660,0.5871121718377088
815,1469,2284,0.5547991831177672
898,1605,2503,0.5595015576323987
882,1482,2364,0.5951417004048583
995,1619,2614,0.6145768993205682
966,1394,2360,0.6929698708751794
1030,1514,2544,0.6803170409511229
1069,1696,2765,0.6303066037735849
943,1624,2567,0.5806650246305419
911,1512,2423,0.6025132275132276
881,1470,2351,0.5993197278911565
1013,1654,2667,0.6124546553808948
987,1622,2609,0.6085080147965475
605,1010,1615,0.599009900990099
791,1341,2132,0.5898583146905294
923,1560,2483,0.5916666666666667
883,1489,2372,0.5930154466084621
895,1610,2505,0.5559006211180124
1000,1594,2594,0.6273525721455459
1011,1633,2644,0.6191059399877527
1041,1616,2657,0.6441831683168316
829,1151,1980,0.7202432667245873
793,1405,2198,0.5644128113879003
716,1469,2185,0.4874063989108237
618,1267,1885,0.4877663772691397
800,1507,2307,0.53085600530856
839,1405,2244,0.5971530249110321
902,1633,2535,0.552357624004899
787,1264,2051,0.622626582278481
851,1566,2417,0.5434227330779055
1028,1793,2821,0.5733407696597881
974,1506,2480,0.646746347941567
704,1141,1845,0.6170026292725679
903,1495,2398,0.6040133779264214
1036,1693,2729,0.61193148257531
754,1195,1949,0.6309623430962343
811,1415,2226,0.5731448763250884
711,1355,2066,0.5247232472324723
793,1317,2110,0.6021260440394837
853,1602,2455,0.5324594257178527
803,1422,2225,0.5646976090014064
758,1034,1792,0.7330754352030948
719,1238,1957,0.5807754442649434
844,1526,2370,0.5530799475753604
782,1225,2007,0.6383673469387755
994,1573,2567,0.6319135410044501
896,1570,2466,0.5707006369426751
831,1497,2328,0.5551102204408818
1020,1717,2737,0.594059405940594
1002,1307,2309,0.7666411629686305
912,1572,2484,0.5801526717557252
930,1707,2637,0.5448154657293497
934,1528,2462,0.6112565445026178
799,1222,2021,0.6538461538461539
854,1588,2442,0.5377833753148614
771,1392,2163,0.5538793103448276
990,1711,2701,0.5786090005844535
1009,1521,2530,0.663379355687048
899,1681,2580,0.5348007138607972
823,1667,2490,0.4937012597480504
808,1597,2405,0.5059486537257357
823,1493,2316,0.551239115874079
1012,1711,2723,0.5914669783752192
878,1520,2398,0.5776315789473684
902,1560,2462,0.5782051282051283
811,1342,2153,0.6043219076005961
763,1446,2209,0.5276625172890733
717,1658,2375,0.4324487334137515
847,1468,2315,0.5769754768392371
877,1512,2389,0.580026455026455
847,1543,2390,0.5489306545690213
876,1457,2333,0.6012354152367879
802,1476,2278,0.5433604336043361
797,1379,2176,0.5779550398839739
884,1470,2354,0.601360544217687
763,1217,1980,0.6269515201314708
853,1298,2151,0.6571648690292758
904,1642,2546,0.5505481120584653
1003,1610,2613,0.6229813664596273
962,1742,2704,0.5522388059701493
882,1353,2235,0.6518847006651884
769,1321,2090,0.5821347464042392
916,1600,2516,0.5725
762,1220,1982,0.6245901639344262
838,1512,2350,0.5542328042328042
870,1455,2325,0.5979381443298969
1011,1585,2596,0.6378548895899053
919,1665,2584,0.5519519519519519
835,1380,2215,0.605072463768116
945,1390,2335,0.6798561151079137
755,1342,2097,0.5625931445603577
858,1467,2325,0.5848670756646217
925,1416,2341,0.6532485875706214
857,1370,2227,0.6255474452554745
848,1308,2156,0.6483180428134556
901,1562,2463,0.5768245838668374
686,901,1587,0.7613762486126526
870,1525,2395,0.5704918032786885
875,1575,2450,0.5555555555555556
753,1199,1952,0.628023352793995
915,1465,2380,0.6245733788395904
808,1608,2416,0.5024875621890548
920,1724,2644,0.5336426914153132
900,1630,2530,0.5521472392638037
848,1427,2275,0.5942536790469517
939,1671,2610,0.5619389587073609
912,1622,2534,0.562268803945746
834,1471,2305,0.5669612508497621
826,1185,2011,0.6970464135021097
934,1392,2326,0.6709770114942529
1030,1602,2632,0.6429463171036205
996,1775,2771,0.5611267605633803
840,1656,2496,0.5072463768115942
996,1754,2750,0.5678449258836944
948,1619,2567,0.5855466337245213
889,1711,2600,0.5195791934541204
822,1573,2395,0.5225683407501589
635,867,1502,0.7324106113033448
756,1560,2316,0.4846153846153846
804,1293,2097,0.6218097447795824
752,1334,2086,0.5637181409295352
649,1091,1740,0.5948670944087993
818,1078,1896,0.7588126159554731
774,1318,2092,0.5872534142640364
744,1156,1900,0.643598615916955
884,1468,2352,0.6021798365122616
985,1549,2534,0.6358941252420917
951,1593,2544,0.5969868173258004
743,1458,2201,0.50960219478738
792,1723,2515,0.4596633778293674
807,1466,2273,0.5504774897680764
845,1382,2227,0.6114327062228654
824,1355,2179,0.6081180811808118
969,1650,2619,0.5872727272727273
882,1593,2475,0.5536723163841808
824,1296,2120,0.6358024691358025
882,1576,2458,0.5596446700507615
799,1570,2369,0.5089171974522293
816,1450,2266,0.5627586206896552
703,1424,2127,0.4936797752808989
725,1050,1775,0.6904761904761905
941,1698,2639,0.5541813898704359
971,1608,2579,0.6038557213930348
903,1467,2370,0.6155419222903885
884,1600,2484,0.5525
963,1782,2745,0.5404040404040404
822,1476,2298,0.556910569105691
847,1372,2219,0.6173469387755102
957,1397,2354,0.6850393700787402
1052,1557,2609,0.6756583172768144
914,1517,2431,0.6025049439683586
1007,1549,2556,0.6500968366688186
921,1573,2494,0.5855054036872218
923,1581,2504,0.5838077166350412
975,1647,2622,0.5919854280510018
819,1458,2277,0.5617283950617284
832,1552,2384,0.5360824742268041
713,1522,2235,0.4684625492772667
886,1439,2325,0.6157053509381515
818,1660,2478,0.4927710843373494
666,1523,2189,0.4372948128693368
746,1380,2126,0.5405797101449276
859,1596,2455,0.5382205513784462
1030,1632,2662,0.6311274509803921
953,1334,2287,0.7143928035982009
794,1365,2159,0.5816849816849817
930,1647,2577,0.5646630236794171
939,1596,2535,0.5883458646616542
967,1608,2575,0.6013681592039801
938,1504,2442,0.6236702127659575
827,1261,2088,0.6558287073750991
777,1406,2183,0.5526315789473685
889,1533,2422,0.5799086757990868
813,1343,2156,0.6053611317944899
756,1269,2025,0.5957446808510638
806,1367,2173,0.5896122896854425
922,1663,2585,0.5544197233914612
897,1752,2649,0.511986301369863
995,1730,2725,0.5751445086705202
881,1587,2468,0.5551354757403907
848,1596,2444,0.531328320802005
875,1632,2507,0.5361519607843137
762,1431,2193,0.5324947589098532
809,1482,2291,0.5458839406207827
952,1617,2569,0.5887445887445888
1000,1653,2653,0.6049606775559588
859,1566,2425,0.5485312899106003
927,1616,2543,0.5736386138613861
747,1196,1943,0.6245819397993311
618,1090,1708,0.5669724770642202
851,1330,2181,0.6398496240601503
800,1336,2136,0.5988023952095808
933,1768,2701,0.5277149321266968
848,1563,2411,0.5425463851567498
742,1437,2179,0.5163535142658316
769,1353,2122,0.5683665927568367
664,1174,1838,0.565587734241908
768,1094,1862,0.7020109689213894
790,1552,2342,0.509020618556701
856,1121,1977,0.7636039250669046
835,1594,2429,0.5238393977415308
966,1530,2496,0.6313725490196078
960,1405,2365,0.6832740213523132
816,1075,1891,0.7590697674418605
918,1386,2304,0.6623376623376623
713,1335,2048,0.5340823970037453
894,1580,2474,0.5658227848101266
967,1731,2698,0.5586366262276141
913,1639,2552,0.5570469798657718
907,1710,2617,0.5304093567251462
1025,1605,2630,0.6386292834890965
594,966,1560,0.6149068322981367
793,1372,2165,0.5779883381924198
925,1591,2516,0.5813953488372093
887,1433,2320,0.6189811584089323
711,1020,1731,0.6970588235294117
925,1561,2486,0.592568866111467
959,1560,2519,0.6147435897435898
531,951,1482,0.5583596214511041
621,1008,1629,0.6160714285714286
835,1652,2487,0.5054479418886199
944,1771,2715,0.5330321852060983
906,1592,2498,0.5690954773869347
870,1501,2371,0.5796135909393737
776,1116,1892,0.6953405017921147
859,1417,2276,0.6062103034580099
805,1480,2285,0.543918918918919
876,1551,2427,0.5647969052224371
1034,1699,2733,0.6085932901706886
753,1287,2040,0.585081585081585
918,1496,2414,0.6136363636363636
979,1526,2505,0.6415465268676278
974,1506,2480,0.646746347941567
748,1322,2070,0.5658093797276853
869,1670,2539,0.5203592814371257
694,1249,1943,0.55564451561249
904,1458,2362,0.6200274348422496
927,1560,2487,0.5942307692307692
741,1144,1885,0.6477272727272727
947,1548,2495,0.6117571059431525
734,1531,2265,0.4794252122795558
810,1401,2211,0.5781584582441114
918,1594,2512,0.5759096612296111
954,1517,2471,0.6288727752142387
893,1521,2414,0.5871137409598948
956,1702,2658,0.5616921269095182
835,1653,2488,0.5051421657592257
841,1627,2468,0.5169022741241549
834,1590,2424,0.5245283018867924
873,1444,2317,0.6045706371191135
879,1492,2371,0.589142091152815
641,1029,1670,0.6229348882410107
912,1418,2330,0.6431593794076164
793,1570,2363,0.5050955414012739
875,1627,2502,0.53779963122311
906,1583,2489,0.5723310170562224
852,1391,2243,0.612508986340762
1025,1595,2620,0.6426332288401254
706,1316,2022,0.5364741641337386
947,1529,2476,0.6193590582079791
792,1320,2112,0.6
951,1626,2577,0.584870848708487
735,1515,2250,0.4851485148514851
955,1596,2551,0.5983709273182958
1006,1577,2583,0.6379201014584654
838,1407,2245,0.595593461265103
766,1400,2166,0.5471428571428572
821,1398,2219,0.5872675250357654
976,1542,2518,0.6329442282749675
943,1554,2497,0.6068211068211068
801,1278,2079,0.6267605633802817
785,1360,2145,0.5772058823529411
961,1636,2597,0.5874083129584352
801,1381,2182,0.5800144822592325
800,1481,2281,0.5401755570560433
922,1483,2405,0.6217127444369521
905,1694,2599,0.5342384887839433
839,1362,2201,0.6160058737151248
1008,1736,2744,0.5806451612903226
1011,1573,2584,0.6427209154481882
765,1247,2012,0.6134723336006416
932,1387,2319,0.6719538572458543
780,1662,2442,0.4693140794223827
671,1225,1896,0.5477551020408163
950,1594,2544,0.5959849435382685
896,1554,2450,0.5765765765765766
958,1542,2500,0.6212710765239948
737,1204,1941,0.6121262458471761
957,1684,2641,0.5682897862232779
739,1209,1948,0.6112489660876758
776,1235,2011,0.6283400809716599
842,1384,2226,0.6083815028901735
987,1669,2656,0.591372079089275
890,1454,2344,0.6121045392022009
898,1524,2422,0.589238845144357
903,1497,2400,0.6032064128256514
864,1534,2398,0.5632333767926988
812,1439,2251,0.5642807505211953
870,1568,2438,0.5548469387755102
799,1253,2052,0.6376695929768555
776,1275,2051,0.6086274509803922
817,1335,2152,0.6119850187265917
525,895,1420,0.5865921787709497
833,1461,2294,0.5701574264202601
956,1634,2590,0.5850673194614443
1070,1552,2622,0.6894329896907216
794,1318,2112,0.6024279210925645
830,1560,2390,0.532051282051282
825,1338,2163,0.6165919282511211
899,1588,2487,0.5661209068010076
865,1494,2359,0.5789825970548862
830,1474,2304,0.5630936227951153
351,587,938,0.5979557069846678
760,1594,2354,0.4767879548306148
780,1272,2052,0.6132075471698113
938,1510,2448,0.6211920529801325
718,1069,1787,0.6716557530402245
725,1321,2046,0.5488266464799394
903,1564,2467,0.5773657289002557
844,1652,2496,0.5108958837772397
931,1450,2381,0.6420689655172414
712,1224,1936,0.5816993464052288
864,1540,2404,0.561038961038961
929,1608,2537,0.5777363184079602
814,1446,2260,0.5629322268326418
970,1487,2457,0.652320107599193
744,1130,1874,0.6584070796460177
864,1551,2415,0.5570599613152805
868,1484,2352,0.5849056603773585
787,1055,1842,0.7459715639810427
881,1511,2392,0.5830575777630708
946,1434,2380,0.6596931659693166
937,1489,2426,0.6292813969106783
986,1650,2636,0.5975757575757575
914,1429,2343,0.6396081175647306
600,1094,1694,0.5484460694698354
760,1442,2202,0.5270457697642164
665,1149,1814,0.5787641427328112
981,1679,2660,0.5842763549731983
988,1662,2650,0.5944645006016848
886,1365,2251,0.6490842490842491
942,1570,2512,0.6
818,1526,2344,0.5360419397116645
894,1707,2601,0.523725834797891
813,1434,2247,0.5669456066945606
881,1679,2560,0.5247170935080405
678,1238,1916,0.5476575121163166
892,1646,2538,0.5419198055893074
827,1677,2504,0.4931425163983303
747,1297,2044,0.5759444872783346
751,1306,2057,0.5750382848392037
955,1666,2621,0.5732292917166867
706,1377,2083,0.5127087872185911
933,1691,2624,0.5517445298639858
702,1425,2127,0.4926315789473684
837,1512,2349,0.5535714285714286
885,1598,2483,0.5538172715894869
726,1185,1911,0.6126582278481013
497,958,1455,0.5187891440501043
900,1522,2422,0.5913272010512484
870,1547,2417,0.5623787976729153
997,1560,2557,0.639102564102564
888,1419,2307,0.6257928118393234
788,1324,2112,0.595166163141994
876,1437,2313,0.6096033402922756
1039,1668,2707,0.6229016786570744
1072,1644,2716,0.6520681265206812
844,1488,2332,0.5672043010752689
835,1514,2349,0.5515191545574637
793,1356,2149,0.5848082595870207
852,1485,2337,0.5737373737373738
648,1288,1936,0.5031055900621118
818,1476,2294,0.55420054200542
922,1654,2576,0.5574365175332527
954,1459,2413,0.6538725154215216
979,1672,2651,0.5855263157894737
906,1424,2330,0.6362359550561798
963,1789,2752,0.5382895472330911
823,1478,2301,0.5568335588633289
998,1598,2596,0.6245306633291614
784,1196,1980,0.6555183946488294
956,1602,2558,0.5967540574282147
853,1547,2400,0.5513897866839044
819,1486,2305,0.5511440107671601
880,1608,2488,0.5472636815920398
825,1465,2290,0.5631399317406144
1039,1748,2787,0.5943935926773455
882,1456,2338,0.6057692307692307
925,1501,2426,0.6162558294470353
733,1186,1919,0.6180438448566611
894,1554,2448,0.5752895752895753
856,1378,2234,0.6211901306240929
620,1220,1840,0.5081967213114754
937,1691,2628,0.5541099940863394
821,1494,2315,0.5495314591700133
797,1385,2182,0.5754512635379061
793,1309,2102,0.6058059587471352
709,1212,1921,0.584983498349835
858,1423,2281,0.6029515108924807
799,1615,2414,0.4947368421052631
844,1562,2406,0.5403329065300896
689,1392,2081,0.4949712643678161
895,1499,2394,0.5970647098065377
848,1591,2439,0.5329981143934632
687,1136,1823,0.6047535211267606
814,1503,2317,0.541583499667332
503,902,1405,0.5576496674057649
947,1707,2654,0.5547744581136497
829,1145,1974,0.7240174672489083
883,1433,2316,0.6161898115840894
1128,2187,3315,0.5157750342935528
589,1128,1717,0.5221631205673759
571,892,1463,0.6401345291479821
827,1428,2255,0.5791316526610645
805,1555,2360,0.5176848874598071
734,1286,2020,0.5707620528771384
854,1584,2438,0.5391414141414141
862,1583,2445,0.5445356917245736
845,1458,2303,0.5795610425240055
960,1653,2613,0.5807622504537205
978,1587,2565,0.6162570888468809
947,1534,2481,0.6173402868318123
875,1432,2307,0.6110335195530726
698,1166,1864,0.5986277873070326
808,1553,2361,0.5202833226014166
810,1299,2109,0.6235565819861432
922,1481,2403,0.6225523295070898
855,1486,2341,0.5753701211305519
931,1577,2508,0.5903614457831325
747,1326,2073,0.5633484162895928
880,1489,2369,0.5910006715916722
876,1345,2221,0.6513011152416357
838,1242,2080,0.6747181964573269
790,1385,2175,0.5703971119133574
950,1592,2542,0.5967336683417085
1037,1730,2767,0.599421965317919
756,1594,2350,0.4742785445420326
787,1642,2429,0.479293544457978
751,1718,2469,0.4371362048894063
719,1232,1951,0.5836038961038961
658,1303,1961,0.5049884881043745
882,1560,2442,0.5653846153846154
851,1365,2216,0.6234432234432234
798,1501,2299,0.5316455696202531
841,1649,2490,0.5100060642813826
652,1275,1927,0.5113725490196078
867,1585,2452,0.5470031545741325
817,1591,2408,0.5135135135135135
840,1484,2324,0.5660377358490566
820,1562,2382,0.5249679897567221
885,1185,2070,0.7468354430379747
955,1456,2411,0.6559065934065934
945,1448,2393,0.6526243093922652
860,1471,2331,0.5846363018354861
800,1190,1990,0.6722689075630253
764,1598,2362,0.4780976220275344
866,1333,2199,0.6496624156039009
915,1555,2470,0.5884244372990354
743,1319,2062,0.5633055344958302
938,1533,2471,0.6118721461187214
1000,1690,2690,0.591715976331361
955,1555,2510,0.6141479099678456
691,1133,1824,0.6098852603706972
602,866,1468,0.6951501154734411
1036,1531,2567,0.6766819072501633
849,1179,2028,0.7201017811704835
860,1399,2259,0.6147248034310222
832,1177,2009,0.7068819031435853
862,1314,2176,0.6560121765601218
723,1457,2180,0.4962251201098147
894,1659,2553,0.538878842676311
681,1281,1962,0.531615925058548
814,1464,2278,0.5560109289617486
981,1531,2512,0.6407576747224036
792,1366,2158,0.5797950219619327
990,1544,2534,0.6411917098445595
696,1119,1815,0.6219839142091153
678,883,1561,0.7678369195922989
916,1672,2588,0.5478468899521531
917,1553,2470,0.5904700579523503
802,1486,2288,0.5397039030955586
755,1420,2175,0.5316901408450704
956,1391,2347,0.6872753414809489
839,1636,2475,0.5128361858190709
768,1491,2259,0.5150905432595574
820,1588,2408,0.5163727959697733
1054,1753,2807,0.6012549914432401
729,1406,2135,0.5184921763869133
825,1478,2303,0.5581867388362652
736,1320,2056,0.5575757575757576
768,1413,2181,0.5435244161358811
702,1352,2054,0.5192307692307693
805,1324,2129,0.6080060422960725
863,1624,2487,0.5314039408866995
769,1190,1959,0.646218487394958
673,1283,1956,0.524551831644583
1007,1635,2642,0.6159021406727829
813,1208,2021,0.6730132450331126
922,1714,2636,0.5379229871645275
898,1553,2451,0.5782356728911784
1014,1596,2610,0.6353383458646616
758,1445,2203,0.524567474048443
907,1426,2333,0.6360448807854138
913,1576,2489,0.5793147208121827
965,1485,2450,0.6498316498316499
945,1525,2470,0.6196721311475409
832,1714,2546,0.485414235705951
731,1230,1961,0.5943089430894309
887,1471,2358,0.6029911624745071
874,1591,2465,0.5493400377121307
884,1508,2392,0.5862068965517241
838,1385,2223,0.6050541516245488
913,1521,2434,0.6002629848783695
859,1431,2290,0.6002795248078266
908,1445,2353,0.6283737024221453
757,1362,2119,0.5558002936857562
934,1511,2445,0.6181336863004633
1063,1824,2887,0.5827850877192983
573,1059,1632,0.5410764872521246
846,1159,2005,0.7299396031061259
935,1744,2679,0.5361238532110092
688,1232,1920,0.5584415584415584
830,1284,2114,0.6464174454828661
841,1469,2310,0.572498298162015
600,1082,1682,0.5545286506469501
831,1556,2387,0.5340616966580977
758,1232,1990,0.6152597402597403
843,1596,2439,0.5281954887218046
692,1285,1977,0.5385214007782101
778,1387,2165,0.5609228550829127
788,1408,2196,0.5596590909090909
791,1373,2164,0.5761107064821559
754,1502,2256,0.5019973368841545
845,1439,2284,0.5872133425990271
780,1581,2361,0.493358633776091
870,1431,2301,0.6079664570230608
950,1510,2460,0.6291390728476821
751,1289,2040,0.582622187742436
683,1382,2065,0.4942112879884225
911,1749,2660,0.5208690680388793
828,1494,2322,0.5542168674698795
904,1585,2489,0.5703470031545741
914,1321,2235,0.691900075700227
724,1389,2113,0.5212383009359252
785,1559,2344,0.5035279025016036
620,1047,1667,0.5921680993314231
706,1410,2116,0.500709219858156
833,1369,2202,0.6084733382030679
629,591,1220,1.0642978003384094
768,1497,2265,0.5130260521042084
850,1703,2553,0.4991192014092777
673,1297,1970,0.5188897455666923
781,1474,2255,0.5298507462686567
971,1739,2710,0.5583668775158137
931,1623,2554,0.5736290819470117
872,1432,2304,0.6089385474860335
507,1041,1548,0.4870317002881844
879,1587,2466,0.553875236294896
606,985,1591,0.6152284263959391
819,1167,1986,0.7017994858611826
893,1680,2573,0.531547619047619
841,1724,2565,0.4878190255220417
849,1622,2471,0.5234278668310728
815,1475,2290,0.5525423728813559
868,1440,2308,0.6027777777777777
1061,1638,2699,0.6477411477411478
910,1482,2392,0.6140350877192983
877,1430,2307,0.6132867132867132
903,1313,2216,0.6877380045696877
948,1561,2509,0.6073030108904548
750,1097,1847,0.6836827711941659
924,1485,2409,0.6222222222222222
780,1370,2150,0.5693430656934306
824,1382,2206,0.5962373371924746
785,1428,2213,0.5497198879551821
695,1253,1948,0.5546687948922586
864,1626,2490,0.5313653136531366
899,1673,2572,0.5373580394500896
950,1526,2476,0.6225425950196593
830,1479,2309,0.5611899932386748
841,1294,2135,0.6499227202472952
887,1528,2415,0.5804973821989529
842,1391,2233,0.6053199137311287
857,1397,2254,0.6134574087329993
804,1534,2338,0.5241199478487614
876,1427,2303,0.613875262789068
1001,1989,2990,0.5032679738562091
1010,1711,2721,0.5902980713033313
874,1546,2420,0.5653298835705045
746,1072,1818,0.6958955223880597
825,1298,2123,0.635593220338983
1009,1631,2640,0.618638871857756
813,1302,2115,0.6244239631336406
915,1446,2361,0.6327800829875518
982,1477,2459,0.6648612051455653
920,1632,2552,0.5637254901960784
929,1445,2374,0.6429065743944636
942,1625,2567,0.5796923076923077
773,1430,2203,0.5405594405594406
665,832,1497,0.7992788461538461
803,1373,2176,0.5848506919155134
663,969,1632,0.6842105263157895
931,1463,2394,0.6363636363636364
874,1329,2203,0.6576373212942062
909,1578,2487,0.5760456273764258
955,1576,2531,0.6059644670050761
818,1528,2346,0.5353403141361257
846,1341,2187,0.6308724832214765
800,1369,2169,0.5843681519357194
932,1659,2591,0.5617842073538276
917,1660,2577,0.5524096385542169
1022,1637,2659,0.6243127672571778
845,1630,2475,0.5184049079754601
631,1251,1882,0.504396482813749
864,1628,2492,0.5307125307125307
604,1061,1665,0.5692742695570217
612,1004,1616,0.6095617529880478
796,1401,2197,0.5681655960028551
849,1677,2526,0.5062611806797853
618,1017,1635,0.6076696165191741
734,1433,2167,0.5122121423586881
744,1392,2136,0.5344827586206896
808,1524,2332,0.5301837270341208
630,1341,1971,0.4697986577181208
612,1161,1773,0.5271317829457365
810,1604,2414,0.5049875311720698
852,1504,2356,0.5664893617021277
796,1222,2018,0.6513911620294599
751,1242,1993,0.604669887278583
855,1508,2363,0.5669761273209549
856,1389,2245,0.6162706983441325
1009,1691,2700,0.5966883500887049
759,1286,2045,0.5902021772939346
823,1501,2324,0.5483011325782812
912,1511,2423,0.6035737921906023
843,1599,2442,0.5272045028142589
1023,1521,2544,0.6725838264299803
1008,1472,2480,0.6847826086956522
884,1471,2355,0.600951733514616
979,1778,2757,0.5506186726659168
559,807,1366,0.6926889714993805
783,1462,2245,0.5355677154582763
737,1256,1993,0.5867834394904459
1039,1612,2651,0.6445409429280397
938,1510,2448,0.6211920529801325
851,1433,2284,0.5938590369853455
999,1707,2706,0.5852372583479789
940,1661,2601,0.5659241420830825
608,1056,1664,0.5757575757575758
698,1248,1946,0.5592948717948718
870,1464,2334,0.5942622950819673
716,1127,1843,0.6353149955634427
1014,1423,2437,0.7125790583274771
515,933,1448,0.5519828510182208
877,1512,2389,0.580026455026455
1030,1593,2623,0.6465787821720025
715,1067,1782,0.6701030927835051
775,1424,2199,0.5442415730337079
747,1220,1967,0.6122950819672132
834,1621,2455,0.5144972239358421
950,1576,2526,0.6027918781725888
882,1564,2446,0.5639386189258312
985,1746,2731,0.5641466208476518
939,1685,2624,0.5572700296735905
929,1513,2442,0.6140118968935889
751,1246,1997,0.6027287319422151
764,1302,2066,0.5867895545314901
923,1622,2545,0.5690505548705302
662,1101,1763,0.6012715712988193
869,1681,2550,0.5169541939321832
824,1547,2371,0.5326438267614738
615,796,1411,0.7726130653266332
817,1536,2353,0.5319010416666666
762,1470,2232,0.5183673469387755
920,1424,2344,0.6460674157303371
876,1555,2431,0.5633440514469453
844,1579,2423,0.5345155161494617
611,1147,1758,0.5326939843068875
823,1430,2253,0.5755244755244755
929,1671,2600,0.5559545182525434
834,1561,2395,0.5342729019859065
593,1179,1772,0.5029686174724343
686,1122,1808,0.6114081996434938
683,1195,1878,0.5715481171548117
840,1331,2171,0.6311044327573253
853,1444,2297,0.5907202216066482
890,1421,2311,0.6263194933145672
703,1288,1991,0.5458074534161491
710,1228,1938,0.5781758957654723
742,1279,2021,0.5801407349491791
809,1326,2135,0.610105580693816
666,1171,1837,0.5687446626814688
772,1229,2001,0.628152969894223
731,1154,1885,0.6334488734835355
687,1132,1819,0.6068904593639576
902,1612,2514,0.5595533498759305
886,1368,2254,0.6476608187134503
908,1549,2457,0.5861846352485475
787,1394,2181,0.5645624103299857
891,1388,2279,0.6419308357348703
690,1109,1799,0.6221821460775473
978,1485,2463,0.6585858585858586
925,1424,2349,0.6495786516853933
628,1371,1999,0.4580598103574033
952,1469,2421,0.6480599046970729
893,1379,2272,0.6475707034082668
850,1331,2181,0.6386175807663411
811,1356,2167,0.5980825958702065
850,1551,2401,0.5480335267569311
457,821,1278,0.5566382460414129
860,1490,2350,0.5771812080536913
897,1618,2515,0.5543881334981459
836,1635,2471,0.5113149847094801
854,1509,2363,0.5659377070907886
1007,1529,2536,0.658600392413342
622,740,1362,0.8405405405405405
836,1551,2387,0.5390070921985816
784,1529,2313,0.512753433616743
851,1338,2189,0.6360239162929746
947,1503,2450,0.6300731869594145
712,1229,1941,0.5793327908868999
565,1103,1668,0.5122393472348141
840,1204,2044,0.6976744186046512
780,1541,2321,0.5061648280337443
796,1426,2222,0.5582047685834503
873,1172,2045,0.7448805460750854
667,1184,1851,0.5633445945945946
965,1503,2468,0.6420492348636061
840,1729,2569,0.48582995951417
849,1180,2029,0.7194915254237289
742,1310,2052,0.566412213740458
846,1586,2432,0.5334174022698613
723,1452,2175,0.4979338842975206
809,1608,2417,0.5031094527363185
922,1398,2320,0.6595135908440629
744,1357,2101,0.548268238761975
809,1500,2309,0.5393333333333333
693,1047,1740,0.66189111747851
893,1607,2500,0.5556938394523958
719,1208,1927,0.5951986754966887
810,1428,2238,0.5672268907563025
998,1633,2631,0.6111451316595223
720,1573,2293,0.4577240940877304
763,1389,2152,0.5493160547156227
819,1391,2210,0.5887850467289719
787,1518,2305,0.5184453227931489
980,1695,2675,0.5781710914454278
873,1650,2523,0.5290909090909091
991,1628,2619,0.6087223587223587
887,1619,2506,0.5478690549722051
850,1611,2461,0.5276225946617008
813,1330,2143,0.6112781954887218
938,1489,2427,0.6299529885829416
874,1272,2146,0.6871069182389937
817,1263,2080,0.6468725257323832
946,1536,2482,0.6158854166666666
828,1401,2229,0.5910064239828694
868,1348,2216,0.6439169139465876
858,1548,2406,0.5542635658914729
774,1485,2259,0.5212121212121212
830,1396,2226,0.5945558739255015
824,1526,2350,0.5399737876802096
770,856,1626,0.8995327102803738
1032,1505,2537,0.6857142857142857
949,1513,2462,0.627230667547918
800,1246,2046,0.6420545746388443
741,1180,1921,0.6279661016949153
889,1516,2405,0.5864116094986808
993,1632,2625,0.6084558823529411
848,1580,2428,0.5367088607594936
876,1372,2248,0.6384839650145773
339,510,849,0.6647058823529411
912,1623,2535,0.5619223659889094
768,1354,2122,0.5672082717872969
833,1474,2307,0.5651289009497965
907,1443,2350,0.6285516285516286
825,1408,2233,0.5859375
892,1619,2511,0.5509573810994441
988,1545,2533,0.6394822006472491
686,1143,1829,0.600174978127734
1008,1676,2684,0.6014319809069213
951,1604,2555,0.5928927680798005
1035,1675,2710,0.6179104477611941
916,1459,2375,0.6278272789581906
855,1548,2403,0.5523255813953488
901,1184,2085,0.7609797297297297
928,1435,2363,0.6466898954703832
821,1411,2232,0.5818568391211907
864,1417,2281,0.6097388849682428
573,939,1512,0.610223642172524
765,1112,1877,0.6879496402877698
702,1284,1986,0.5467289719626168
902,1663,2565,0.5423932651834035
922,1423,2345,0.6479269149683766
803,1462,2265,0.5492476060191519
791,1182,1973,0.6692047377326565
1034,1616,2650,0.6398514851485149
1005,1646,2651,0.6105710814094775
907,1430,2337,0.6342657342657343
891,1575,2466,0.5657142857142857
877,1622,2499,0.5406905055487053
897,1562,2459,0.5742637644046095
675,1100,1775,0.6136363636363636
912,1634,2546,0.5581395348837209
647,1012,1659,0.6393280632411067
861,1484,2345,0.5801886792452831
1000,1508,2508,0.6631299734748011
925,1412,2337,0.6550991501416431
767,1394,2161,0.5502152080344332
886,1597,2483,0.5547902316844082
998,1662,2660,0.6004813477737665
902,1616,2518,0.5581683168316832
591,985,1576,0.6
877,1541,2418,0.5691109669046074
783,1557,2340,0.5028901734104047
868,1438,2306,0.6036161335187761
840,1499,2339,0.5603735823882589
876,1512,2388,0.5793650793650794
898,1419,2317,0.6328400281888654
909,1655,2564,0.5492447129909366
857,1442,2299,0.5943134535367545
870,1478,2348,0.5886332882273342
801,1425,2226,0.5621052631578948
789,1345,2134,0.5866171003717472
665,1263,1928,0.5265241488519399
896,1607,2503,0.5575606720597387
863,1538,2401,0.5611183355006502
802,1475,2277,0.543728813559322
740,1132,1872,0.6537102473498233
848,1187,2035,0.7144060657118787
879,1287,2166,0.682983682983683
812,1355,2167,0.5992619926199262
843,1453,2296,0.5801789401238816
866,1076,1942,0.8048327137546468
886,1467,2353,0.6039536468984322
896,1415,2311,0.6332155477031802
899,1575,2474,0.5707936507936507
803,1289,2092,0.6229635376260667
759,1395,2154,0.5440860215053763
934,1446,2380,0.6459197786998617
887,1481,2368,0.5989196488858879
740,1386,2126,0.5339105339105339
825,1535,2360,0.5374592833876222
830,1404,2234,0.5911680911680912
882,1304,2186,0.6763803680981595
941,1469,2410,0.640571817562968
849,1169,2018,0.7262617621899059
788,1429,2217,0.5514345696291113
825,1443,2268,0.5717255717255717
909,1376,2285,0.6606104651162791
877,1484,2361,0.5909703504043127
862,1413,2275,0.6100495399858458
807,1419,2226,0.5687103594080338
812,1337,2149,0.6073298429319371
876,1538,2414,0.5695708712613784
998,1790,2788,0.5575418994413408
923,1597,2520,0.577958672510958
950,1535,2485,0.6188925081433225
597,936,1533,0.6378205128205128
950,1639,2589,0.5796217205613179
1206,1760,2966,0.6852272727272727
1447,2633,4080,0.5495632358526396
1401,2672,4073,0.5243263473053892
1323,2736,4059,0.4835526315789473
1468,2432,3900,0.6036184210526315
1249,2597,3846,0.4809395456295726
1233,2835,4068,0.4349206349206349
1342,2661,4003,0.5043216835776024
1279,2579,3858,0.4959286545172547
1466,2618,4084,0.5599694423223835
1194,2761,3955,0.4324520101412532
1164,2463,3627,0.4725943970767357
1330,2739,4069,0.4855786783497627
1158,2350,3508,0.4927659574468085
1367,2648,4015,0.5162386706948641
1365,2516,3881,0.5425278219395866
1503,2578,4081,0.5830100853374709
1382,2557,3939,0.5404771216269065
1481,2498,3979,0.5928742994395516
1151,2524,3675,0.4560221870047543
1317,2425,3742,0.5430927835051547
1229,2671,3900,0.4601272931486335
1328,2554,3882,0.5199686765857479
1289,2697,3986,0.4779384501297738
1389,2425,3814,0.5727835051546392
1559,2509,4068,0.6213630928656836
1289,2611,3900,0.493680582152432
1298,2404,3702,0.5399334442595674
1385,2675,4060,0.5177570093457944
1446,2582,4028,0.5600309837335399
1394,2633,4027,0.5294341055829852
1470,2614,4084,0.5623565416985463
1541,2536,4077,0.6076498422712934
945,1584,2529,0.5965909090909091
1482,2361,3843,0.627700127064803
1546,2497,4043,0.619142971565879
1355,2150,3505,0.6302325581395349
5,6,11,0.8333333333333334
981,1814,2795,0.5407938257993384
1076,1718,2794,0.6263096623981373
1024,1693,2717,0.6048434731246308
883,1497,2380,0.5898463593854375
824,1459,2283,0.564770390678547
813,1365,2178,0.5956043956043956
970,1625,2595,0.5969230769230769
992,1754,2746,0.5655644241733181
987,1537,2524,0.6421600520494469
814,1403,2217,0.5801853171774768
924,1585,2509,0.5829652996845426
871,1451,2322,0.600275671950379
1053,1727,2780,0.6097278517660684
850,1373,2223,0.6190823015294975
972,1648,2620,0.5898058252427184
995,1610,2605,0.6180124223602484
1043,1628,2671,0.6406633906633906
904,1373,2277,0.6584122359796067
1086,1600,2686,0.67875
1006,1527,2533,0.6588081204977079
1133,1665,2798,0.6804804804804805
1012,1528,2540,0.662303664921466
992,1541,2533,0.6437378325762492
1041,1608,2649,0.6473880597014925
947,1503,2450,0.6300731869594145
947,1478,2425,0.6407307171853857
1046,1654,2700,0.6324062877871826
977,1625,2602,0.6012307692307692
887,1447,2334,0.612992398064962
922,1442,2364,0.6393897364771152
976,1479,2455,0.6599053414469236
902,1449,2351,0.6224982746721878
1096,1604,2700,0.683291770573566
941,1455,2396,0.6467353951890035
866,1267,2133,0.6835043409629045
871,1371,2242,0.6353026987600292
892,1473,2365,0.6055668703326544
965,1578,2543,0.6115335868187579
924,1516,2440,0.6094986807387863
969,1608,2577,0.6026119402985075
894,1537,2431,0.5816525699414443
912,1454,2366,0.6272352132049519
924,1533,2457,0.6027397260273972
892,1530,2422,0.5830065359477125
906,1510,2416,0.6
819,1398,2217,0.5858369098712446
1034,1323,2357,0.781557067271353
941,1515,2456,0.6211221122112212
871,1211,2082,0.7192402972749794
880,1401,2281,0.6281227694503926
928,1523,2451,0.6093237032173342
1047,1635,2682,0.6403669724770642
992,1632,2624,0.6078431372549019
977,1696,2673,0.5760613207547169
692,1285,1977,0.5385214007782101
970,1593,2563,0.6089139987445072
898,1614,2512,0.5563816604708798
1053,1707,2760,0.616871704745167
871,1339,2210,0.6504854368932039
856,1411,2267,0.6066619418851878
962,1559,2521,0.6170622193713919
1001,1467,2468,0.6823449216087253
946,1485,2431,0.6370370370370371
1064,1637,2701,0.6499694563225412
968,1592,2560,0.6080402010050251
950,1480,2430,0.6418918918918919
1001,1575,2576,0.6355555555555555
937,1383,2320,0.6775126536514823
979,1504,2483,0.6509308510638298
974,1609,2583,0.6053449347420758
1028,1640,2668,0.6268292682926829
878,1520,2398,0.5776315789473684
981,1628,2609,0.6025798525798526
965,1455,2420,0.6632302405498282
892,1374,2266,0.6491994177583698
1083,1663,2746,0.6512327119663259
862,1294,2156,0.6661514683153014
1018,1513,2531,0.6728354263053536
1022,1565,2587,0.6530351437699681
915,1485,2400,0.6161616161616161
1128,1556,2684,0.7249357326478149
1081,1460,2541,0.7404109589041096
1000,1555,2555,0.6430868167202572
806,1240,2046,0.65
952,1629,2581,0.5844076120319214
1041,1594,2635,0.6530740276035132
937,1460,2397,0.6417808219178082
1116,1795,2911,0.6217270194986072
1022,1549,2571,0.6597805035506779
972,1505,2477,0.6458471760797342
961,1428,2389,0.6729691876750701
1075,1610,2685,0.6677018633540373
1019,1597,2616,0.6380713838447089
1036,1556,2592,0.6658097686375322
1158,1672,2830,0.6925837320574163
966,1447,2413,0.6675881133379405
1074,1398,2472,0.7682403433476395
985,1561,2546,0.6310057655349135
905,1521,2426,0.5950032873109796
1173,1717,2890,0.6831683168316832
1007,1571,2578,0.6409929980903882
955,1546,2501,0.6177231565329884
967,1599,2566,0.6047529706066291
1038,1559,2597,0.6658114175753689
886,1351,2237,0.6558105107327905
997,1519,2516,0.6563528637261357
884,1437,2321,0.6151704940848991
906,1397,2303,0.6485325697924124
1013,1524,2537,0.6646981627296588
1004,1521,2525,0.6600920447074293
989,1674,2663,0.5908004778972521
1128,1843,2971,0.6120455778621813
999,1570,2569,0.6363057324840764
982,1582,2564,0.6207332490518331
1044,1610,2654,0.6484472049689441
874,1388,2262,0.6296829971181557
1009,1678,2687,0.6013110846245531
1027,1628,2655,0.6308353808353808
1020,1549,2569,0.65848934796643
947,1439,2386,0.6580958999305073
965,1141,2106,0.845749342681858
1040,1342,2382,0.7749627421758569
1146,1729,2875,0.6628108733371891
917,1546,2463,0.593143596377749
1091,1557,2648,0.7007064868336544
1026,1579,2605,0.6497783407219759
1035,1496,2531,0.6918449197860963
1027,1501,2528,0.6842105263157895
1016,1546,2562,0.6571798188874515
876,1395,2271,0.6279569892473118
877,1478,2355,0.5933694181326117
1048,1647,2695,0.6363084395871281
1040,1584,2624,0.6565656565656566
913,1463,2376,0.6240601503759399
991,1650,2641,0.6006060606060606
875,1388,2263,0.6304034582132565
982,1542,2524,0.6368352788586251
995,1582,2577,0.6289506953223767
1013,1559,2572,0.6497754971135343
1010,1690,2700,0.5976331360946746
969,1583,2552,0.6121288692356286
955,1554,2509,0.6145431145431145
1009,1611,2620,0.6263190564866542
962,1428,2390,0.6736694677871149
1102,1827,2929,0.6031746031746031
933,1603,2536,0.5820336868371803
1050,1641,2691,0.6398537477148081
1018,1636,2654,0.6222493887530562
893,1306,2199,0.6837672281776417
1012,1576,2588,0.6421319796954315
1012,1641,2653,0.6166971358927483
976,1654,2630,0.5900846432889963
878,1463,2341,0.6001367053998633
878,1331,2209,0.6596543951915853
962,1461,2423,0.6584531143052703
909,1442,2351,0.630374479889043
870,1351,2221,0.6439674315321984
899,1342,2241,0.6698956780923994
929,1608,2537,0.5777363184079602
1009,1543,2552,0.6539209332469216
899,1413,2312,0.6362349610757254
1059,1635,2694,0.6477064220183486
972,1615,2587,0.6018575851393189
1029,1630,2659,0.6312883435582822
1093,1690,2783,0.6467455621301775
1040,1661,2701,0.6261288380493678
909,1468,2377,0.6192098092643051
866,1524,2390,0.568241469816273
982,1508,2490,0.6511936339522546
865,1383,2248,0.6254519161243673
941,1478,2419,0.6366711772665764
962,1495,2457,0.6434782608695652
1054,1539,2593,0.6848602988953866
1011,1514,2525,0.6677675033025099
1043,1602,2645,0.6510611735330837
1080,1609,2689,0.6712243629583592
960,1581,2541,0.6072106261859582
914,1341,2255,0.6815809097688292
945,1470,2415,0.6428571428571429
959,1653,2612,0.5801572897761645
888,1345,2233,0.6602230483271375
895,1478,2373,0.6055480378890392
928,1471,2399,0.6308633582596873
1001,1620,2621,0.6179012345679012
1038,1564,2602,0.6636828644501279
1004,1576,2580,0.6370558375634517
968,1464,2432,0.6612021857923497
985,1573,2558,0.6261919898283534
1020,1454,2474,0.7015130674002751
1047,1483,2530,0.706001348617667
873,1483,2356,0.588671611598112
1048,1728,2776,0.6064814814814815
914,1563,2477,0.5847728726807422
937,1584,2521,0.5915404040404041
968,1660,2628,0.5831325301204819
985,1616,2601,0.6095297029702971
940,1546,2486,0.6080206985769728
916,1604,2520,0.571072319201995
771,1209,1980,0.6377171215880894
1056,1552,2608,0.6804123711340206
610,1056,1666,0.5776515151515151
825,1458,2283,0.565843621399177
940,1532,2472,0.6135770234986945
810,1409,2219,0.5748757984386089
954,1703,2657,0.5601879036993541
956,1611,2567,0.5934202358783365
925,1556,2481,0.5944730077120822
1020,1591,2611,0.6411062225015713
956,1572,2528,0.6081424936386769
922,1534,2456,0.6010430247718384
993,1232,2225,0.8060064935064936
920,1528,2448,0.6020942408376964
978,1567,2545,0.624122527121889
1030,1662,2692,0.6197352587244284
925,1561,2486,0.592568866111467
963,1585,2548,0.6075709779179811
992,1578,2570,0.6286438529784537
1100,1739,2839,0.6325474410580794
1024,1539,2563,0.6653671215074723
894,1372,2266,0.6516034985422741
1071,1708,2779,0.6270491803278688
1017,1652,2669,0.6156174334140436
992,1595,2587,0.6219435736677116
961,1618,2579,0.5939431396786156
1022,1788,2810,0.5715883668903803
1013,1670,2683,0.6065868263473054
1157,1751,2908,0.6607652769845802
1027,1594,2621,0.6442910915934755
961,1511,2472,0.6360026472534746
1030,1686,2716,0.6109134045077106
836,1446,2282,0.5781466113416321
904,1587,2491,0.569628229363579
855,1409,2264,0.6068133427963094
1052,1696,2748,0.6202830188679245
933,1564,2497,0.5965473145780051
1053,1603,2656,0.6568933250155957
952,1603,2555,0.5938864628820961
833,1254,2087,0.664274322169059
1042,1711,2753,0.609000584453536
1002,1625,2627,0.6166153846153846
960,1655,2615,0.5800604229607251
923,1449,2372,0.6369910282953761
932,1468,2400,0.6348773841961853
1099,1729,2828,0.6356275303643725
928,1433,2361,0.6475924633635729
1006,1569,2575,0.6411727214786488
1004,1553,2557,0.6464906632324533
1069,1590,2659,0.6723270440251572
1047,1536,2583,0.681640625
1092,1567,2659,0.6968730057434588
1114,1611,2725,0.691495965238982
1030,1499,2529,0.6871247498332221
1047,1514,2561,0.691545574636724
854,1500,2354,0.5693333333333334
1025,1688,2713,0.6072274881516587
1050,1557,2607,0.674373795761079
1071,1567,2638,0.6834716017868538
995,1569,2564,0.6341618865519439
1097,1611,2708,0.680943513345748
1131,1545,2676,0.7320388349514563
997,1538,2535,0.6482444733420026
1188,1695,2883,0.7008849557522124
1074,1648,2722,0.6516990291262136
989,1432,2421,0.6906424581005587
1013,1632,2645,0.6207107843137255
1049,1698,2747,0.6177856301531213
844,1385,2229,0.6093862815884477
952,1550,2502,0.6141935483870967
991,1576,2567,0.6288071065989848
981,1622,2603,0.6048088779284834
893,1379,2272,0.6475707034082668
1021,1523,2544,0.670387393302692
992,1513,2505,0.6556510244547257
1082,1706,2788,0.634232121922626
1008,1575,2583,0.64
976,1515,2491,0.6442244224422442
933,1579,2512,0.590880303989867
1094,1617,2711,0.6765615337043909
1041,1601,2642,0.6502186133666459
1092,1619,2711,0.6744904261890056
901,1566,2467,0.5753512132822478
1003,1539,2542,0.6517218973359324
834,1256,2090,0.6640127388535032
996,1568,2564,0.6352040816326531
1116,1716,2832,0.6503496503496503
1042,1615,2657,0.6452012383900929
909,1461,2370,0.62217659137577
990,1456,2446,0.679945054945055
852,1476,2328,0.5772357723577236
786,1332,2118,0.5900900900900901
901,1467,2368,0.6141785957736878
927,1437,2364,0.6450939457202505
971,1557,2528,0.6236351958895312
960,1569,2529,0.6118546845124283
924,1525,2449,0.6059016393442623
924,1575,2499,0.5866666666666667
982,1649,2631,0.5955124317768344
965,1466,2431,0.6582537517053206
942,1430,2372,0.6587412587412588
1014,1639,2653,0.6186699206833435
1094,1667,2761,0.6562687462507498
1011,1531,2542,0.6603527106466361
994,1668,2662,0.5959232613908872
893,1397,2290,0.639226914817466
913,1434,2347,0.6366806136680614
888,1562,2450,0.5685019206145967
930,1643,2573,0.5660377358490566
959,1366,2325,0.7020497803806734
976,1528,2504,0.6387434554973822
1064,1617,2681,0.658008658008658
949,1597,2546,0.5942391984971822
969,1453,2422,0.6668960770818995
813,1237,2050,0.6572352465642683
1044,1552,2596,0.6726804123711341
1001,1571,2572,0.6371737746658179
1051,1576,2627,0.6668781725888325
946,1507,2453,0.6277372262773723
933,1614,2547,0.5780669144981413
901,1196,2097,0.7533444816053512
960,1524,2484,0.6299212598425197
1074,1664,2738,0.6454326923076923
1092,1666,2758,0.6554621848739496
1095,1709,2804,0.6407255705090696
1120,1617,2737,0.6926406926406926
915,1499,2414,0.6104069379586391
839,1530,2369,0.5483660130718955
955,1493,2448,0.6396517079705292
1064,1681,2745,0.6329565734681737
954,1685,2639,0.5661721068249258
922,1626,2548,0.5670356703567035
1071,1661,2732,0.6447922937989163
1057,1662,2719,0.6359807460890493
879,1451,2330,0.6057891109579601
822,1368,2190,0.6008771929824561
1087,1778,2865,0.6113610798650169
1021,1549,2570,0.6591349257585539
1078,1642,2720,0.656516443361754
885,1498,2383,0.5907877169559412
889,1501,2390,0.592271818787475
920,1537,2457,0.5985686402081978
908,1347,2255,0.674090571640683
959,1635,2594,0.5865443425076453
968,1490,2458,0.6496644295302013
869,1406,2275,0.6180654338549075
937,1523,2460,0.6152330925804333
929,1501,2430,0.6189207195203198
967,1535,2502,0.6299674267100978
1034,1559,2593,0.6632456703014753
1022,1577,2599,0.6480659480025365
990,1432,2422,0.6913407821229051
1005,1547,2552,0.649644473173885
1075,1658,2733,0.6483715319662243
1058,1578,2636,0.670468948035488
1000,1571,2571,0.6365372374283895
921,1430,2351,0.644055944055944
898,1367,2265,0.6569129480614484
1069,1666,2735,0.641656662665066
1043,1539,2582,0.6777128005198181
807,1312,2119,0.6150914634146342
965,1551,2516,0.6221792392005158
955,1603,2558,0.5957579538365565
994,1593,2587,0.6239799121155053
1019,1564,2583,0.65153452685422
821,1409,2230,0.5826827537260468
853,1531,2384,0.5571521881123449
902,1542,2444,0.5849546044098574
925,1584,2509,0.5839646464646465
1001,1641,2642,0.6099939061547837
1008,1564,2572,0.6445012787723785
1017,1480,2497,0.6871621621621622
973,1562,2535,0.6229193341869398
918,1426,2344,0.6437587657784011
919,1433,2352,0.6413119330076762
865,1551,2416,0.5577047066408769
850,1295,2145,0.6563706563706564
879,1246,2125,0.7054574638844302
831,1395,2226,0.5956989247311828
1023,1674,2697,0.6111111111111112
968,1553,2521,0.6233097231165486
1059,1642,2701,0.6449451887941535
931,1503,2434,0.6194278110445776
918,1544,2462,0.594559585492228
928,1477,2405,0.6283006093432634
1120,1776,2896,0.6306306306306306
1022,1615,2637,0.6328173374613003
983,1610,2593,0.6105590062111801
916,1495,2411,0.6127090301003344
956,1426,2382,0.6704067321178121
1078,1585,2663,0.6801261829652997
1118,1723,2841,0.648868253047011
1172,1664,2836,0.7043269230769231
1097,1646,2743,0.6664641555285541
1042,1505,2547,0.692358803986711
1011,1564,2575,0.6464194373401535
966,1569,2535,0.615678776290631
1067,1584,2651,0.6736111111111112
967,1543,2510,0.626701231367466
1076,1626,2702,0.6617466174661747
1089,1666,2755,0.6536614645858343
1161,1703,2864,0.6817381092190252
1070,1668,2738,0.6414868105515588
950,1532,2482,0.6201044386422977
1042,1555,2597,0.670096463022508
960,1545,2505,0.6213592233009708
993,1630,2623,0.6092024539877301
889,1431,2320,0.6212438853948288
961,1552,2513,0.6192010309278351
993,1490,2483,0.6664429530201342
1117,1599,2716,0.6985616010006254
989,1554,2543,0.6364221364221364
1076,1621,2697,0.6637877853177051
1060,1719,2779,0.6166375799883653
1073,1579,2652,0.6795440151994934
1075,1963,3038,0.5476311767702496
1003,1523,2526,0.6585686145764937
1007,1500,2507,0.6713333333333333
1049,1573,2622,0.6668785759694851
869,1211,2080,0.717588769611891
877,1204,2081,0.728405315614618
925,1531,2456,0.6041802743305029
869,1424,2293,0.610252808988764
969,1623,2592,0.5970425138632163
983,1512,2495,0.6501322751322751
926,1449,2375,0.6390614216701174
884,1479,2363,0.5977011494252874
1019,1567,2586,0.6502871729419273
1023,1719,2742,0.5951134380453752
963,1546,2509,0.6228978007761966
993,1591,2584,0.6241357636706474
950,1493,2443,0.6363027461486939
1024,1714,2738,0.5974329054842473
986,1729,2715,0.5702718334297282
883,1348,2231,0.6550445103857567
1011,1599,2610,0.6322701688555347
935,1675,2610,0.5582089552238806
981,1771,2752,0.5539243365330322
991,1704,2695,0.5815727699530516
1052,1691,2743,0.6221170904790065
1015,1506,2521,0.6739707835325365
947,1626,2573,0.5824108241082411
953,1680,2633,0.5672619047619047
998,1589,2587,0.6280679672750157
939,1579,2518,0.5946801773274224
1058,1720,2778,0.6151162790697674
1003,1600,2603,0.626875
1014,1627,2641,0.6232329440688383
1095,1682,2777,0.6510107015457788
1023,1572,2595,0.6507633587786259
949,1472,2421,0.6447010869565217
1074,1633,2707,0.6576852418860992
1019,1637,2656,0.6224801466096518
998,1573,2571,0.6344564526382708
1128,1714,2842,0.6581096849474912
1045,1678,2723,0.6227651966626937
883,1544,2427,0.5718911917098446
1036,1582,2618,0.6548672566371682
1069,1677,2746,0.6374478234943352
983,1552,2535,0.6333762886597938
1020,1555,2575,0.6559485530546624
961,1531,2492,0.6276943174395819
900,1491,2391,0.6036217303822937
1048,1594,2642,0.657465495608532
1039,1492,2531,0.6963806970509383
944,1557,2501,0.6062941554271034
988,1562,2550,0.6325224071702945
1099,1698,2797,0.6472320376914017
980,1587,2567,0.6175173282923756
1050,1730,2780,0.6069364161849711
1045,1717,2762,0.6086196854979615
924,1485,2409,0.6222222222222222
982,1434,2416,0.6847977684797768
1036,1672,2708,0.6196172248803827
1001,1517,2518,0.6598549769281477
1008,1508,2516,0.6684350132625995
938,1539,2477,0.6094866796621182
871,1478,2349,0.5893098782138024
965,1582,2547,0.6099873577749684
950,1611,2561,0.5896958410924892
891,1517,2408,0.5873434410019776
790,1286,2076,0.614307931570762
991,1605,2596,0.6174454828660436
947,1588,2535,0.5963476070528967
1022,1632,2654,0.6262254901960784
1003,1377,2380,0.7283950617283951
784,1322,2106,0.5930408472012103
854,1338,2192,0.6382660687593423
700,1154,1854,0.6065857885615251
922,1482,2404,0.6221322537112011
922,1510,2432,0.6105960264900663
889,1520,2409,0.5848684210526316
793,1231,2024,0.644191714053615
776,1262,2038,0.6148969889064976
951,1548,2499,0.6143410852713178
739,1324,2063,0.5581570996978852
720,1320,2040,0.5454545454545454
907,1572,2479,0.5769720101781171
846,1343,2189,0.6299329858525688
828,1371,2199,0.6039387308533917
871,1426,2297,0.6107994389901823
923,1507,2430,0.6124751161247511
887,1399,2286,0.634024303073624
769,1321,2090,0.5821347464042392
789,1497,2286,0.5270541082164328
962,1454,2416,0.6616231086657497
964,1545,2509,0.623948220064725
894,1588,2482,0.5629722921914357
800,1397,2197,0.572655690765927
909,1468,2377,0.6192098092643051
872,1497,2369,0.58249832999332
1020,1632,2652,0.625
859,1382,2241,0.6215629522431259
914,1515,2429,0.6033003300330033
885,1471,2356,0.601631543167913
865,1382,2247,0.625904486251809
925,1461,2386,0.6331279945242985
803,1399,2202,0.5739814152966405
1010,1675,2685,0.6029850746268657
912,1537,2449,0.5933636955107352
887,1491,2378,0.5949027498323273
977,1480,2457,0.6601351351351351
1000,1670,2670,0.5988023952095808
981,1675,2656,0.5856716417910448
913,1627,2540,0.5611555009219422
906,1532,2438,0.5913838120104439
1098,1659,2757,0.6618444846292948
768,1407,2175,0.5458422174840085
896,1520,2416,0.5894736842105263
890,1499,2389,0.5937291527685123
948,1562,2510,0.6069142125480154
911,1488,2399,0.6122311827956989
882,1377,2259,0.6405228758169934
960,1565,2525,0.6134185303514377
970,1570,2540,0.6178343949044586
793,1320,2113,0.6007575757575757
838,1379,2217,0.6076867295141407
1033,1546,2579,0.6681759379042691
881,1527,2408,0.5769482645710543
894,1453,2347,0.6152787336545079
849,1416,2265,0.5995762711864406
906,1468,2374,0.6171662125340599
860,1486,2346,0.5787348586810229
919,1509,2428,0.609012591119947
875,1426,2301,0.6136044880785414
900,1654,2554,0.5441354292623942
1023,1686,2709,0.6067615658362989
988,1523,2511,0.6487196323046619
997,1585,2582,0.6290220820189274
977,1565,2542,0.6242811501597444
969,1671,2640,0.5798922800718133
956,1438,2394,0.6648122392211405
853,1424,2277,0.5990168539325843
890,1454,2344,0.6121045392022009
825,1263,2088,0.6532066508313539
1032,1545,2577,0.6679611650485436
918,1648,2566,0.5570388349514563
859,1009,1868,0.8513379583746283
948,1456,2404,0.6510989010989011
858,1470,2328,0.5836734693877551
941,1560,2501,0.6032051282051282
930,1526,2456,0.6094364351245085
934,1438,2372,0.6495132127955494
824,1299,2123,0.634334103156274
792,1560,2352,0.5076923076923077
894,1523,2417,0.5869993434011819
881,1561,2442,0.564381806534273
728,1372,2100,0.5306122448979592
857,1409,2266,0.6082327892122072
819,1517,2336,0.5398813447593935
900,1483,2383,0.6068779501011463
1025,1548,2573,0.6621447028423773
885,1418,2303,0.6241184767277856
1005,1616,2621,0.6219059405940595
917,1490,2407,0.6154362416107383
914,1548,2462,0.5904392764857881
980,1468,2448,0.667574931880109
882,1461,2343,0.6036960985626283
804,1309,2113,0.6142093200916731
911,1455,2366,0.6261168384879725
671,1160,1831,0.5784482758620689
1005,1672,2677,0.6010765550239234
958,1602,2560,0.5980024968789014
681,1159,1840,0.5875754961173425
891,1548,2439,0.5755813953488372
859,1442,2301,0.5957004160887656
1021,1728,2749,0.5908564814814815
846,1372,2218,0.6166180758017493
807,1038,1845,0.7774566473988439
975,1575,2550,0.6190476190476191
893,1514,2407,0.5898282694848085
822,1405,2227,0.5850533807829181
935,1559,2494,0.5997434252726106
956,1516,2472,0.6306068601583114
1013,1669,2682,0.6069502696225285
905,1450,2355,0.6241379310344828
858,1521,2379,0.5641025641025641
875,1469,2344,0.595643294758339
863,1513,2376,0.5703899537343027
786,1415,2201,0.5554770318021202
912,1386,2298,0.658008658008658
890,1434,2324,0.6206415620641562
835,1244,2079,0.6712218649517685
884,1408,2292,0.6278409090909091
852,1304,2156,0.6533742331288344
1014,1465,2479,0.6921501706484642
943,1480,2423,0.6371621621621621
921,1517,2438,0.6071193144363876
860,1409,2269,0.6103619588360539
893,1510,2403,0.5913907284768212
789,1251,2040,0.6306954436450839
831,1257,2088,0.6610978520286396
855,1443,2298,0.5925155925155925
800,1336,2136,0.5988023952095808
735,1349,2084,0.5448480355819125
966,1507,2473,0.6410086264100863
982,1526,2508,0.6435124508519003
838,1437,2275,0.5831593597773138
905,1470,2375,0.6156462585034014
953,1495,2448,0.6374581939799331
991,1545,2536,0.6414239482200648
850,1348,2198,0.6305637982195845
838,1294,2132,0.6476043276661515
865,1456,2321,0.5940934065934066
816,1332,2148,0.6126126126126126
909,1547,2456,0.5875888817065288
918,1532,2450,0.5992167101827677
833,1416,2249,0.588276836158192
930,1540,2470,0.6038961038961039
973,1613,2586,0.6032238065716057
956,1490,2446,0.6416107382550336
869,1472,2341,0.5903532608695652
931,1624,2555,0.5732758620689655
860,1432,2292,0.6005586592178771
948,1492,2440,0.6353887399463807
970,1531,2501,0.6335728282168517
887,1463,2350,0.6062884483937115
1046,1572,2618,0.6653944020356234
914,1357,2271,0.6735445836403832
824,1310,2134,0.6290076335877862
1007,1559,2566,0.6459268762026941
828,1289,2117,0.6423584173778123
873,1448,2321,0.6029005524861878
882,1399,2281,0.6304503216583274
983,1411,2394,0.6966690290574061
933,1525,2458,0.6118032786885246
903,1495,2398,0.6040133779264214
795,1548,2343,0.5135658914728682
908,1580,2488,0.5746835443037974
834,1440,2274,0.5791666666666667
914,1520,2434,0.6013157894736842
760,1247,2007,0.6094627105052125
908,1553,2461,0.5846748229233741
808,1305,2113,0.6191570881226054
886,1366,2252,0.6486090775988287
862,1447,2309,0.5957152729785764
901,1500,2401,0.6006666666666667
808,1382,2190,0.5846599131693199
967,1547,2514,0.6250808015513898
1000,1546,2546,0.6468305304010349
819,1515,2334,0.5405940594059406
917,1546,2463,0.593143596377749
1005,1603,2608,0.6269494697442296
990,1560,2550,0.6346153846153846
883,1369,2252,0.6449963476990505
968,1662,2630,0.5824308062575211
994,1550,2544,0.6412903225806451
931,1459,2390,0.6381082933516107
924,1502,2426,0.6151797603195739
906,1473,2379,0.615071283095723
898,1411,2309,0.6364280652019844
914,1611,2525,0.5673494723774053
864,1423,2287,0.607167955024596
983,1656,2639,0.5935990338164251
1008,1625,2633,0.6203076923076923
920,1571,2491,0.5856142584341184
894,1496,2390,0.5975935828877005
919,1621,2540,0.566933991363356
830,1516,2346,0.5474934036939314
918,1409,2327,0.6515259048970902
938,1565,2503,0.5993610223642173
919,1540,2459,0.5967532467532467
908,1461,2369,0.621492128678987
943,1564,2507,0.6029411764705882
856,1451,2307,0.5899379738111648
839,1409,2248,0.595457771469127
914,1513,2427,0.6040978189028421
934,1553,2487,0.601416613007083
1026,1621,2647,0.6329426280074029
878,1528,2406,0.574607329842932
875,1508,2383,0.580238726790451
794,1307,2101,0.6074980872226473
957,1505,2462,0.6358803986710964
985,1712,2697,0.5753504672897196
822,1410,2232,0.5829787234042553
1036,1582,2618,0.6548672566371682
943,1588,2531,0.5938287153652393
876,1426,2302,0.6143057503506312
841,1341,2182,0.6271439224459359
834,1318,2152,0.6327769347496206
775,1359,2134,0.5702722590139808
842,1353,2195,0.6223207686622321
876,1504,2380,0.5824468085106383
858,1254,2112,0.6842105263157895
914,1585,2499,0.5766561514195584
1095,1657,2752,0.6608328304164152
724,1231,1955,0.5881397238017871
891,1578,2469,0.564638783269962
836,1549,2385,0.5397030342156229
916,1640,2556,0.5585365853658537
913,1549,2462,0.5894125242091672
985,1734,2719,0.5680507497116494
841,1498,2339,0.5614152202937249
966,1676,2642,0.5763723150357996
905,1459,2364,0.6202878684030158
822,1399,2221,0.5875625446747677
919,1526,2445,0.6022280471821756
920,1661,2581,0.5538832028898254
916,1552,2468,0.5902061855670103
843,1306,2149,0.6454823889739663
772,1271,2043,0.6073957513768686
887,1426,2313,0.6220196353436185
849,1415,2264,0.6
731,1239,1970,0.5899919289749799
700,1076,1776,0.6505576208178439
989,1515,2504,0.6528052805280528
974,1504,2478,0.6476063829787234
1000,1667,2667,0.5998800239952009
896,1435,2331,0.624390243902439
912,1472,2384,0.6195652173913043
817,1359,2176,0.601177336276674
884,1532,2416,0.577023498694517
817,1410,2227,0.5794326241134752
1101,1688,2789,0.6522511848341233
823,1364,2187,0.6033724340175953
1004,1659,2663,0.6051838456901748
958,1557,2515,0.6152858060372511
918,1486,2404,0.6177658142664872
849,1467,2316,0.5787321063394683
925,1662,2587,0.5565583634175691
1045,1765,2810,0.5920679886685553
1086,1728,2814,0.6284722222222222
1070,1696,2766,0.6308962264150944
968,1645,2613,0.5884498480243161
805,1357,2162,0.5932203389830508
923,1629,2552,0.5666052793124616
1698,2063,3761,0.8230731943771207
907,1579,2486,0.5744141861937936
919,1557,2476,0.590237636480411
890,1549,2439,0.5745642349903163
751,1135,1886,0.6616740088105727
1026,1586,2612,0.6469104665825978
926,1478,2404,0.6265223274695535
756,1333,2089,0.5671417854463616
928,1559,2487,0.5952533675432969
822,1282,2104,0.641185647425897
874,1448,2322,0.6035911602209945
842,1339,2181,0.6288274831964152
899,1437,2336,0.6256089074460682
832,1381,2213,0.6024619840695149
825,1430,2255,0.5769230769230769
943,1403,2346,0.6721311475409836
887,1402,2289,0.6326676176890157
860,1506,2366,0.5710491367861886
864,1480,2344,0.5837837837837838
889,1586,2475,0.5605296343001261
879,1436,2315,0.612116991643454
910,1460,2370,0.6232876712328768
772,1213,1985,0.6364385820280297
914,1630,2544,0.5607361963190184
948,1644,2592,0.5766423357664233
798,1516,2314,0.5263852242744064
844,1508,2352,0.5596816976127321
733,1330,2063,0.5511278195488721
825,1454,2279,0.5674002751031637
1002,1584,2586,0.6325757575757576
1004,1543,2547,0.6506804925469863
966,1693,2659,0.570584760779681
981,1593,2574,0.615819209039548
982,1577,2559,0.6227013316423589
1050,1646,2696,0.637910085054678
941,1446,2387,0.6507607192254495
1054,1615,2669,0.6526315789473685
999,1656,2655,0.6032608695652174
989,1632,2621,0.6060049019607843
995,1663,2658,0.5983162958508719
1080,1577,2657,0.6848446417247939
1073,1658,2731,0.6471652593486128
857,1438,2295,0.5959666203059806
976,1591,2567,0.6134506599622879
964,1653,2617,0.5831820931639443
1012,1694,2706,0.5974025974025974
940,1599,2539,0.5878674171357098
1044,1668,2712,0.6258992805755396
1595,2393,3988,0.6665273715002089
1617,2361,3978,0.6848792884371029
1343,2709,4052,0.4957548911037283
1518,2547,4065,0.5959952885747939
1365,2199,3564,0.6207366984993179
1541,2217,3758,0.6950834460983311
1096,1501,2597,0.7301798800799467
1265,1806,3071,0.7004429678848284
1529,2235,3764,0.6841163310961969
1318,1800,3118,0.7322222222222222
1451,2310,3761,0.6281385281385281
1591,2499,4090,0.636654661864746
1535,2533,4068,0.606000789577576
1547,2530,4077,0.6114624505928854
1410,2559,3969,0.5509964830011723
1131,1748,2879,0.647025171624714
1035,1735,2770,0.5965417867435159
937,1565,2502,0.5987220447284345
1444,2311,3755,0.6248377325832972
1526,2451,3977,0.6226030191758466
1018,1678,2696,0.6066746126340882
1201,1852,3053,0.6484881209503239
1380,2377,3757,0.5805637358014304
1220,1910,3130,0.6387434554973822
1426,2596,4022,0.5493066255778121
1508,2389,3897,0.6312264545835078
1401,2260,3661,0.6199115044247787
1210,1935,3145,0.6253229974160207
1252,1971,3223,0.6352105530187722
1203,1897,3100,0.6341591987348445
1421,2433,3854,0.584052609946568
1261,2091,3352,0.6030607364897178
1405,2497,3902,0.5626752102523027
1453,2543,3996,0.5713723948092804
1204,2017,3221,0.5969261279127417
1547,2416,3963,0.6403145695364238
1511,2398,3909,0.6301084236864053
1540,2405,3945,0.6403326403326404
1429,2152,3581,0.6640334572490706
1389,2183,3572,0.6362803481447549
1645,2298,3943,0.7158398607484769
969,1495,2464,0.6481605351170568
1372,2144,3516,0.6399253731343284
1427,2294,3721,0.6220575414123801
1483,2588,4071,0.5730293663060279
1394,2384,3778,0.584731543624161
1528,2484,4012,0.6151368760064412
1106,1999,3105,0.5532766383191596
1410,2518,3928,0.5599682287529786
1160,1961,3121,0.5915349311575727
889,1572,2461,0.5655216284987278
1380,2283,3663,0.6044678055190539
782,1367,2149,0.5720555961960497
1496,2569,4065,0.5823277539898793
1325,1994,3319,0.664493480441324
1501,2466,3967,0.6086780210867803
1011,2027,3038,0.4987666502220029
970,996,1966,0.9738955823293172
716,1137,1853,0.6297273526824978
1465,2375,3840,0.6168421052631579
1591,2217,3808,0.7176364456472711
1450,1927,3377,0.7524649714582252
1417,2292,3709,0.618237347294939
1156,1787,2943,0.646894236149972
1140,1642,2782,0.6942752740560292
1657,1943,3600,0.8528049408131755
1611,1794,3405,0.8979933110367893
1245,1875,3120,0.664
1231,1889,3120,0.6516675489677077
1038,1600,2638,0.64875
1091,1456,2547,0.7493131868131868
1176,1655,2831,0.7105740181268883
1139,1518,2657,0.7503293807641633
1198,2046,3244,0.5855327468230694
1708,2142,3850,0.7973856209150327
1644,2399,4043,0.68528553563985
1522,2092,3614,0.7275334608030593
1172,1593,2765,0.7357187696170747
1584,2098,3682,0.7550047664442326
1174,1511,2685,0.7769688947716744
1461,1992,3453,0.733433734939759
1368,1984,3352,0.6895161290322581
1441,1737,3178,0.8295912492803684
1650,2157,3807,0.7649513212795549
1177,1434,2611,0.8207810320781032
712,980,1692,0.726530612244898
1400,1754,3154,0.798175598631699
1156,1404,2560,0.8233618233618234
1052,1597,2649,0.6587351283656857
1754,2295,4049,0.7642701525054466
1680,2013,3693,0.834575260804769
1037,1564,2601,0.6630434782608695
1433,2111,3544,0.6788252013263856
1242,1529,2771,0.8122956180510137
1509,2183,3692,0.6912505726065048
1173,1586,2759,0.7395964691046658
1512,2067,3579,0.7314949201741655
1224,1388,2612,0.8818443804034583
882,1220,2102,0.7229508196721312
1197,1787,2984,0.6698377168438724
1431,1989,3420,0.7194570135746606
1517,2010,3527,0.754726368159204
1736,2046,3782,0.8484848484848485
798,1180,1978,0.676271186440678
1022,1452,2474,0.7038567493112947
1374,2142,3516,0.6414565826330533
1348,1504,2852,0.8962765957446809
1624,2129,3753,0.7627994363550963
1023,1600,2623,0.639375
1258,1497,2755,0.8403473613894455
1464,2003,3467,0.7309036445332002
1209,1842,3051,0.6563517915309446
1590,2438,4028,0.6521739130434783
1267,1454,2721,0.8713892709766162
902,1297,2199,0.6954510408635313
1278,2150,3428,0.5944186046511628
1118,1718,2836,0.6507566938300349
1905,1967,3872,0.9684799186578548
1421,1693,3114,0.8393384524512699
1475,2208,3683,0.6680253623188406
1560,2210,3770,0.7058823529411765
1609,2038,3647,0.7894995093228655
1188,1525,2713,0.779016393442623
1453,1959,3412,0.7417049515058703
1485,2365,3850,0.627906976744186
1194,1939,3133,0.6157813305827746
931,1513,2444,0.6153337739590218
1264,1829,3093,0.6910880262438491
1273,1954,3227,0.6514841351074718
1527,1765,3292,0.8651558073654391
1510,1934,3444,0.7807652533609101
1430,1486,2916,0.962314939434724
1468,2008,3476,0.7310756972111554
1066,1552,2618,0.6868556701030928
1133,1458,2591,0.7770919067215364
1457,2322,3779,0.6274763135228252
1415,2354,3769,0.6011045029736618
1246,1881,3127,0.6624136097820308
1236,2127,3363,0.5811001410437235
1094,1916,3010,0.5709812108559499
1080,1552,2632,0.6958762886597938
1361,1881,3242,0.723551302498671
1589,2195,3784,0.7239179954441913
1449,2362,3811,0.61346316680779
898,1275,2173,0.7043137254901961
1452,2202,3654,0.659400544959128
1341,1748,3089,0.767162471395881
1352,1992,3344,0.678714859437751
1051,1706,2757,0.6160609613130129
720,1061,1781,0.6786050895381716
1375,2598,3973,0.529253271747498
1528,1991,3519,0.7674535409342039
1721,2307,4028,0.7459904638058084
1172,1884,3056,0.6220806794055201
1496,1908,3404,0.7840670859538784
1581,2206,3787,0.7166817769718948
1218,1581,2799,0.7703984819734345
1326,1733,3059,0.7651471436814772
1271,1696,2967,0.7494103773584906
1073,1868,2941,0.5744111349036403
1437,2130,3567,0.6746478873239437
1370,1761,3131,0.7779670641680864
1630,2144,3774,0.7602611940298507
1422,2125,3547,0.6691764705882353
1364,2025,3389,0.6735802469135802
806,1062,1868,0.7589453860640302
1561,2143,3704,0.728418105459636
1037,1819,2856,0.5700934579439252
1231,1732,2963,0.7107390300230947
1628,2182,3810,0.7461044912923923
981,1495,2476,0.6561872909698997
1127,1616,2743,0.6974009900990099
1192,1828,3020,0.6520787746170679
1300,1863,3163,0.6977992485238862
1736,2224,3960,0.7805755395683454
1327,1983,3310,0.6691880988401412
1528,2307,3835,0.6623320329432163
1098,1375,2473,0.7985454545454546
1239,1629,2868,0.7605893186003683
976,1271,2247,0.7678992918961448
1357,1893,3250,0.716851558372953
1617,2177,3794,0.7427652733118971
1221,2018,3239,0.6050545094152626
1312,1678,2990,0.7818831942789034
1011,1306,2317,0.7741194486983155
1429,1900,3329,0.7521052631578947
1572,2425,3997,0.6482474226804124
1122,1311,2433,0.8558352402745996
1745,2062,3807,0.8462657613967022
1523,2135,3658,0.7133489461358313
1154,1731,2885,0.6666666666666666
1227,1551,2778,0.7911025145067698
1380,1919,3299,0.7191245440333507
1512,1973,3485,0.7663456664977192
1255,1920,3175,0.6536458333333334
1169,1791,2960,0.6527079843662759
1320,1595,2915,0.8275862068965517
1289,1785,3074,0.7221288515406162
1240,1725,2965,0.7188405797101449
1602,1709,3311,0.9373902867173786
1223,1757,2980,0.6960728514513375
1276,1732,3008,0.7367205542725174
1393,1847,3240,0.7541959935029778
1596,1916,3512,0.8329853862212944
1449,1978,3427,0.7325581395348837
1961,2038,3999,0.9622178606476938
1636,2191,3827,0.7466910086718394
1246,1778,3024,0.7007874015748031
1052,1495,2547,0.7036789297658863
1563,2172,3735,0.7196132596685083
676,1012,1688,0.6679841897233202
1817,2181,3998,0.833104080696928
1638,2398,4036,0.683069224353628
1516,2271,3787,0.6675473359753412
1537,1861,3398,0.8259000537345513
1458,2061,3519,0.7074235807860262
1545,2185,3730,0.7070938215102975
1412,2124,3536,0.664783427495292
1625,2234,3859,0.7273948075201433
1415,1992,3407,0.7103413654618473
1217,2133,3350,0.5705578996718237
1430,2231,3661,0.6409681757059614
1631,1997,3628,0.8167250876314471
1507,2010,3517,0.7497512437810945
955,1940,2895,0.4922680412371134
1194,1644,2838,0.7262773722627737
951,558,1509,1.7043010752688172
1570,2023,3593,0.7760751359367276
402,856,1258,0.4696261682242991
1355,1952,3307,0.6941598360655737
1069,1731,2800,0.6175621028307337
1455,2169,3624,0.6708160442600276
606,935,1541,0.6481283422459893
1588,2276,3864,0.6977152899824253
1186,1153,2339,1.028620988725065
1249,2040,3289,0.6122549019607844
1393,2206,3599,0.6314596554850408
1637,2347,3984,0.6974861525351512
445,729,1174,0.6104252400548696
488,786,1274,0.6208651399491094
876,1883,2759,0.465215082315454
966,1520,2486,0.6355263157894737
911,1506,2417,0.6049136786188579
882,1576,2458,0.5596446700507615
755,1298,2053,0.5816640986132512
916,1513,2429,0.6054196959682749
800,1371,2171,0.5835156819839533
795,1316,2111,0.6041033434650456
869,1219,2088,0.7128794093519278
816,1307,2123,0.6243305279265493
754,1180,1934,0.6389830508474577
768,1181,1949,0.6502963590177815
718,1121,1839,0.64049955396967
731,1201,1932,0.6086594504579517
637,1057,1694,0.6026490066225165
841,1254,2095,0.6706539074960127
876,1488,2364,0.5887096774193549
763,1201,1964,0.6353039134054954
784,1297,2081,0.6044718581341557
822,1500,2322,0.548
832,1436,2268,0.5793871866295265
841,1150,1991,0.731304347826087
857,1585,2442,0.5406940063091482
919,1603,2522,0.5733000623830318
737,1257,1994,0.5863166268894192
722,1192,1914,0.6057046979865772
853,1385,2238,0.615884476534296
712,1075,1787,0.6623255813953488
1055,1552,2607,0.6797680412371134
841,1269,2110,0.6627265563435776
985,1528,2513,0.6446335078534031
1001,1657,2658,0.6041038020519011
924,1348,2272,0.685459940652819
888,1241,2129,0.7155519742143432
660,1081,1741,0.61054579093432
560,1128,1688,0.4964539007092198
783,1193,1976,0.6563285834031852
842,1299,2141,0.6481909160892995
871,1345,2216,0.6475836431226766
891,1186,2077,0.7512647554806071
926,1220,2146,0.759016393442623
694,1222,1916,0.5679214402618658
879,1112,1991,0.7904676258992805
627,942,1569,0.6656050955414012
1005,1483,2488,0.6776803776129467
760,1327,2087,0.5727204220045214
900,1208,2108,0.7450331125827815
752,1244,1996,0.6045016077170418
980,1463,2443,0.6698564593301436
879,1235,2114,0.7117408906882591
901,1326,2227,0.6794871794871795
870,1273,2143,0.6834249803613511
790,1080,1870,0.7314814814814815
714,1261,1975,0.5662172878667724
611,1018,1629,0.600196463654224
889,1406,2295,0.6322901849217639
866,1384,2250,0.6257225433526011
738,1105,1843,0.6678733031674208
912,1327,2239,0.6872645064054258
717,1148,1865,0.6245644599303136
752,1297,2049,0.5797995373939862
858,1426,2284,0.6016830294530154
1001,1493,2494,0.6704621567314133
1040,1586,2626,0.6557377049180327
931,1463,2394,0.6363636363636364
858,1257,2115,0.6825775656324582
927,1496,2423,0.6196524064171123
879,1234,2113,0.7123176661264181
917,825,1742,1.1115151515151516
807,1360,2167,0.5933823529411765
881,1094,1975,0.8053016453382084
838,1333,2171,0.6286571642910728
822,1132,1954,0.726148409893993
839,1369,2208,0.6128560993425858
923,1356,2279,0.6806784660766961
844,1161,2005,0.726959517657192
694,1211,1905,0.5730800990916598
1042,1661,2703,0.6273329319686936
762,1243,2005,0.6130329847144006
936,1556,2492,0.6015424164524421
426,747,1173,0.570281124497992
799,1278,2077,0.6251956181533647
879,1329,2208,0.6613995485327314
791,1134,1925,0.6975308641975309
955,1443,2398,0.6618156618156619
781,1403,2184,0.556664290805417
900,1447,2347,0.6219765031098825
769,1216,1985,0.6324013157894737
840,1250,2090,0.672
832,1401,2233,0.5938615274803711
785,1375,2160,0.5709090909090909
907,1356,2263,0.6688790560471977
851,1568,2419,0.5427295918367347
811,1234,2045,0.6572123176661264
723,1112,1835,0.6501798561151079
902,1400,2302,0.6442857142857142
852,1531,2383,0.5564990202482037
778,1569,2347,0.4958572339069471
914,1439,2353,0.6351633078526755
876,1371,2247,0.6389496717724289
903,1138,2041,0.7934973637961336
825,1182,2007,0.6979695431472082
989,1232,2221,0.8027597402597403
770,1094,1864,0.7038391224862889
552,752,1304,0.7340425531914894
818,1220,2038,0.6704918032786885
994,1200,2194,0.8283333333333334
659,886,1545,0.7437923250564334
910,1364,2274,0.6671554252199413
892,1290,2182,0.6914728682170542
885,1132,2017,0.7818021201413428
799,1178,1977,0.6782682512733447
889,1168,2057,0.7611301369863014
1021,1461,2482,0.6988364134154689
747,1201,1948,0.6219816819317235
871,1216,2087,0.7162828947368421
768,1016,1784,0.7559055118110236
880,1455,2335,0.6048109965635738
791,1083,1874,0.7303785780240074
975,1565,2540,0.6230031948881789
960,1449,2409,0.6625258799171843
896,1331,2227,0.6731780616078137
530,829,1359,0.6393244873341375
771,1335,2106,0.5775280898876405
995,1523,2518,0.6533158240315168
854,1217,2071,0.7017255546425637
848,1212,2060,0.6996699669966997
740,1191,1931,0.6213266162888329
722,1353,2075,0.5336289726533628
1012,1642,2654,0.6163215590742996
1001,1596,2597,0.6271929824561403
1034,1737,2771,0.595279217040875
878,1368,2246,0.6418128654970761
1059,1488,2547,0.7116935483870968
893,1324,2217,0.6744712990936556
1023,1546,2569,0.6617076326002588
621,1001,1622,0.6203796203796204
684,1089,1773,0.628099173553719
614,782,1396,0.7851662404092071
866,1254,2120,0.6905901116427432
809,1115,1924,0.7255605381165919
579,936,1515,0.6185897435897436
792,1425,2217,0.5557894736842105
775,1303,2078,0.5947812739831159
810,771,1581,1.050583657587549
789,1375,2164,0.5738181818181818
727,1122,1849,0.6479500891265597
798,1285,2083,0.621011673151751
708,1080,1788,0.6555555555555556
810,1365,2175,0.5934065934065934
919,1334,2253,0.6889055472263869
752,1265,2017,0.5944664031620553
809,1142,1951,0.7084063047285464
690,1097,1787,0.6289881494986327
875,1489,2364,0.587642713230356
844,1435,2279,0.5881533101045296
926,1671,2597,0.5541591861160982
516,946,1462,0.5454545454545454
792,1351,2143,0.5862324204293117
912,1359,2271,0.6710816777041942
823,1447,2270,0.5687629578438148
772,1273,2045,0.6064414768263944
1086,1630,2716,0.6662576687116565
1071,1495,2566,0.7163879598662207
876,1326,2202,0.6606334841628959
1047,1566,2613,0.6685823754789272
952,1332,2284,0.7147147147147147
998,1679,2677,0.5944014294222751
896,1475,2371,0.607457627118644
743,1186,1929,0.6264755480607083
719,1099,1818,0.654231119199272
891,1227,2118,0.726161369193154
784,1114,1898,0.703770197486535
849,1383,2232,0.613882863340564
917,1537,2454,0.5966167859466494
838,1367,2205,0.6130212143379663
959,1500,2459,0.6393333333333333
869,1527,2396,0.5690897184020957
1067,1518,2585,0.7028985507246377
862,1417,2279,0.6083274523641496
467,585,1052,0.7982905982905983
740,1250,1990,0.592
891,1230,2121,0.724390243902439
821,1332,2153,0.6163663663663663
825,1385,2210,0.5956678700361011
884,1337,2221,0.6611817501869858
955,1422,2377,0.6715893108298172
740,1056,1796,0.7007575757575758
981,1444,2425,0.6793628808864266
886,1351,2237,0.6558105107327905
933,1484,2417,0.6287061994609164
775,1285,2060,0.603112840466926
657,1228,1885,0.5350162866449512
736,1199,1935,0.6138448707256047
984,1541,2525,0.6385463984425698
744,1181,1925,0.6299745977984759
816,1345,2161,0.6066914498141264
737,1035,1772,0.7120772946859903
940,1527,2467,0.6155861165684349
871,1481,2352,0.588116137744767
904,1378,2282,0.6560232220609579
822,1241,2063,0.6623690572119258
610,1229,1839,0.4963384865744508
997,1610,2607,0.6192546583850932
861,1319,2180,0.6527672479150872
620,920,1540,0.6739130434782609
991,1472,2463,0.673233695652174
970,1516,2486,0.6398416886543535
894,1402,2296,0.637660485021398
576,806,1382,0.7146401985111662
750,1301,2051,0.5764796310530361
815,1372,2187,0.5940233236151603
884,1254,2138,0.7049441786283892
758,1467,2225,0.5167007498295841
862,1109,1971,0.7772768259693418
393,651,1044,0.6036866359447005
923,1386,2309,0.665945165945166
741,1020,1761,0.7264705882352941
753,1102,1855,0.6833030852994555
609,747,1356,0.8152610441767069
945,1561,2506,0.6053811659192825
874,1384,2258,0.6315028901734104
857,1422,2279,0.6026722925457103
890,1167,2057,0.7626392459297343
1046,1541,2587,0.6787800129785854
636,1061,1697,0.5994344957587182
896,1371,2267,0.6535375638220278
793,1127,1920,0.7036379769299024
845,1300,2145,0.65
802,1226,2028,0.6541598694942904
844,1052,1896,0.8022813688212928
912,1305,2217,0.6988505747126437
530,634,1164,0.8359621451104101
809,1211,2020,0.6680429397192403
898,1291,2189,0.6955848179705655
884,1198,2082,0.7378964941569283
811,1411,2222,0.5747696669029058
862,1292,2154,0.6671826625386997
979,1458,2437,0.6714677640603567
848,1430,2278,0.593006993006993
787,1233,2020,0.6382806163828062
887,1463,2350,0.6062884483937115
799,1077,1876,0.7418755803156918
782,1122,1904,0.696969696969697
576,1016,1592,0.5669291338582677
907,1290,2197,0.7031007751937984
893,1410,2303,0.6333333333333333
827,1277,2104,0.6476115896632733
659,1083,1742,0.6084949215143121
563,694,1257,0.8112391930835735
816,1392,2208,0.5862068965517241
654,987,1641,0.662613981762918
756,1200,1956,0.63
692,998,1690,0.6933867735470942
847,1387,2234,0.6106705118961788
844,1219,2063,0.6923707957342083
528,911,1439,0.579582875960483
858,1218,2076,0.7044334975369458
363,785,1148,0.4624203821656051
578,953,1531,0.6065057712486883
583,1097,1680,0.5314494074749316
567,1071,1638,0.5294117647058824
527,712,1239,0.7401685393258427
455,824,1279,0.5521844660194175
582,815,1397,0.7141104294478527
858,1395,2253,0.6150537634408603
706,1201,1907,0.5878434637801832
681,1081,1762,0.6299722479185939
968,1610,2578,0.6012422360248447
782,1330,2112,0.58796992481203
752,1077,1829,0.6982358402971216
889,1299,2188,0.6843725943033102
859,1160,2019,0.7405172413793103
972,1199,2171,0.810675562969141
995,1491,2486,0.6673373574782026
1025,1625,2650,0.6307692307692307
1030,1361,2391,0.7567964731814842
945,1342,2287,0.7041728763040238
682,733,1415,0.9304229195088676
1060,1552,2612,0.6829896907216495
741,1220,1961,0.6073770491803279
751,1325,2076,0.5667924528301886
799,1264,2063,0.632120253164557
924,981,1905,0.9418960244648318
832,1530,2362,0.5437908496732026
971,1444,2415,0.6724376731301939
910,1404,2314,0.6481481481481481
986,1666,2652,0.5918367346938775
890,1543,2433,0.5767984445884641
927,1418,2345,0.653737658674189
982,1498,2480,0.6555407209612817
915,1082,1997,0.8456561922365989
928,1409,2337,0.6586231369765791
757,1189,1946,0.6366694701429773
769,1244,2013,0.6181672025723473
810,1314,2124,0.6164383561643836
839,1381,2220,0.6075307748008689
808,1376,2184,0.5872093023255814
806,1346,2152,0.5988112927191679
814,1302,2116,0.6251920122887865
991,1467,2458,0.6755282890252216
810,1280,2090,0.6328125
774,1104,1878,0.7010869565217391
364,601,965,0.6056572379367721
520,817,1337,0.6364749082007344
411,671,1082,0.6125186289120715
703,1138,1841,0.6177504393673111
933,1470,2403,0.6346938775510204
1066,1415,2481,0.7533568904593639
891,1322,2213,0.6739788199697428
864,1105,1969,0.7819004524886878
868,1085,1953,0.8
1431,2041,3472,0.7011268985791279
806,1006,1812,0.8011928429423459
957,1401,2358,0.683083511777302
857,1280,2137,0.66953125
768,959,1727,0.8008342022940563
790,1087,1877,0.7267709291628335
743,1044,1787,0.7116858237547893
927,1335,2262,0.6943820224719102
885,1239,2124,0.7142857142857143
877,1063,1940,0.8250235183443085
985,1415,2400,0.696113074204947
928,1490,2418,0.6228187919463087
923,1321,2244,0.6987130961392884
779,1177,1956,0.6618521665250637
921,1179,2100,0.7811704834605598
845,1343,2188,0.6291883842144452
813,1268,2081,0.6411671924290221
819,1306,2125,0.6271056661562021
746,1172,1918,0.636518771331058
548,973,1521,0.5632065775950668
832,1273,2105,0.6535742340926944
875,1373,2248,0.6372906045156591
972,1436,2408,0.6768802228412256
640,1364,2004,0.469208211143695
805,1423,2228,0.5657062543921293
824,1448,2272,0.569060773480663
915,1522,2437,0.6011826544021025
817,1243,2060,0.6572807723250201
759,1357,2116,0.559322033898305
896,1518,2414,0.5902503293807642
868,1435,2303,0.6048780487804878
902,1449,2351,0.6224982746721878
601,937,1538,0.6414087513340448
724,1244,1968,0.5819935691318328
1134,1529,2663,0.7416612164813604
885,1444,2329,0.6128808864265928
907,1579,2486,0.5744141861937936
938,1390,2328,0.6748201438848921
977,1321,2298,0.7395912187736563
1041,1453,2494,0.7164487267721955
753,1160,1913,0.6491379310344828
780,992,1772,0.7862903225806451
964,1390,2354,0.6935251798561151
1041,1396,2437,0.745702005730659
894,1172,2066,0.7627986348122867
1107,1389,2496,0.796976241900648
950,1276,2226,0.7445141065830722
953,1314,2267,0.7252663622526636
733,1131,1864,0.6480990274093722
944,1423,2367,0.6633872101194659
690,805,1495,0.8571428571428571
835,1287,2122,0.6487956487956488
900,1298,2198,0.6933744221879815
569,746,1315,0.7627345844504021
895,1063,1958,0.8419567262464722
873,1290,2163,0.6767441860465117
1058,1338,2396,0.7907324364723468
880,1054,1934,0.8349146110056926
830,1312,2142,0.6326219512195121
871,1358,2229,0.6413843888070693
823,1239,2062,0.6642453591606134
963,1211,2174,0.7952105697770437
944,1366,2310,0.6910688140556369
594,601,1195,0.9883527454242927
283,521,804,0.5431861804222649
734,1199,1933,0.6121768140116765
902,1257,2159,0.7175815433571997
832,1252,2084,0.6645367412140575
723,1061,1784,0.6814326107445806
1003,1654,2657,0.6064087061668681
721,1093,1814,0.6596523330283623
770,1307,2077,0.5891354246365723
949,1438,2387,0.6599443671766342
780,1261,2041,0.6185567010309279
998,1417,2415,0.7043048694424842
856,1374,2230,0.6229985443959243
964,1516,2480,0.6358839050131926
951,1307,2258,0.7276205049732212
717,1223,1940,0.5862632869991823
719,1207,1926,0.5956917978458989
672,1063,1735,0.632173095014111
508,799,1307,0.6357947434292867
828,1197,2025,0.6917293233082706
1000,1585,2585,0.6309148264984227
795,1274,2069,0.6240188383045526
985,1574,2559,0.6257941550190598
938,1504,2442,0.6236702127659575
983,1410,2393,0.6971631205673758
983,1484,2467,0.6623989218328841
922,1484,2406,0.6212938005390836
568,864,1432,0.6574074074074074
724,917,1641,0.7895310796074155
961,1380,2341,0.696376811594203
876,1312,2188,0.6676829268292683
942,1301,2243,0.7240584166026134
931,1301,2232,0.7156033820138356
912,1444,2356,0.631578947368421
907,1289,2196,0.7036462373933282
357,426,783,0.8380281690140845
1012,1523,2535,0.6644780039395929
1110,1618,2728,0.6860321384425216
929,1295,2224,0.7173745173745174
960,1369,2329,0.7012417823228634
713,1021,1734,0.6983349657198825
771,969,1740,0.7956656346749226
871,1299,2170,0.6705157813702848
927,1224,2151,0.7573529411764706
906,1317,2223,0.6879271070615034
921,1290,2211,0.713953488372093
885,1373,2258,0.6445739257101238
880,1494,2374,0.5890227576974565
872,1351,2223,0.6454478164322723
753,1125,1878,0.6693333333333333
772,1336,2108,0.5778443113772455
822,1390,2212,0.5913669064748202
940,1583,2523,0.5938092229943146
786,1393,2179,0.5642498205312275
910,1600,2510,0.56875
657,1012,1669,0.6492094861660079
865,1505,2370,0.574750830564784
821,1403,2224,0.5851746258018532
815,1358,2173,0.6001472754050073
1152,1585,2737,0.726813880126183
961,1573,2534,0.6109345200254291
856,1366,2222,0.6266471449487555
917,1649,2566,0.5560946027895695
933,1572,2505,0.5935114503816794
1027,1653,2680,0.6212946158499697
798,1352,2150,0.5902366863905325
833,1319,2152,0.6315390447308568
831,1338,2169,0.6210762331838565
804,699,1503,1.150214592274678
699,1011,1710,0.6913946587537092
809,1338,2147,0.6046337817638266
756,1350,2106,0.56
578,896,1474,0.6450892857142857
828,1342,2170,0.61698956780924
761,1107,1868,0.6874435411020777
857,1270,2127,0.6748031496062992
959,1417,2376,0.6767819336626676
961,1537,2498,0.6252439817826936
888,1356,2244,0.6548672566371682
693,1271,1964,0.5452399685287176
858,1435,2293,0.5979094076655053
779,1110,1889,0.7018018018018019
736,1158,1894,0.6355785837651122
857,1152,2009,0.7439236111111112
768,974,1742,0.7885010266940452
722,1063,1785,0.6792097836312324
997,1699,2696,0.5868157739846969
954,1335,2289,0.7146067415730337
902,1472,2374,0.6127717391304348
830,1504,2334,0.5518617021276596
905,1317,2222,0.6871678056188307
937,1357,2294,0.6904937361827561
686,1039,1725,0.6602502406159769
827,1073,1900,0.7707362534948742
840,1259,2099,0.6671961874503575
901,1413,2314,0.637650389242746
930,1443,2373,0.6444906444906445
878,1665,2543,0.5273273273273273
906,1628,2534,0.5565110565110565
696,1143,1839,0.6089238845144357
712,1217,1929,0.5850451930977815
792,1532,2324,0.5169712793733682
778,1260,2038,0.6174603174603175
772,1332,2104,0.5795795795795796
651,1080,1731,0.6027777777777777
615,1182,1797,0.5203045685279187
813,1206,2019,0.6741293532338308
1080,1646,2726,0.6561360874848117
717,1271,1988,0.5641227380015735
824,1394,2218,0.5911047345767575
759,1445,2204,0.5252595155709343
837,1488,2325,0.5625
953,1648,2601,0.5782766990291263
955,1350,2305,0.7074074074074074
943,1424,2367,0.6622191011235955
882,1345,2227,0.6557620817843867
789,1130,1919,0.6982300884955752
973,1476,2449,0.6592140921409214
707,1063,1770,0.665098777046096
898,1347,2245,0.6666666666666666
935,1585,2520,0.5899053627760252
1125,1690,2815,0.665680473372781
824,1354,2178,0.6085672082717873
1041,1596,2637,0.6522556390977443
1072,1520,2592,0.7052631578947368
1116,1798,2914,0.6206896551724138
915,1370,2285,0.6678832116788321
995,1543,2538,0.6448476992871031
852,1368,2220,0.6228070175438597
782,999,1781,0.7827827827827828
468,866,1334,0.5404157043879908
900,1179,2079,0.7633587786259542
1046,1305,2351,0.8015325670498085
842,1317,2159,0.639331814730448
820,1274,2094,0.6436420722135008
832,1487,2319,0.5595158036314728
787,1254,2041,0.6275917065390749
1051,1681,2732,0.6252230814991077
895,1543,2438,0.5800388852883992
876,1291,2167,0.6785437645236251
362,584,946,0.6198630136986302
695,1205,1900,0.5767634854771784
1494,2280,3774,0.6552631578947369
1771,2211,3982,0.8009950248756219
1425,2249,3674,0.6336149399733215
1646,2415,4061,0.6815734989648033
1384,2147,3531,0.6446204005589194
1424,1708,3132,0.8337236533957846
1477,1441,2918,1.0249826509368494
1478,2062,3540,0.7167798254122212
1377,1839,3216,0.7487765089722676
1735,2091,3826,0.8297465327594452
1281,2181,3462,0.5873452544704264
1397,1930,3327,0.7238341968911917
1528,2252,3780,0.6785079928952042
1590,2255,3845,0.70509977827051
1599,1953,3552,0.8187403993855606
1775,2225,4000,0.797752808988764
1592,2407,3999,0.661404237640216
1503,2191,3694,0.6859881332724783
1272,1960,3232,0.6489795918367347
1590,2354,3944,0.675446049277825
1700,2367,4067,0.7182087029995775
1458,2394,3852,0.6090225563909775
1580,2448,4028,0.6454248366013072
1618,2326,3944,0.6956147893379192
1350,2106,3456,0.6410256410256411
1252,1810,3062,0.6917127071823205
1398,2406,3804,0.5810473815461347
1628,2379,4007,0.6843211433375368
1524,2193,3717,0.6949384404924761
1428,2061,3489,0.6928675400291121
1656,2087,3743,0.7934834690943938
1302,1812,3114,0.7185430463576159
1598,2201,3799,0.7260336210813266
1440,2158,3598,0.6672845227062094
1744,2155,3899,0.8092807424593967
1511,2064,3575,0.7320736434108527
1301,2169,3470,0.5998155832180728
1631,1996,3627,0.8171342685370742
1683,2331,4014,0.722007722007722
1179,2004,3183,0.5883233532934131
1414,1896,3310,0.7457805907172996
1375,2157,3532,0.6374594343996292
1186,1721,2907,0.6891342242882045
1437,1897,3334,0.757511860832894
1438,2092,3530,0.6873804971319312
1708,2163,3871,0.7896440129449838
1562,2093,3655,0.7462971810797898
1514,1857,3371,0.8152934841141626
1549,2430,3979,0.6374485596707818
1521,2425,3946,0.6272164948453608
1577,2393,3970,0.6590054325114919
1251,1556,2807,0.8039845758354756
1578,2498,4076,0.6317053642914331
1636,2364,4000,0.6920473773265652
1247,2512,3759,0.4964171974522293
1446,2342,3788,0.6174210076857387
1638,2338,3976,0.7005988023952096
1554,2359,3913,0.658753709198813
1552,2207,3759,0.7032170367014047
1455,2524,3979,0.5764659270998416
1423,2150,3573,0.661860465116279
1119,1511,2630,0.7405691594970218
1470,2467,3937,0.5958654235914066
1633,2116,3749,0.7717391304347826
1601,2476,4077,0.6466074313408724
1345,2033,3378,0.661583866207575
1410,1757,3167,0.8025042686397268
1386,2128,3514,0.6513157894736842
1542,2272,3814,0.6786971830985915
1544,2412,3956,0.6401326699834162
1482,2226,3708,0.6657681940700808
1555,2120,3675,0.7334905660377359
1564,2475,4039,0.6319191919191919
1027,1528,2555,0.6721204188481675
1571,1959,3530,0.8019397651863196
1585,2440,4025,0.6495901639344263
1551,2545,4096,0.6094302554027505
1430,2451,3881,0.5834353325173398
1465,2309,3774,0.6344737981810308
1494,2569,4063,0.5815492409497859
1518,2521,4039,0.6021420071400237
1339,2264,3603,0.5914310954063604
1426,2135,3561,0.6679156908665106
1334,2092,3426,0.6376673040152964
1671,2396,4067,0.6974123539232053
1538,2448,3986,0.6282679738562091
1683,2364,4047,0.7119289340101523
1306,2040,3346,0.6401960784313725
1304,1884,3188,0.692144373673036
1489,2260,3749,0.6588495575221239
1425,1832,3257,0.7778384279475983
1378,2095,3473,0.6577565632458234
1501,2398,3899,0.6259382819015846
1553,2348,3901,0.6614139693356048
1382,2234,3616,0.6186213070725156
1283,1912,3195,0.6710251046025104
1573,2215,3788,0.7101580135440181
1545,2419,3964,0.638693675072344
1515,2437,3952,0.6216659827656955
1326,1632,2958,0.8125
1451,1823,3274,0.7959407569939659
1435,2074,3509,0.6918997107039537
1429,2310,3739,0.6186147186147186
1040,1514,2554,0.6869220607661823
1523,2147,3670,0.7093619003260363
1511,2220,3731,0.6806306306306307
1423,2357,3780,0.6037335596096733
1491,2331,3822,0.6396396396396397
1401,2154,3555,0.6504178272980501
1297,1984,3281,0.6537298387096774
1420,2045,3465,0.6943765281173594
1256,1912,3168,0.6569037656903766
1229,1678,2907,0.732419547079857
1542,2389,3931,0.6454583507743826
1136,1926,3062,0.5898234683281413
1515,2576,4091,0.5881211180124224
1487,2369,3856,0.6276910088644998
1503,2415,3918,0.622360248447205
1436,2368,3804,0.606418918918919
1168,1854,3022,0.6299892125134844
1239,2110,3349,0.5872037914691943
1173,2092,3265,0.5607074569789675
1303,2126,3429,0.6128880526810913
1336,2220,3556,0.6018018018018018
1311,1802,3113,0.7275249722530521
1166,2000,3166,0.583
1355,2273,3628,0.5961284645842498
1589,2202,3791,0.7216167120799274
1497,2108,3605,0.7101518026565465
1439,2048,3487,0.70263671875
1561,2162,3723,0.7220166512488436
1308,2022,3330,0.6468842729970327
1340,1761,3101,0.760931289040318
1635,2355,3990,0.6942675159235668
1535,2208,3743,0.6951992753623188
1430,2597,4027,0.5506353484790143
1445,2197,3642,0.6577150659990897
1515,2449,3964,0.6186198448346264
1594,2477,4071,0.6435203875656036
1520,2043,3563,0.7440039158100832
1627,2388,4015,0.681323283082077
1658,2438,4096,0.6800656275635767
1453,2114,3567,0.6873226111636708
1382,2138,3520,0.646398503274088
1614,2296,3910,0.7029616724738676
1284,2092,3376,0.6137667304015296
1528,2045,3573,0.7471882640586797
1477,2108,3585,0.7006641366223909
1622,2276,3898,0.7126537785588752
1528,2193,3721,0.6967624259005928
1286,1898,3184,0.6775553213909379
1451,1833,3284,0.7915984724495363
1642,2432,4074,0.6751644736842105
1439,2239,3678,0.6426976328718178
1751,2161,3912,0.8102730217491901
1657,2409,4066,0.6878372768783728
1655,2181,3836,0.7588262265016048
1556,2136,3692,0.7284644194756554
1646,2373,4019,0.6936367467340918
1168,1823,2991,0.6407021393307735
1499,2141,3640,0.7001401214385801
1538,2442,3980,0.6298116298116299
1584,2378,3962,0.6661059714045416
1525,2420,3945,0.6301652892561983
1496,2135,3631,0.7007025761124122
1739,2204,3943,0.7890199637023594
1303,2167,3470,0.6012921089063221
1634,2176,3810,0.7509191176470589
1521,2483,4004,0.612565445026178
1640,2441,4081,0.6718557968045883
1510,2547,4057,0.5928543384373773
1530,2460,3990,0.6219512195121951
1558,2373,3931,0.6565528866413822
1504,2210,3714,0.6805429864253394
1515,2131,3646,0.7109338338808071
1591,1908,3499,0.8338574423480084
1638,2007,3645,0.8161434977578476
1679,2386,4065,0.7036881810561609
1598,2343,3941,0.6820315834400341
1496,2570,4066,0.5821011673151751
1508,2051,3559,0.735251097025841
1647,2264,3911,0.7274734982332155
1546,2426,3972,0.6372629843363561
1542,1942,3484,0.7940267765190525
1268,2235,3503,0.567337807606264
1412,2221,3633,0.6357496623142729
1570,2029,3599,0.7737801872843766
1760,2278,4038,0.7726075504828798
1925,2105,4030,0.9144893111638956
1725,2327,4052,0.7412978083369145
1599,2470,4069,0.6473684210526316
1639,2437,4076,0.6725482150184653
1570,2411,3981,0.6511820821236002
1573,2180,3753,0.7215596330275229
1682,2393,4075,0.7028834099456749
1629,2378,4007,0.6850294365012616
1611,2385,3996,0.6754716981132075
1574,2355,3929,0.6683651804670913
1234,1926,3160,0.6407061266874351
530,821,1351,0.6455542021924482
1819,2209,4028,0.8234495246717972
1050,1481,2531,0.7089804186360568
1537,2539,4076,0.6053564395431272
1434,2585,4019,0.5547388781431335
1545,2495,4040,0.6192384769539078
1073,1886,2959,0.5689289501590669
287,336,623,0.8541666666666666
231,364,595,0.6346153846153846
662,766,1428,0.8642297650130548
1577,2510,4087,0.6282868525896415
1248,2661,3909,0.4689966178128523
1431,2622,4053,0.545766590389016
1356,2601,3957,0.5213379469434832
1282,2425,3707,0.528659793814433
1303,2526,3829,0.5158353127474268
1402,2394,3796,0.5856307435254804
1330,2408,3738,0.5523255813953488
1465,2586,4051,0.5665119876256767
1386,2658,4044,0.5214446952595937
1346,2603,3949,0.5170956588551671
1245,2743,3988,0.4538826102807145
1453,2146,3599,0.6770736253494875
1279,2360,3639,0.5419491525423729
1387,2468,3855,0.5619935170178282
1356,2694,4050,0.5033407572383074
1348,2480,3828,0.5435483870967742
751,1454,2205,0.5165061898211829
1323,2719,4042,0.4865759470393527
1191,2504,3695,0.4756389776357827
1398,2541,3939,0.5501770956316411
521,1211,1732,0.4302229562345169
165,251,416,0.6573705179282868
1628,2449,4077,0.6647611269906084
1440,2379,3819,0.605296343001261
1449,2336,3785,0.620291095890411
1423,2362,3785,0.6024555461473328
1464,2538,4002,0.5768321513002365
1561,2527,4088,0.6177285318559557
1528,2447,3975,0.6244380874540253
1546,2504,4050,0.6174121405750799
1548,2513,4061,0.6159968165539196
1451,2491,3942,0.5824969891609795
1411,2489,3900,0.5668943350743271
1445,2643,4088,0.5467272039349225
1526,2546,4072,0.5993715632364494
1855,2092,3947,0.8867112810707457
1181,1152,2333,1.0251736111111112
930,1406,2336,0.6614509246088194
1698,2175,3873,0.7806896551724138
1853,2119,3972,0.8744690891930156
1564,1916,3480,0.8162839248434238
1828,2239,4067,0.8164359088878964
1904,2109,4013,0.9027975343764816
1648,2245,3893,0.7340757238307349
1788,2203,3991,0.8116205174761688
1817,2081,3898,0.8731379144641999
1960,1963,3923,0.998471726948548
1880,1757,3637,1.0700056915196356
1868,2073,3941,0.9011095031355524
1134,1472,2606,0.7703804347826086
742,1168,1910,0.6352739726027398
1121,1462,2583,0.7667578659370725
1151,1547,2698,0.7440206851971558
1051,1373,2424,0.7654770575382375
1119,1403,2522,0.797576621525303
1018,1376,2394,0.7398255813953488
1105,1533,2638,0.720808871493803
1042,1250,2292,0.8336
1029,1418,2447,0.7256699576868829
1117,1421,2538,0.7860661505981703
984,1393,2377,0.706389088298636
1282,1624,2906,0.7894088669950738
1194,1646,2840,0.7253948967193196
735,1104,1839,0.6657608695652174
1077,1518,2595,0.7094861660079052
1127,1634,2761,0.6897184822521419
1039,1570,2609,0.6617834394904458
1082,1451,2533,0.7456926257753274
1129,1449,2578,0.7791580400276052
1000,1151,2151,0.8688097306689835
1044,1314,2358,0.7945205479452054
1120,1542,2662,0.7263294422827496
1195,1590,2785,0.7515723270440252
1046,1497,2543,0.6987307949231797
1086,1548,2634,0.7015503875968992
1249,1656,2905,0.7542270531400966
1065,1404,2469,0.7585470085470085
1158,1619,2777,0.7152563310685608
1122,1453,2575,0.7721954576737784
1117,1464,2581,0.7629781420765027
1213,1416,2629,0.856638418079096
989,1467,2456,0.6741649625085208
1022,1382,2404,0.7395079594790159
1157,1676,2833,0.6903341288782816
1084,1569,2653,0.6908859145952836
1158,1454,2612,0.796423658872077
1181,1771,2952,0.6668548842461886
1170,1475,2645,0.7932203389830509
1319,1833,3152,0.7195853791598472
1082,1418,2500,0.763046544428773
1143,1496,2639,0.7640374331550802
1155,1690,2845,0.6834319526627219
1210,1610,2820,0.7515527950310559
1290,1589,2879,0.8118313404657017
1299,1823,3122,0.7125617114646188
1136,1675,2811,0.6782089552238806
1146,1831,2977,0.6258874931731294
1250,1701,2951,0.7348618459729571
1219,1714,2933,0.7112018669778296
1130,1678,2808,0.6734207389749702
1315,1726,3041,0.7618771726535342
1292,1463,2755,0.8831168831168831
1127,1452,2579,0.7761707988980716
1198,1549,2747,0.7734021949644933
1180,1786,2966,0.6606942889137738
1117,1536,2653,0.7272135416666666
1089,1641,2730,0.6636197440585009
1193,1673,2866,0.7130902570233114
1052,1485,2537,0.7084175084175084
1138,1553,2691,0.7327752736638764
1230,1673,2903,0.7352062163777645
1283,1857,3140,0.6908992999461497
1223,1782,3005,0.686307519640853
1041,1640,2681,0.6347560975609756
1083,1561,2644,0.6937860345932095
1159,1568,2727,0.7391581632653061
1401,1734,3135,0.8079584775086506
1131,1630,2761,0.6938650306748466
1246,1568,2814,0.7946428571428571
1124,1388,2512,0.8097982708933718
1164,1498,2662,0.7770360480640854
1207,1656,2863,0.7288647342995169
1277,1545,2822,0.8265372168284789
1293,1596,2889,0.8101503759398496
1235,1640,2875,0.7530487804878049
1193,1586,2779,0.7522068095838588
1188,1740,2928,0.6827586206896552
1297,1711,3008,0.7580362361192285
1184,1519,2703,0.7794601711652402
1112,1389,2501,0.8005759539236861
1108,1578,2686,0.7021546261089987
1239,1753,2992,0.7067883628066173
1176,1637,2813,0.7183872938301772
1148,1664,2812,0.6899038461538461
1230,1735,2965,0.7089337175792507
915,1030,1945,0.8883495145631068
1185,1460,2645,0.8116438356164384
329,384,713,0.8567708333333334
1323,1763,3086,0.7504254112308565
746,1185,1931,0.6295358649789029
744,1117,1861,0.666069829901522
792,1255,2047,0.6310756972111554
959,1588,2547,0.603904282115869
540,567,1107,0.9523809523809524
924,1397,2321,0.6614173228346457
500,699,1199,0.7153075822603719
557,682,1239,0.8167155425219942
266,312,578,0.8525641025641025
931,1688,2619,0.5515402843601895
1269,1792,3061,0.7081473214285714
947,1681,2628,0.5633551457465794
894,1464,2358,0.610655737704918
807,1311,2118,0.6155606407322655
889,1506,2395,0.5903054448871182
984,1350,2334,0.7288888888888889
1089,1452,2541,0.75
1176,1561,2737,0.7533632286995515
1195,1620,2815,0.7376543209876543
1213,1706,2919,0.7110199296600235
1179,1577,2756,0.7476220672162334
1327,1923,3250,0.6900676027041082
1372,1988,3360,0.6901408450704225
1019,1442,2461,0.7066574202496533
1033,1504,2537,0.6868351063829787
1103,1696,2799,0.6503537735849056
1014,1390,2404,0.7294964028776978
1150,1715,2865,0.6705539358600583
1142,1722,2864,0.6631823461091754
1215,2015,3230,0.6029776674937966
1307,1963,3270,0.6658176260825267
1252,1554,2806,0.8056628056628057
1232,1403,2635,0.8781183178902352
1162,1841,3003,0.6311787072243346
1211,1516,2727,0.7988126649076517
1211,1780,2991,0.6803370786516854
1028,1403,2431,0.7327156094084105
1113,1486,2599,0.7489905787348586
1161,1692,2853,0.6861702127659575
1081,1424,2505,0.7591292134831461
1141,1418,2559,0.8046544428772919
1017,1500,2517,0.678
1187,1442,2629,0.8231622746185853
1030,1373,2403,0.7501820830298617
1394,1832,3226,0.7609170305676856
1289,1849,3138,0.6971335857220119
1087,1594,2681,0.6819322459222082
956,1492,2448,0.6407506702412868
1008,1401,2409,0.7194860813704497
1186,1606,2792,0.7384806973848069
1080,1506,2586,0.7171314741035857
1136,1442,2578,0.7877947295423023
1169,1647,2816,0.7097753491196114
1133,1348,2481,0.8405044510385756
1173,1651,2824,0.7104784978800727
1109,1631,2740,0.6799509503372164
1212,1629,2841,0.7440147329650092
1021,1506,2527,0.6779548472775564
1145,1636,2781,0.6998777506112469
1011,1512,2523,0.6686507936507936
1179,1681,2860,0.701368233194527
1033,1499,2532,0.6891260840560374
1149,1737,2886,0.6614853195164075
1277,1681,2958,0.7596668649613325
1201,1492,2693,0.8049597855227882
921,1351,2272,0.6817172464840858
1155,1401,2556,0.8244111349036403
1259,1560,2819,0.8070512820512821
1213,1625,2838,0.7464615384615385
1172,1486,2658,0.7886944818304172
1243,1599,2842,0.7773608505315822
1147,1767,2914,0.6491228070175439
1176,1522,2698,0.7726675427069645
1222,1690,2912,0.7230769230769231
1223,1749,2972,0.6992567181246426
1134,1668,2802,0.6798561151079137
1305,1672,2977,0.7805023923444976
936,1083,2019,0.8642659279778393
1083,1506,2589,0.7191235059760956
1061,1654,2715,0.6414752116082225
1230,1763,2993,0.6976744186046512
1177,1510,2687,0.7794701986754967
1204,1704,2908,0.7065727699530516
1078,1509,2587,0.7143803843605037
1207,1700,2907,0.71
980,1422,2402,0.6891701828410689
1217,1544,2761,0.7882124352331606
1238,1780,3018,0.6955056179775281
1378,1671,3049,0.824655894673848
1267,1734,3001,0.7306805074971164
1290,1821,3111,0.7084019769357496
1278,1692,2970,0.7553191489361702
992,1465,2457,0.6771331058020478
1163,1657,2820,0.7018708509354254
1050,1495,2545,0.7023411371237458
1269,1711,2980,0.7416715371127995
1208,1533,2741,0.7879973907371167
1295,1863,3158,0.6951154052603328
1082,1453,2535,0.7446662078458361
1231,1535,2766,0.8019543973941368
1227,1580,2807,0.7765822784810127
1242,1754,2996,0.7080957810718358
1130,1692,2822,0.6678486997635934
1258,1628,2886,0.7727272727272727
1145,1747,2892,0.6554092730394963
1160,1613,2773,0.7191568505889646
1054,1429,2483,0.7375787263820853
1070,1606,2676,0.6662515566625156
1197,1582,2779,0.7566371681415929
1127,1550,2677,0.7270967741935483
1083,1565,2648,0.6920127795527157
1061,1569,2630,0.6762268961121733
954,1358,2312,0.7025036818851251
1146,1679,2825,0.6825491363907088
1122,1563,2685,0.7178502879078695
1103,1492,2595,0.7392761394101877
1132,1520,2652,0.7447368421052631
1181,1661,2842,0.7110174593618303
1103,1574,2677,0.7007623888182973
1194,1595,2789,0.74858934169279
1212,1603,2815,0.7560823456019963
1034,1465,2499,0.70580204778157
906,1265,2171,0.7162055335968379
1134,1484,2618,0.7641509433962265
1193,1623,2816,0.7350585335797906
1201,1501,2702,0.8001332445036642
1269,1857,3126,0.6833602584814217
1090,1533,2623,0.7110241356816699
1014,1408,2422,0.7201704545454546
1331,1512,2843,0.8802910052910053
1483,1644,3127,0.9020681265206812
1130,1348,2478,0.8382789317507419
1003,1314,2317,0.7633181126331812
1160,1440,2600,0.8055555555555556
960,1326,2286,0.7239819004524887
1115,1465,2580,0.7610921501706485
1125,1474,2599,0.7632293080054274
1260,1737,2997,0.7253886010362695
1229,1834,3063,0.6701199563794984
1134,1635,2769,0.6935779816513762
1173,1628,2801,0.7205159705159705
1221,1712,2933,0.7132009345794392
1222,1730,2952,0.7063583815028902
1113,1474,2587,0.7550881953867028
1268,1794,3062,0.7068004459308808
1148,1567,2715,0.7326100829610721
1196,1482,2678,0.8070175438596491
1135,1374,2509,0.8260553129548762
999,1399,2398,0.7140814867762688
980,1446,2426,0.677731673582296
1143,1589,2732,0.7193203272498426
931,1154,2085,0.8067590987868284
1044,1406,2450,0.7425320056899004
1192,1529,2721,0.7795945062132112
1106,1670,2776,0.6622754491017964
1041,1476,2517,0.7052845528455285
968,1482,2450,0.6531713900134952
1040,1460,2500,0.7123287671232876
1129,1326,2455,0.8514328808446455
1164,1375,2539,0.8465454545454546
1189,1609,2798,0.7389683032939715
1236,1773,3009,0.6971235194585449
1186,1610,2796,0.7366459627329193
1028,1425,2453,0.7214035087719298
954,1443,2397,0.6611226611226612
987,1465,2452,0.6737201365187714
1085,1479,2564,0.7336037863421231
1064,1564,2628,0.680306905370844
993,1320,2313,0.7522727272727273
937,1543,2480,0.6072585871678549
1323,1877,3200,0.7048481619605754
1004,1376,2380,0.7296511627906976
1055,1299,2354,0.8121632024634334
1239,1625,2864,0.7624615384615384
1111,1447,2558,0.7677954388389772
1222,1628,2850,0.7506142506142506
1244,1560,2804,0.7974358974358975
1135,1418,2553,0.8004231311706629
1195,1621,2816,0.7371992597162246
1135,1657,2792,0.6849728424864212
1165,1509,2674,0.7720344599072233
1282,1784,3066,0.718609865470852
1060,1722,2782,0.6155632984901278
1404,2543,3947,0.5521038143924498
1385,2141,3526,0.646893974778141
1343,2373,3716,0.5659502739148757
1177,2074,3251,0.5675024108003858
1218,1748,2966,0.6967963386727689
1529,2461,3990,0.621292157659488
1097,1599,2696,0.6860537836147592
1048,1674,2722,0.6260454002389486
1181,1674,2855,0.7054958183990442
1205,1841,3046,0.6545355784899511
1199,1909,3108,0.6280775275013096
1164,1824,2988,0.6381578947368421
1479,2295,3774,0.6444444444444445
880,1825,2705,0.4821917808219178
1662,2376,4038,0.6994949494949495
1571,2476,4047,0.6344911147011308
966,1466,2432,0.6589358799454298
1217,1907,3124,0.6381751442055584
969,1796,2765,0.5395322939866369
1555,2480,4035,0.6270161290322581
1108,1826,2934,0.6067907995618839
1393,2210,3603,0.630316742081448
1550,2487,4037,0.6232408524326498
1450,2374,3824,0.6107834877843302
1362,2092,3454,0.6510516252390057
1583,2012,3595,0.786779324055666
1385,2346,3731,0.5903665814151747
1581,2192,3773,0.7212591240875912
1084,1932,3016,0.5610766045548654
1361,2290,3651,0.5943231441048035
1089,1714,2803,0.6353558926487748
1453,2604,4057,0.5579877112135176
1423,2598,4021,0.5477290223248653
1494,2596,4090,0.5755007704160247
980,1591,2571,0.6159648020113137
1427,2617,4044,0.5452808559419182
1278,2694,3972,0.4743875278396436
1373,1909,3282,0.7192247249869042
1636,2399,4035,0.6819508128386828
1500,2313,3813,0.648508430609598
1491,2061,3552,0.7234352256186317
1612,2421,4033,0.6658405617513424
1538,2146,3684,0.7166821994408201
1390,2240,3630,0.6205357142857143
1605,2417,4022,0.6640463384360777
1274,1810,3084,0.7038674033149172
1417,1860,3277,0.7618279569892473
1321,1600,2921,0.825625
1008,1632,2640,0.6176470588235294
1166,1804,2970,0.6463414634146342
1161,1663,2824,0.6981358989777511
1184,1620,2804,0.7308641975308642
1025,1195,2220,0.8577405857740585
1223,1878,3101,0.6512247071352503
1262,1760,3022,0.7170454545454545
1213,1870,3083,0.6486631016042781
1079,1593,2672,0.677338355304457
1153,1834,2987,0.628680479825518
1140,1761,2901,0.6473594548551959
1148,1709,2857,0.6717378583967232
1166,1782,2948,0.654320987654321
1121,1847,2968,0.6069301570113698
1135,1776,2911,0.6390765765765766
1071,1456,2527,0.7355769230769231
1276,1859,3135,0.6863905325443787
1134,1800,2934,0.63
1032,1596,2628,0.6466165413533834
1037,1663,2700,0.6235718580877931
1029,1700,2729,0.6052941176470589
1098,1679,2777,0.653960690887433
1071,1705,2776,0.6281524926686217
1148,1822,2970,0.6300768386388584
1224,1599,2823,0.7654784240150094
1119,1531,2650,0.7308948399738733
1166,1770,2936,0.6587570621468927
1220,1779,2999,0.685778527262507
1213,1618,2831,0.7496909765142151
1196,1758,2954,0.6803185437997725
1027,1703,2730,0.6030534351145038
1195,1787,2982,0.6687185226636821
1040,1661,2701,0.6261288380493678
1131,1685,2816,0.6712166172106825
1159,1847,3006,0.6275040606388739
1165,1682,2847,0.692627824019025
1010,1498,2508,0.6742323097463284
1045,1651,2696,0.6329497274379164
1110,1884,2994,0.589171974522293
1293,1900,3193,0.6805263157894736
1159,1709,2868,0.6781743709771796
1167,1716,2883,0.6800699300699301
1102,1689,2791,0.6524570751924216
1171,1770,2941,0.6615819209039548
1135,1783,2918,0.6365675827257431
1128,1745,2873,0.6464183381088825
1188,1858,3046,0.6393972012917115
1221,1805,3026,0.6764542936288088
1074,1553,2627,0.6915647134578236
1105,1618,2723,0.6829419035846724
1170,1810,2980,0.6464088397790055
1228,1877,3105,0.6542354821523708
1168,1703,2871,0.6858485026423957
1151,1722,2873,0.6684088269454123
1232,1803,3035,0.6833056017748197
1249,1809,3058,0.6904367053620785
1174,1776,2950,0.661036036036036
1172,1665,2837,0.7039039039039039
1167,1789,2956,0.6523197316936836
1138,1751,2889,0.6499143346659052
1218,1844,3062,0.6605206073752712
1155,1719,2874,0.6719022687609075
1249,1908,3157,0.6546121593291404
1192,1737,2929,0.6862406447898676
1185,1918,3103,0.6178310740354536
1172,1672,2844,0.7009569377990431
1032,1758,2790,0.5870307167235495
1234,1885,3119,0.6546419098143236
1178,1723,2901,0.6836912362159024
1148,1479,2627,0.7762001352265044
1179,1704,2883,0.6919014084507042
1206,1690,2896,0.7136094674556213
1104,1653,2757,0.6678765880217786
1211,1818,3029,0.6661166116611661
1086,1650,2736,0.6581818181818182
1261,1713,2974,0.7361354349095155
1160,1579,2739,0.7346421785940469
1149,1813,2962,0.6337562051847766
1158,1745,2903,0.6636103151862465
1233,1791,3024,0.6884422110552764
1245,1816,3061,0.6855726872246696
1152,1676,2828,0.6873508353221957
1311,1868,3179,0.7018201284796574
1159,1747,2906,0.663423010875787
1223,1807,3030,0.6768123962368566
1186,1672,2858,0.7093301435406698
1110,1761,2871,0.6303236797274276
1144,1638,2782,0.6984126984126984
1139,1697,2836,0.671184443134944
1182,1782,2964,0.6632996632996633
1239,1849,3088,0.6700919415900487
1215,1852,3067,0.656047516198704
1177,1678,2855,0.701430274135876
1167,1724,2891,0.6769141531322506
1178,1709,2887,0.6892919836161499
1219,1812,3031,0.6727373068432672
1247,1793,3040,0.6954824316787507
1091,1511,2602,0.7220383851753805
1225,1806,3031,0.6782945736434108
1169,1747,2916,0.6691471093302804
1225,1929,3154,0.6350440642820114
1163,1827,2990,0.6365626710454296
1094,1745,2839,0.6269340974212034
1238,1740,2978,0.7114942528735633
1192,1701,2893,0.7007642563198119
879,1132,2011,0.7765017667844523
1168,1756,2924,0.6651480637813212
1260,1748,3008,0.7208237986270023
1188,1655,2843,0.7178247734138973
1420,2063,3483,0.6883179835191469
1066,1748,2814,0.6098398169336384
1054,1669,2723,0.6315158777711204
1048,1435,2483,0.7303135888501742
1211,1783,2994,0.6791923724060572
1184,1729,2913,0.6847888953152111
1191,1638,2829,0.7271062271062271
1044,1509,2553,0.6918489065606361
1169,1720,2889,0.6796511627906977
1175,1874,3049,0.6270010672358591
1163,1625,2788,0.7156923076923077
1162,1670,2832,0.6958083832335329
1246,1793,3039,0.6949247071946458
1091,1352,2443,0.8069526627218935
1192,1765,2957,0.6753541076487252
1122,1561,2683,0.7187700192184497
1226,1727,2953,0.7099015634047481
1200,1637,2837,0.7330482590103848
1204,1619,2823,0.74366893143916
1118,1575,2693,0.7098412698412698
1166,1666,2832,0.6998799519807923
1219,1757,2976,0.6937962435970404
1269,1880,3149,0.675
937,1393,2330,0.6726489590811199
1085,1491,2576,0.7276995305164319
1170,1637,2807,0.7147220525351252
1142,1691,2833,0.6753400354819633
1167,1657,2824,0.7042848521424261
1159,1889,3048,0.6135521439915299
1172,1708,2880,0.6861826697892272
1251,1797,3048,0.6961602671118531
1320,1805,3125,0.7313019390581718
1232,1899,3131,0.6487625065824117
1164,1748,2912,0.665903890160183
1176,1668,2844,0.7050359712230215
1131,1489,2620,0.7595701813297515
1222,1922,3144,0.63579604578564
1158,1441,2599,0.8036086051353227
1202,1720,2922,0.6988372093023256
1273,1855,3128,0.6862533692722372
1220,1891,3111,0.6451612903225806
1131,1750,2881,0.6462857142857142
1193,1801,2994,0.6624097723486951
1177,1822,2999,0.645993413830955
1217,1686,2903,0.7218268090154211
1179,1829,3008,0.644614543466375
1152,1746,2898,0.6597938144329897
1173,1731,2904,0.6776429809358753
1190,1570,2760,0.7579617834394905
1089,1619,2708,0.6726374305126621
1227,1824,3051,0.6726973684210527
1262,1852,3114,0.6814254859611231
1189,1787,2976,0.6653609401231113
1156,1858,3014,0.6221743810548978
1089,1761,2850,0.6183986371379898
1203,1851,3054,0.6499189627228525
1159,1878,3037,0.6171458998935038
1156,1780,2936,0.6494382022471911
1152,1837,2989,0.6271094175285792
1166,1813,2979,0.6431329288472145
1192,1718,2910,0.6938300349243306
1113,1712,2825,0.6501168224299065
1071,1626,2697,0.6586715867158671
1112,1757,2869,0.632896983494593
1157,1702,2859,0.6797884841363102
1208,1824,3032,0.6622807017543859
1162,1732,2894,0.6709006928406467
1252,1817,3069,0.6890478811227297
1133,1837,2970,0.6167664670658682
1189,1512,2701,0.7863756613756614
1208,1846,3054,0.6543878656554712
1199,1625,2824,0.7378461538461538
1273,1941,3214,0.6558475012879958
1292,1832,3124,0.7052401746724891
1120,1675,2795,0.6686567164179105
1035,1606,2641,0.6444582814445828
1134,1695,2829,0.6690265486725664
1140,1706,2846,0.6682297772567409
1124,1675,2799,0.6710447761194029
1059,1756,2815,0.6030751708428246
1157,1596,2753,0.724937343358396
1081,1597,2678,0.6768941765810895
1222,1808,3030,0.6758849557522124
1190,1738,2928,0.6846950517836594
1021,1559,2580,0.6549069916613214
1177,1887,3064,0.6237413884472708
1267,1759,3026,0.7202956225127913
1233,1913,3146,0.6445373758494511
1123,1637,2760,0.6860109957238851
1114,1811,2925,0.6151297625621204
1041,1747,2788,0.5958786491127648
1072,1795,2867,0.5972144846796658
1185,1543,2728,0.7679844458846403
1138,1716,2854,0.6631701631701632
1221,1686,2907,0.7241992882562278
1151,1764,2915,0.6524943310657596
1090,1683,2773,0.6476530005941771
1210,1871,3081,0.6467129877071085
1192,1907,3099,0.6250655479811221
1155,1819,2974,0.6349642660802639
1158,1672,2830,0.6925837320574163
1088,1860,2948,0.5849462365591398
1069,144,1213,7.423611111111111
1157,1774,2931,0.6521984216459977
1161,1827,2988,0.6354679802955665
1125,1645,2770,0.6838905775075987
1196,1710,2906,0.6994152046783626
1258,1869,3127,0.6730872124130551
1163,1863,3026,0.6242619431025228
1177,1779,2956,0.6616076447442384
1222,1847,3069,0.6616134271792096
1191,1721,2912,0.6920395119116792
1160,1788,2948,0.6487695749440716
1021,1672,2693,0.6106459330143541
1111,416,1527,2.670673076923077
1185,1766,2951,0.6710079275198187
1258,1923,3181,0.6541861674466979
1251,1915,3166,0.6532637075718015
1136,1727,2863,0.6577880718008107
1152,1822,2974,0.6322722283205269
1119,118,1237,9.483050847457626
1155,1814,2969,0.6367144432194046
1179,1802,2981,0.6542730299667037
1242,1788,3030,0.6946308724832215
998,1452,2450,0.6873278236914601
1251,1809,3060,0.6915422885572139
1106,436,1542,2.536697247706422
1134,1616,2750,0.7017326732673267
1076,1578,2654,0.6818757921419518
1183,1786,2969,0.6623740201567749
1133,1762,2895,0.6430192962542566
1188,1738,2926,0.6835443037974683
1230,1806,3036,0.6810631229235881
1200,1867,3067,0.6427423674343867
1271,1773,3044,0.7168640721940215
1041,1543,2584,0.6746597537265068
1153,366,1519,3.150273224043716
1181,1831,3012,0.645002730748225
1196,1795,2991,0.6662952646239554
1142,215,1357,5.311627906976744
1155,1827,2982,0.632183908045977
1166,1733,2899,0.6728216964800924
1135,1642,2777,0.6912302070645554
1223,1744,2967,0.7012614678899083
1129,1693,2822,0.6668635558180744
1051,140,1191,7.507142857142857
1029,1776,2805,0.5793918918918919
1225,1894,3119,0.646779303062302
1172,1744,2916,0.6720183486238532
1095,1720,2815,0.6366279069767442
1094,1651,2745,0.6626287098728043
1229,1791,3020,0.6862088218872139
1199,1838,3037,0.6523394994559304
1229,1888,3117,0.6509533898305084
1207,1734,2941,0.696078431372549
494,699,1193,0.7067238912732475
1200,1792,2992,0.6696428571428571
1058,1868,2926,0.5663811563169164
1109,1775,2884,0.6247887323943662
1244,1852,3096,0.67170626349892
1166,1722,2888,0.6771196283391405
1181,1839,3020,0.6421968461120174
1157,1671,2828,0.6923997606223818
1188,1870,3058,0.6352941176470588
1241,1908,3149,0.65041928721174
1240,1922,3162,0.6451612903225806
1141,1800,2941,0.6338888888888888
1187,1746,2933,0.6798396334478809
1133,1872,3005,0.6052350427350427
1255,1906,3161,0.6584470094438615
1241,1828,3069,0.6788840262582057
1158,1819,2977,0.6366135239142386
1133,163,1296,6.950920245398773
1208,1828,3036,0.6608315098468271
1058,1709,2767,0.6190754827384435
1157,1707,2864,0.6777973052138254
1176,1842,3018,0.6384364820846905
1227,1795,3022,0.6835654596100279
1186,1820,3006,0.6516483516483517
986,1599,2585,0.616635397123202
1133,1806,2939,0.6273532668881506
1207,1787,2994,0.6754336877448237
1140,1732,2872,0.6581986143187067
1199,1769,2968,0.677784058790277
1169,1729,2898,0.6761133603238867
1224,1760,2984,0.6954545454545454
1205,1724,2929,0.6989559164733179
1099,1677,2776,0.6553369111508647
1091,1664,2755,0.6556490384615384
1173,1725,2898,0.68
1089,1699,2788,0.6409652736904061
1211,1736,2947,0.6975806451612904
1103,1834,2937,0.6014176663031625
1186,1828,3014,0.6487964989059081
1092,1705,2797,0.6404692082111437
1112,1690,2802,0.6579881656804734
1164,1785,2949,0.6521008403361345
1262,1785,3047,0.7070028011204482
1085,1666,2751,0.6512605042016807
1245,1857,3102,0.6704361873990307
1212,1826,3038,0.6637458926615553
864,1511,2375,0.57180675049636
1188,1734,2922,0.6851211072664359
1266,1720,2986,0.736046511627907
1179,1746,2925,0.6752577319587629
1209,1753,2962,0.6896748431260696
1174,1842,3016,0.6373507057546145
1089,1516,2605,0.7183377308707124
1117,1653,2770,0.6757410768300061
1240,1809,3049,0.685461580983969
1153,1746,2899,0.6603665521191294
1221,1662,2883,0.7346570397111913
1013,1737,2750,0.5831894070236039
1231,1733,2964,0.710328909405655
1202,1687,2889,0.7125074096028453
1265,1763,3028,0.7175269427112876
1238,1686,2924,0.734282325029656
1217,1753,2970,0.6942384483742157
1035,1560,2595,0.6634615384615384
1023,1559,2582,0.6561898652982682
1211,1692,2903,0.7157210401891253
1177,1750,2927,0.6725714285714286
1176,1699,2875,0.6921718658034137
1059,1512,2571,0.7003968253968254
1176,1865,3041,0.6305630026809651
1206,1769,2975,0.6817410966647823
1156,1863,3019,0.620504562533548
1097,1778,2875,0.6169853768278966
1186,1683,2869,0.7046939988116458
1115,1771,2886,0.629587803500847
1101,1710,2811,0.643859649122807
1179,1756,2935,0.6714123006833713
1143,1596,2739,0.7161654135338346
1156,1673,2829,0.6909742976688583
1171,1767,2938,0.6627051499717035
1048,1442,2490,0.7267683772538142
1115,1800,2915,0.6194444444444445
1083,1743,2826,0.621342512908778
1123,1687,2810,0.6656787196206283
1221,1753,2974,0.6965202509982886
1222,1800,3022,0.6788888888888889
1126,1745,2871,0.645272206303725
1151,1708,2859,0.6738875878220141
1159,1742,2901,0.6653272101033295
1220,1740,2960,0.7011494252873564
1052,1640,2692,0.6414634146341464
1187,1827,3014,0.6496989600437876
1085,1926,3011,0.563343717549325
1051,1763,2814,0.5961429381735678
1036,1726,2762,0.6002317497103129
1057,1654,2711,0.6390568319226119
1135,1680,2815,0.6755952380952381
1061,1728,2789,0.6140046296296297
1126,1548,2674,0.727390180878553
1166,1828,2994,0.637855579868709
1160,1748,2908,0.6636155606407322
1106,1590,2696,0.6955974842767295
1056,1732,2788,0.6096997690531177
1043,1587,2630,0.6572148708254568
1082,1700,2782,0.6364705882352941
1058,1734,2792,0.6101499423298731
1104,1655,2759,0.6670694864048339
1012,1693,2705,0.5977554636739516
1074,1757,2831,0.6112692088787707
1098,1565,2663,0.7015974440894569
1145,1793,2938,0.6385945343000557
989,1563,2552,0.6327575175943698
1014,1666,2680,0.6086434573829532
1092,1829,2921,0.5970475669764899
1155,1822,2977,0.6339187705817783
1128,1718,2846,0.6565774155995343
1081,1666,2747,0.648859543817527
1215,1910,3125,0.6361256544502618
1123,1623,2746,0.6919285274183611
1165,1750,2915,0.6657142857142857
1138,1838,2976,0.6191512513601741
1122,1755,2877,0.6393162393162393
1100,1803,2903,0.6100942872989462
1076,1661,2737,0.6478025285972305
1104,1614,2718,0.6840148698884758
1196,1702,2898,0.7027027027027027
1077,1484,2561,0.7257412398921833
1145,1667,2812,0.6868626274745051
1030,1671,2701,0.6163973668461998
1135,1627,2762,0.6976029502151199
1106,1636,2742,0.676039119804401
1161,1769,2930,0.6563029960429622
1148,1814,2962,0.6328555678059536
1160,1741,2901,0.6662837449741528
1083,1798,2881,0.6023359288097887
1165,1834,2999,0.6352235550708834
1134,1793,2927,0.6324595649749024
1134,1733,2867,0.6543566070398154
1106,1553,2659,0.71216999356085
1102,1573,2675,0.7005721551176096
1016,1580,2596,0.6430379746835443
1182,1808,2990,0.6537610619469026
1140,1682,2822,0.6777645659928656
1134,1869,3003,0.6067415730337079
1130,1952,3082,0.5788934426229508
1072,1781,2853,0.6019090398652442
1115,1705,2820,0.6539589442815249
1071,1620,2691,0.6611111111111111
1171,1794,2965,0.6527313266443702
1206,1788,2994,0.674496644295302
1152,1843,2995,0.6250678241996744
1182,1665,2847,0.7099099099099099
1134,1686,2820,0.6725978647686833
1098,1784,2882,0.6154708520179372
1104,1710,2814,0.6456140350877193
795,1336,2131,0.5950598802395209
1050,2025,3075,0.5185185185185185
1713,2138,3851,0.8012160898035547
1040,1753,2793,0.5932686822589845
1104,1799,2903,0.613674263479711
1108,1005,2113,1.1024875621890546
1254,1959,3213,0.6401225114854517
440,673,1113,0.6537890044576523
390,519,909,0.7514450867052023
637,879,1516,0.7246871444823664
1123,1632,2755,0.6881127450980392
741,1113,1854,0.6657681940700808
1468,2526,3994,0.5811559778305622
1286,2448,3734,0.5253267973856209
1459,2381,3840,0.6127677446451071
1352,2249,3601,0.6011560693641619
717,1593,2310,0.4500941619585687
1417,2475,3892,0.5725252525252525
1225,1914,3139,0.6400208986415883
729,1568,2297,0.4649234693877551
1460,2216,3676,0.6588447653429603
1464,2286,3750,0.6404199475065617
1317,2331,3648,0.564993564993565
1007,1637,2644,0.615149664019548
1082,1834,2916,0.5899672846237731
1049,1848,2897,0.5676406926406926
1110,1841,2951,0.6029331884845193
955,1491,2446,0.6405097250167673
981,1937,2918,0.5064532782653588
1210,1865,3075,0.6487935656836461
1340,2089,3429,0.6414552417424605
705,1013,1718,0.6959526159921027
1172,1961,3133,0.5976542580316165
1408,2518,3926,0.5591739475774424
835,1447,2282,0.5770559778852798
1315,2101,3416,0.6258924321751547
1447,2513,3960,0.5758058097890967
2142,1762,3904,1.2156640181611804
2225,1602,3827,1.3888888888888888
2303,1687,3990,1.3651452282157677
1208,1251,2459,0.9656274980015987
1335,1932,3267,0.6909937888198758
1306,2161,3467,0.6043498380379454
1488,2033,3521,0.7319232661091982
1148,1848,2996,0.6212121212121212
1169,1649,2818,0.7089144936325046
961,1729,2690,0.5558126084441873
1419,1948,3367,0.7284394250513347
1216,1534,2750,0.7926988265971316
826,1396,2222,0.5916905444126075
1285,2073,3358,0.6198745779064159
1529,2317,3846,0.6599050496331463
1425,2408,3833,0.5917774086378738
1194,1827,3021,0.6535303776683087
872,1496,2368,0.5828877005347594
1395,1739,3134,0.8021851638872916
1438,1768,3206,0.8133484162895928
1024,1373,2397,0.7458120903131829
701,982,1683,0.7138492871690427
1380,2208,3588,0.625
892,1598,2490,0.55819774718398
1273,2044,3317,0.62279843444227
1225,1841,3066,0.6653992395437263
1384,2182,3566,0.6342804766269478
1278,2791,4069,0.4579003941239699
846,1498,2344,0.5647530040053405
930,1472,2402,0.6317934782608695
708,1130,1838,0.6265486725663717
1406,1841,3247,0.7637153720803911
888,1204,2092,0.7375415282392026
1613,2402,4015,0.6715237302248127
1234,1607,2841,0.7678904791537026
940,1487,2427,0.6321452589105582
1420,2088,3508,0.6800766283524904
1697,1732,3429,0.9797921478060048
1182,1604,2786,0.7369077306733167
1123,2048,3171,0.54833984375
1343,1917,3260,0.7005738132498696
1097,1825,2922,0.6010958904109589
1416,1651,3067,0.8576620230163537
1040,1149,2189,0.9051348999129678
993,1249,2242,0.7950360288230585
1384,1641,3025,0.8433881779402803
1445,2373,3818,0.6089338390223346
1563,2100,3663,0.7442857142857143
1303,2027,3330,0.6428219042920572
803,1482,2285,0.5418353576248313
1215,1611,2826,0.7541899441340782
1212,1805,3017,0.6714681440443213
1369,2192,3561,0.6245437956204379
1091,1599,2690,0.6823014383989994
983,1702,2685,0.5775558166862514
1612,2055,3667,0.7844282238442822
1478,1836,3314,0.8050108932461874
965,1417,2382,0.681016231474947
1052,1503,2555,0.6999334664005322
971,1408,2379,0.6896306818181818
907,2139,3046,0.4240299205236091
570,1082,1652,0.5268022181146026
1219,1740,2959,0.7005747126436782
1246,2327,3573,0.5354533734422002
913,1462,2375,0.6244870041039672
1051,1472,2523,0.7139945652173914
1398,2156,3554,0.6484230055658627
1374,1830,3204,0.7508196721311475
957,1518,2475,0.6304347826086957
827,1385,2212,0.5971119133574008
1420,2198,3618,0.6460418562329391
927,1709,2636,0.5424224692802808
1050,1512,2562,0.6944444444444444
1391,2119,3510,0.656441717791411
1052,1921,2973,0.547631441957314
1041,1554,2595,0.6698841698841699
1002,1714,2716,0.5845974329054843
1289,2385,3674,0.5404612159329141
934,1526,2460,0.6120576671035387
929,1159,2088,0.8015530629853321
748,1074,1822,0.6964618249534451
1513,2376,3889,0.6367845117845118
1192,2404,3596,0.4958402662229617
705,1109,1814,0.6357078449053201
1475,1904,3379,0.7746848739495799
764,1371,2135,0.5572574762946754
1344,2001,3345,0.671664167916042
1387,2507,3894,0.5532508974870363
902,1327,2229,0.6797287113790504
696,1236,1932,0.5631067961165048
1581,2070,3651,0.763768115942029
950,1553,2503,0.6117192530585963
1031,1552,2583,0.6643041237113402
785,1191,1976,0.6591099916036943
1112,2158,3270,0.5152919369786839
1094,1622,2716,0.6744759556103576
965,1555,2520,0.6205787781350482
701,1198,1899,0.5851419031719532
724,1268,1992,0.5709779179810726
876,1368,2244,0.6403508771929824
1100,1946,3046,0.5652620760534429
1261,1802,3063,0.6997780244173141
1451,1862,3313,0.7792696025778733
1675,1996,3671,0.8391783567134269
811,1372,2183,0.5911078717201166
1406,2268,3674,0.6199294532627866
1167,1682,2849,0.6938168846611177
1376,2188,3564,0.6288848263254113
837,1219,2056,0.6866283839212469
1072,1982,3054,0.5408678102926338
979,1747,2726,0.5603892386949055
1605,2311,3916,0.6945045434876677
1152,1849,3001,0.6230394808004327
786,1103,1889,0.7126019945602902
897,1547,2444,0.5798319327731093
784,1239,2023,0.632768361581921
1187,1859,3046,0.6385153308230231
963,1522,2485,0.6327201051248358
1584,2347,3931,0.6749041329356625
1298,1857,3155,0.6989768443726441
1554,2196,3750,0.7076502732240437
1515,2424,3939,0.625
667,1066,1733,0.625703564727955
1142,1773,2915,0.6441060349689791
1016,1551,2567,0.6550612508059317
1093,1673,2766,0.653317393903168
1132,1634,2766,0.6927784577723378
1221,1727,2948,0.7070063694267515
1102,1438,2540,0.7663421418636995
813,1289,2102,0.630721489526765
928,1471,2399,0.6308633582596873
1001,1601,2602,0.6252342286071205
1062,1530,2592,0.6941176470588235
1022,1489,2511,0.6863666890530558
1140,1803,2943,0.632279534109817
1168,1732,2900,0.674364896073903
1116,1690,2806,0.6603550295857988
1063,1657,2720,0.6415208207604104
1084,1707,2791,0.6350322202694786
1103,1719,2822,0.641652123327516
1225,1667,2892,0.7348530293941212
1124,1706,2830,0.6588511137162955
1078,1632,2710,0.6605392156862745
1099,1561,2660,0.7040358744394619
949,1451,2400,0.6540317022742936
1097,1551,2648,0.7072856221792392
990,1519,2509,0.65174456879526
1166,1672,2838,0.6973684210526315
1101,1399,2500,0.7869907076483202
1045,1400,2445,0.7464285714285714
975,1403,2378,0.6949394155381325
901,1350,2251,0.6674074074074074
1036,1588,2624,0.6523929471032746
1109,1669,2778,0.664469742360695
1055,1575,2630,0.6698412698412698
1164,1604,2768,0.7256857855361596
1198,1671,2869,0.7169359664871334
986,1507,2493,0.6542800265428003
1123,1659,2782,0.676913803496082
1106,1646,2752,0.6719319562575942
1010,1543,2553,0.6545690213869086
1125,1556,2681,0.7230077120822622
1031,1528,2559,0.6747382198952879
1156,1489,2645,0.7763599731363331
1007,1574,2581,0.6397712833545108
1045,1676,2721,0.6235083532219571
1113,1574,2687,0.7071156289707751
1104,1699,2803,0.6497939964685109
1069,1475,2544,0.7247457627118644
1014,1450,2464,0.6993103448275862
1150,1614,2764,0.7125154894671624
1144,1684,2828,0.6793349168646081
1064,1626,2690,0.6543665436654367
1152,1701,2853,0.6772486772486772
1212,1699,2911,0.7133608004708653
1179,1698,2877,0.6943462897526502
1157,1669,2826,0.6932294787297784
1109,1621,2730,0.6841455891425047
1166,1556,2722,0.7493573264781491
974,1452,2426,0.6707988980716253
1077,1522,2599,0.7076215505913273
1095,1676,2771,0.6533412887828163
1099,1652,2751,0.6652542372881356
1068,1434,2502,0.7447698744769874
1133,1540,2673,0.7357142857142858
1058,1665,2723,0.6354354354354355
1189,1818,3007,0.654015401540154
1046,1590,2636,0.6578616352201258
1141,1677,2818,0.6803816338700059
1020,1484,2504,0.6873315363881402
1122,1699,2821,0.6603884638022366
1072,1525,2597,0.7029508196721311
1026,1457,2483,0.7041866849691146
1106,1503,2609,0.7358616101131071
1025,1413,2438,0.7254069355980184
985,1561,2546,0.6310057655349135
930,1289,2219,0.721489526764934
1051,1234,2285,0.8517017828200972
983,1321,2304,0.7441332323996972
974,1546,2520,0.630012936610608
1172,1453,2625,0.8066070199587061
1133,1501,2634,0.7548301132578281
1099,1450,2549,0.7579310344827587
1103,1589,2692,0.6941472624292008
1136,1471,2607,0.7722637661454793
1063,1521,2584,0.6988823142669297
1079,1387,2466,0.7779379956741168
1027,1494,2521,0.6874163319946452
1183,1724,2907,0.6861948955916474
1171,1573,2744,0.7444373808010172
957,1432,2389,0.6682960893854749
1053,1625,2678,0.648
1205,1602,2807,0.7521847690387016
1134,1679,2813,0.6754020250148898
1102,1684,2786,0.6543942992874109
1151,1721,2872,0.6687972109238814
1177,1683,2860,0.6993464052287581
1221,1725,2946,0.7078260869565217
896,1356,2252,0.6607669616519174
1170,1584,2754,0.7386363636363636
1229,1728,2957,0.7112268518518519
1047,1604,2651,0.6527431421446384
1161,1526,2687,0.7608125819134993
1130,1469,2599,0.7692307692307693
966,1426,2392,0.6774193548387096
1010,1568,2578,0.6441326530612245
1073,1564,2637,0.6860613810741688
1067,1563,2630,0.6826615483045425
1055,1557,2612,0.6775850995504175
1116,1609,2725,0.6935985083903046
958,1479,2437,0.6477349560513861
1203,1666,2869,0.7220888355342137
1001,1504,2505,0.6655585106382979
819,1282,2101,0.6388455538221529
944,1465,2409,0.6443686006825938
1080,1533,2613,0.7045009784735812
1104,1485,2589,0.7434343434343434
1170,1625,2795,0.72
1056,1660,2716,0.636144578313253
1020,1527,2547,0.6679764243614931
1042,1513,2555,0.6886979510905485
1089,1565,2654,0.6958466453674121
1123,1610,2733,0.6975155279503106
1125,1489,2614,0.7555406312961719
1106,1515,2621,0.73003300330033
1131,1627,2758,0.6951444376152428
925,1408,2333,0.6569602272727273
941,1379,2320,0.6823785351704134
1074,1458,2532,0.7366255144032922
1233,1702,2935,0.7244418331374853
1059,1560,2619,0.6788461538461539
1215,1712,2927,0.709696261682243
1114,1490,2604,0.7476510067114094
1149,1613,2762,0.7123372597644141
1250,1588,2838,0.7871536523929471
1030,1626,2656,0.6334563345633456
1127,1468,2595,0.7677111716621253
1220,1660,2880,0.7349397590361446
1273,1644,2917,0.774330900243309
1146,1667,2813,0.6874625074985004
1020,1364,2384,0.7478005865102639
1213,1614,2827,0.751548946716233
1140,1531,2671,0.744611365120836
933,1481,2414,0.6299797434166104
1018,1634,2652,0.6230110159118727
1026,1477,2503,0.6946513202437373
1113,1537,2650,0.7241379310344828
1197,1769,2966,0.6766534765404183
1130,1603,2733,0.7049282595134123
1037,1606,2643,0.6457036114570361
1090,1663,2753,0.6554419723391461
1137,1680,2817,0.6767857142857143
1291,1724,3015,0.7488399071925754
1156,1543,2699,0.7491898898250162
1140,1533,2673,0.7436399217221135
1203,1637,2840,0.7348808796579108
1075,1436,2511,0.7486072423398329
1202,1668,2870,0.7206235011990407
1004,1358,2362,0.7393225331369662
1106,1518,2624,0.7285902503293807
1132,1586,2718,0.7137452711223203
1216,1701,2917,0.7148736037624926
1047,1636,2683,0.6399755501222494
1081,1757,2838,0.6152532726237906
1086,1709,2795,0.6354593329432416
1196,1645,2841,0.7270516717325228
1033,1542,2575,0.6699092088197146
1156,1595,2751,0.7247648902821316
1015,1544,2559,0.6573834196891192
1030,1481,2511,0.6954760297096556
1088,1668,2756,0.6522781774580336
1157,1561,2718,0.7411915438821268
1175,1615,2790,0.7275541795665634
1222,1595,2817,0.7661442006269592
1228,1676,2904,0.7326968973747017
1063,1748,2811,0.6081235697940504
1093,1546,2639,0.7069857697283312
1001,1465,2466,0.6832764505119454
1184,1577,2761,0.7507926442612556
993,1603,2596,0.619463505926388
1112,1576,2688,0.7055837563451777
1112,1635,2747,0.6801223241590214
992,1406,2398,0.705547652916074
1110,1564,2674,0.7097186700767263
1052,1586,2638,0.6633039092055486
1134,1557,2691,0.7283236994219653
1101,1528,2629,0.7205497382198953
1163,1525,2688,0.7626229508196721
1302,1655,2957,0.7867069486404834
1143,1572,2715,0.7270992366412213
949,1519,2468,0.6247531270572745
1049,1499,2548,0.6997998665777185
1125,1685,2810,0.6676557863501483
1365,1808,3173,0.7549778761061947
1165,1793,2958,0.6497490239821528
1151,1567,2718,0.7345245692405871
1224,1678,2902,0.7294398092967819
1175,1659,2834,0.7082579867389994
1200,1681,2881,0.7138607971445569
1046,1644,2690,0.6362530413625304
1039,1584,2623,0.6559343434343434
1008,1390,2398,0.7251798561151079
1073,1596,2669,0.6723057644110275
1135,1617,2752,0.7019171304885591
1130,1588,2718,0.7115869017632241
1160,1660,2820,0.6987951807228916
1181,1686,2867,0.7004744958481613
1111,1443,2554,0.7699237699237699
1262,1627,2889,0.775660725261217
1172,1669,2841,0.7022168963451169
1138,1525,2663,0.7462295081967213
1032,1497,2529,0.6893787575150301
927,1496,2423,0.6196524064171123
1212,1554,2766,0.7799227799227799
1223,1672,2895,0.7314593301435407
1219,1705,2924,0.7149560117302053
1304,1777,3081,0.7338210467079347
1189,1464,2653,0.8121584699453552
1111,1408,2519,0.7890625
1236,1543,2779,0.8010369410239793
1070,1408,2478,0.7599431818181818
1125,1617,2742,0.6957328385899815
1158,1612,2770,0.7183622828784119
891,1472,2363,0.6052989130434783
1149,1676,2825,0.6855608591885441
1054,1549,2603,0.6804389928986443
1205,1683,2888,0.7159833630421866
1176,1609,2785,0.7308887507768801
1241,1771,3012,0.7007340485601355
1158,1672,2830,0.6925837320574163
1201,1494,2695,0.8038821954484605
1102,1650,2752,0.6678787878787878
1214,1603,2817,0.7573300062383032
1098,1617,2715,0.6790352504638218
1241,1687,2928,0.7356253704801423
1138,1751,2889,0.6499143346659052
1230,1605,2835,0.7663551401869159
1143,1571,2714,0.7275620623806492
950,1483,2433,0.6405933917734322
1111,1570,2681,0.7076433121019108
1144,1623,2767,0.7048675292667899
906,1370,2276,0.6613138686131387
1023,1449,2472,0.7060041407867494
1123,1581,2704,0.7103099304237824
1242,1708,2950,0.7271662763466042
1051,1620,2671,0.6487654320987655
1119,1711,2830,0.6540035067212157
1151,1571,2722,0.7326543602800764
952,1373,2325,0.6933721777130372
889,1358,2247,0.654639175257732
798,1161,1959,0.6873385012919897
1096,1639,2735,0.6687004270896888
1062,1572,2634,0.6755725190839694
914,1308,2222,0.6987767584097859
985,1390,2375,0.7086330935251799
1071,1495,2566,0.7163879598662207
1088,1560,2648,0.6974358974358974
1057,1575,2632,0.6711111111111111
1084,1572,2656,0.6895674300254453
1095,1562,2657,0.7010243277848912
1093,1606,2699,0.6805728518057285
1061,1682,2743,0.6307966706302022
1149,1528,2677,0.7519633507853403
1048,1499,2547,0.6991327551701134
1125,1619,2744,0.6948733786287832
1028,1551,2579,0.6627981947130883
1096,1423,2519,0.7702037947997189
1157,1618,2775,0.7150803461063041
1145,1685,2830,0.6795252225519288
1142,1724,2866,0.6624129930394431
1249,1670,2919,0.7479041916167665
990,1559,2549,0.6350224502886466
1275,1744,3019,0.7310779816513762
1252,1746,2998,0.7170675830469645
996,1496,2492,0.6657754010695187
1229,1776,3005,0.6920045045045045
979,1560,2539,0.6275641025641026
1111,1608,2719,0.6909203980099502
1151,1566,2717,0.7349936143039592
1085,1577,2662,0.6880152187698161
1245,1751,2996,0.7110222729868646
1182,1600,2782,0.73875
1092,1604,2696,0.6807980049875312
1321,1708,3029,0.7734192037470726
1189,1571,2760,0.7568427753023552
937,1415,2352,0.662190812720848
1155,1565,2720,0.7380191693290735
1241,1643,2884,0.7553256238587949
1169,1672,2841,0.6991626794258373
1141,1657,2798,0.6885938442969222
1153,1730,2883,0.6664739884393064
1040,1567,2607,0.6636885768985322
1136,1619,2755,0.701667696108709
1120,1587,2707,0.7057340894770007
1192,1826,3018,0.6527929901423878
1190,1833,3023,0.6492089470812875
1149,1721,2870,0.6676350958744915
1014,1508,2522,0.6724137931034483
1067,1559,2626,0.6844130853110969
1145,1561,2706,0.7335041639974376
971,1451,2422,0.6691936595451413
1024,1516,2540,0.6754617414248021
1148,1640,2788,0.7
1144,1690,2834,0.676923076923077
1042,1675,2717,0.622089552238806
1195,1666,2861,0.7172869147659063
1096,1787,2883,0.6133184107442641
1337,1805,3142,0.7407202216066482
1129,1597,2726,0.7069505322479649
1138,1665,2803,0.6834834834834835
1117,1521,2638,0.7343852728468113
1205,1680,2885,0.7172619047619048
1030,1617,2647,0.6369820655534941
1153,1638,2791,0.703907203907204
1053,1522,2575,0.6918528252299606
1187,1481,2668,0.8014854827819041
1088,1590,2678,0.6842767295597484
1126,1633,2759,0.6895284751990202
1204,1722,2926,0.6991869918699187
1264,1673,2937,0.7555289898386133
1067,1574,2641,0.6778907242693774
841,1122,1963,0.749554367201426
1117,1787,2904,0.625069949636262
1056,1490,2546,0.7087248322147651
1212,1606,2818,0.7546699875466999
1083,1659,2742,0.6528028933092225
1051,1485,2536,0.7077441077441078
1219,1554,2773,0.7844272844272844
1036,1564,2600,0.6624040920716112
1167,1567,2734,0.7447351627313338
1112,1613,2725,0.689398636081835
1204,1528,2732,0.7879581151832461
1217,1668,2885,0.7296163069544365
1081,1467,2548,0.7368779822767553
1031,1524,2555,0.676509186351706
1058,1541,2599,0.6865671641791045
1081,1572,2653,0.6876590330788804
1265,1707,2972,0.7410661980082015
1228,1669,2897,0.7357699221090473
1181,1535,2716,0.7693811074918567
1115,1578,2693,0.7065906210392903
1268,1760,3028,0.7204545454545455
1246,1689,2935,0.7377146240378922
1190,1675,2865,0.7104477611940299
1186,1612,2798,0.7357320099255583
1067,1574,2641,0.6778907242693774
1329,1711,3040,0.7767387492694331
1162,1575,2737,0.7377777777777778
1114,1649,2763,0.6755609460278957
1231,1860,3091,0.6618279569892473
1046,1499,2545,0.6977985323549033
1255,1699,2954,0.7386698057680989
1369,1822,3191,0.7513721185510428
1094,1673,2767,0.6539151225343693
1036,1519,2555,0.6820276497695853
1223,1584,2807,0.7720959595959596
1008,1380,2388,0.7304347826086957
1310,1783,3093,0.7347167694896243
1219,1613,2832,0.7557346559206448
1083,1419,2502,0.7632135306553911
1052,1420,2472,0.7408450704225352
1062,1585,2647,0.670031545741325
1150,1577,2727,0.7292327203551047
1029,1492,2521,0.6896782841823056
1111,1542,2653,0.7204928664072633
1058,1548,2606,0.6834625322997416
1082,1537,2619,0.7039687703318153
1018,1467,2485,0.6939331970006817
1090,1689,2779,0.6453522794552989
1169,1600,2769,0.730625
1121,1540,2661,0.727922077922078
1160,1694,2854,0.6847697756788665
1070,1574,2644,0.6797966963151207
1041,1571,2612,0.6626352641629535
1286,1870,3156,0.6877005347593583
1133,1682,2815,0.6736028537455411
1302,1815,3117,0.7173553719008264
1102,1619,2721,0.6806670784434836
1111,1658,2769,0.6700844390832328
1059,1508,2567,0.7022546419098143
1192,1642,2834,0.7259439707673568
1073,1527,2600,0.7026850032743942
1046,1383,2429,0.7563268257411424
1157,1708,2865,0.677400468384075
1141,1558,2699,0.7323491655969191
1128,1588,2716,0.7103274559193955
1058,1490,2548,0.7100671140939597
1204,1676,2880,0.7183770883054893
1100,1618,2718,0.6798516687268232
1165,1626,2791,0.7164821648216482
1067,1553,2620,0.6870573084352866
880,1318,2198,0.6676783004552352
1158,1651,2809,0.7013930950938825
1201,1644,2845,0.7305352798053528
1272,1662,2934,0.7653429602888087
1094,1560,2654,0.7012820512820512
1090,1539,2629,0.7082521117608837
994,1525,2519,0.6518032786885246
1116,1620,2736,0.6888888888888889
1113,1612,2725,0.6904466501240695
1127,1681,2808,0.6704342653182629
1056,1456,2512,0.7252747252747253
942,1451,2393,0.6492074431426602
953,1432,2385,0.6655027932960894
1093,1719,2812,0.6358347876672484
991,1648,2639,0.6013349514563107
1033,1399,2432,0.7383845604002859
1146,1528,2674,0.75
1086,1329,2415,0.8171557562076749
1160,1680,2840,0.6904761904761905
1095,1632,2727,0.6709558823529411
1141,1643,2784,0.6944613511868534
989,1338,2327,0.7391629297458894
1029,1605,2634,0.6411214953271028
1071,1710,2781,0.6263157894736842
1309,1769,3078,0.7399660825325043
1101,1638,2739,0.6721611721611722
1149,1517,2666,0.7574159525379037
1139,1587,2726,0.7177063642091998
1192,1715,2907,0.6950437317784257
1180,1603,2783,0.7361197754210854
1130,1609,2739,0.7022995649471722
1059,1494,2553,0.7088353413654619
1079,1605,2684,0.6722741433021807
1054,1490,2544,0.7073825503355705
991,1479,2470,0.6700473292765382
1089,1609,2698,0.6768178993163455
1178,1530,2708,0.7699346405228759
925,1377,2302,0.6717501815541032
1113,1550,2663,0.7180645161290322
1063,1497,2560,0.7100868403473614
979,1433,2412,0.683182135380321
1185,1591,2776,0.7448145820238844
987,1380,2367,0.7152173913043478
1020,1589,2609,0.6419131529263687
1004,1468,2472,0.6839237057220708
1166,1530,2696,0.7620915032679738
1173,1725,2898,0.68
1081,1514,2595,0.7140026420079261
1127,1720,2847,0.6552325581395348
1214,1649,2863,0.7362037598544573
1184,1707,2891,0.6936145284124194
962,1452,2414,0.662534435261708
965,1493,2458,0.6463496316141996
995,1528,2523,0.6511780104712042
1048,1626,2674,0.6445264452644527
1141,1594,2735,0.7158092848180677
1147,1510,2657,0.7596026490066226
1218,1604,2822,0.7593516209476309
1038,1444,2482,0.7188365650969529
988,1395,2383,0.7082437275985664
1244,1805,3049,0.689196675900277
1006,1464,2470,0.6871584699453552
1123,1561,2684,0.7194106342088404
1201,1645,2846,0.7300911854103344
1140,1576,2716,0.7233502538071066
1125,1516,2641,0.7420844327176781
1028,1494,2522,0.6880856760374833
1125,1652,2777,0.6809927360774818
1208,1628,2836,0.742014742014742
1227,1745,2972,0.7031518624641834
988,1425,2413,0.6933333333333334
1025,1558,2583,0.6578947368421053
1096,1553,2649,0.7057308435286542
1167,1651,2818,0.7068443367655967
991,1642,2633,0.6035322777101096
1046,1575,2621,0.6641269841269841
1058,1385,2443,0.763898916967509
1037,1561,2598,0.6643177450352338
1122,1657,2779,0.6771273385636692
1153,1601,2754,0.7201748906933166
1241,1698,2939,0.7308598351001178
1005,1521,2526,0.6607495069033531
1153,1703,2856,0.6770405167351732
1230,1608,2838,0.7649253731343284
934,1520,2454,0.6144736842105263
1087,1560,2647,0.6967948717948718
1040,1577,2617,0.6594800253646164
1087,1481,2568,0.7339635381498987
1055,1527,2582,0.6908971840209561
978,1540,2518,0.6350649350649351
1081,1579,2660,0.6846105129829005
1118,1588,2706,0.7040302267002518
1122,1488,2610,0.7540322580645161
1016,1425,2441,0.7129824561403508
1103,1540,2643,0.7162337662337662
1037,1431,2468,0.7246680642907058
946,1406,2352,0.6728307254623044
1157,1544,2701,0.7493523316062176
1212,1659,2871,0.7305605786618445
961,1623,2584,0.59211337030191
1128,1463,2591,0.7710184552289815
1047,1600,2647,0.654375
1117,1515,2632,0.7372937293729372
1036,1657,2693,0.6252263126131563
1061,1416,2477,0.7492937853107344
1108,1546,2654,0.7166882276843467
1191,1608,2799,0.7406716417910447
1105,1560,2665,0.7083333333333334
1052,1585,2637,0.6637223974763407
1001,1354,2355,0.7392909896602659
981,1581,2562,0.6204933586337761
1107,1510,2617,0.733112582781457
1112,1600,2712,0.695
1009,1331,2340,0.758076634109692
1091,1718,2809,0.6350407450523865
1195,1675,2870,0.7134328358208956
933,1294,2227,0.7210200927357032
1314,1870,3184,0.7026737967914438
1147,1727,2874,0.664157498552403
1149,1616,2765,0.7110148514851485
987,1507,2494,0.654943596549436
1033,1515,2548,0.6818481848184819
1043,1425,2468,0.7319298245614035
1239,1640,2879,0.7554878048780488
1157,1726,2883,0.6703360370799536
1139,1614,2753,0.7057001239157373
1152,1735,2887,0.6639769452449568
1207,1545,2752,0.7812297734627832
1195,1577,2772,0.7577679137603044
1244,1675,2919,0.7426865671641791
1146,1706,2852,0.671746776084408
1134,1534,2668,0.7392438070404173
1037,1687,2724,0.6147006520450504
1155,1622,2777,0.7120838471023427
1151,1570,2721,0.7331210191082802
1240,1738,2978,0.713463751438435
1008,1424,2432,0.7078651685393258
971,1471,2442,0.6600951733514616
951,1472,2423,0.6460597826086957
1158,1571,2729,0.7371101209420751
1131,1467,2598,0.7709611451942741
1034,1419,2453,0.7286821705426356
929,1321,2250,0.7032551097653293
1030,1599,2629,0.6441525953721076
938,1355,2293,0.692250922509225
962,1545,2507,0.6226537216828479
1121,1580,2701,0.709493670886076
1087,1546,2633,0.703104786545925
1103,1688,2791,0.6534360189573459
1013,1467,2480,0.6905248807089298
1097,1640,2737,0.6689024390243903
1072,1573,2645,0.6815003178639543
1085,1583,2668,0.6854074542008844
1231,1703,2934,0.7228420434527305
1132,1592,2724,0.7110552763819096
1005,1554,2559,0.6467181467181468
1065,1314,2379,0.8105022831050228
1124,1569,2693,0.7163798597833014
1021,1363,2384,0.7490829053558328
854,1255,2109,0.6804780876494024
869,1283,2152,0.6773187840997662
876,1335,2211,0.6561797752808989
1234,1556,2790,0.7930591259640103
945,1337,2282,0.7068062827225131
1089,1535,2624,0.7094462540716613
1143,1518,2661,0.7529644268774703
1055,1529,2584,0.6899934597776325
1032,1524,2556,0.6771653543307087
1002,1583,2585,0.6329753632343651
920,1483,2403,0.6203641267700607
866,1369,2235,0.6325785244704164
1116,1463,2579,0.7628161312371838
1135,1601,2736,0.7089319175515303
975,1404,2379,0.6944444444444444
1108,1604,2712,0.6907730673316709
1045,1598,2643,0.6539424280350438
1111,1542,2653,0.7204928664072633
1037,1621,2658,0.6397285626156693
1014,1664,2678,0.609375
923,1412,2335,0.6536827195467422
1076,1566,2642,0.6871008939974457
1160,1638,2798,0.7081807081807082
1032,1630,2662,0.6331288343558282
1078,1656,2734,0.6509661835748792
1103,1579,2682,0.6985433818872704
1028,1570,2598,0.6547770700636942
842,1431,2273,0.5883997204751922
1066,1553,2619,0.686413393432067
1150,1663,2813,0.6915213469633193
980,1456,2436,0.6730769230769231
918,1332,2250,0.6891891891891891
951,1451,2402,0.6554100620261888
892,1486,2378,0.6002691790040376
1027,1418,2445,0.7242595204513399
900,1442,2342,0.624133148404993
849,1357,2206,0.6256448047162859
850,1266,2116,0.6714060031595577
922,1464,2386,0.6297814207650273
767,1221,1988,0.6281736281736282
1129,1574,2703,0.7172808132147395
875,1414,2289,0.6188118811881188
928,1359,2287,0.6828550404709345
992,1423,2415,0.6971187631763879
1065,1493,2558,0.7133288680509042
1080,1506,2586,0.7171314741035857
1045,1445,2490,0.7231833910034602
907,1479,2386,0.6132521974306964
1108,1605,2713,0.6903426791277258
858,1481,2339,0.5793382849426063
1044,1626,2670,0.6420664206642066
1053,1474,2527,0.7143826322930801
891,1385,2276,0.6433212996389892
1104,1687,2791,0.6544161232957914
1176,1738,2914,0.6766398158803222
1183,1711,2894,0.6914085330216247
1129,1637,2766,0.6896762370189371
1064,1484,2548,0.7169811320754716
1055,1397,2452,0.7551896921975663
1011,1485,2496,0.6808080808080809
1054,1451,2505,0.7263955892487939
1053,1548,2601,0.6802325581395349
1095,1473,2568,0.7433808553971487
1118,1633,2751,0.6846295162278015
1140,1670,2810,0.6826347305389222
1152,1603,2755,0.7186525265127885
1004,1532,2536,0.6553524804177546
1101,1585,2686,0.6946372239747634
1141,1529,2670,0.7462393721386528
1205,1683,2888,0.7159833630421866
1082,1529,2611,0.7076520601700458
1011,1463,2474,0.6910457963089542
1091,1470,2561,0.7421768707482993
978,1517,2495,0.6446934739617667
1145,1555,2700,0.7363344051446945
1075,1608,2683,0.6685323383084577
1036,1509,2545,0.6865473823724321
984,1338,2322,0.7354260089686099
946,1293,2239,0.731631863882444
1031,1423,2454,0.724525650035137
1151,1745,2896,0.6595988538681948
1072,1604,2676,0.6683291770573566
1115,1498,2613,0.7443257676902537
928,1317,2245,0.7046317388003037
1189,1676,2865,0.7094272076372315
963,1623,2586,0.5933456561922366
1109,1574,2683,0.704574332909784
1226,1704,2930,0.7194835680751174
1172,1812,2984,0.6467991169977925
1165,1651,2816,0.705632949727438
1068,1607,2675,0.6645924082140635
1161,1662,2823,0.6985559566787004
943,1489,2432,0.6333109469442579
1077,1651,2728,0.6523319200484555
1069,1569,2638,0.681325685149777
1038,1445,2483,0.7183391003460208
1032,1585,2617,0.6511041009463723
1044,1462,2506,0.7140902872777017
1122,1602,2724,0.700374531835206
966,1433,2399,0.6741102581995813
1044,1632,2676,0.6397058823529411
852,1221,2073,0.6977886977886978
945,1267,2212,0.7458563535911602
1000,1433,2433,0.6978367062107467
1124,1608,2732,0.6990049751243781
1065,1570,2635,0.678343949044586
1144,1639,2783,0.697986577181208
980,1417,2397,0.6916019760056458
871,1251,2122,0.6962430055955235
1109,1401,2510,0.7915774446823698
1118,1628,2746,0.6867321867321867
1058,1435,2493,0.7372822299651568
1066,1499,2565,0.7111407605070047
991,1443,2434,0.6867636867636867
1054,1447,2501,0.728403593642018
1120,1642,2762,0.682095006090134
1179,1640,2819,0.7189024390243902
1048,1586,2634,0.6607818411097099
1117,1631,2748,0.6848559166155732
997,1407,2404,0.7085998578535891
1163,1650,2813,0.7048484848484848
1036,1517,2553,0.6829268292682927
960,1388,2348,0.69164265129683
1127,1638,2765,0.688034188034188
991,1405,2396,0.7053380782918149
860,1449,2309,0.5935127674258109
1069,1647,2716,0.6490588949605343
1025,1583,2608,0.6475047378395452
1000,1378,2378,0.7256894049346879
1050,1611,2661,0.6517690875232774
1001,1446,2447,0.6922544951590595
972,1518,2490,0.6403162055335968
1040,1499,2539,0.6937958639092728
1162,1544,2706,0.7525906735751295
1067,1607,2674,0.6639701306782825
893,1094,1987,0.8162705667276051
881,1278,2159,0.689358372456964
1033,1589,2622,0.6500943989930774
1034,1482,2516,0.6977058029689609
919,1375,2294,0.6683636363636364
1087,1474,2561,0.737449118046133
985,1451,2436,0.6788421778084079
1085,1447,2532,0.7498272287491361
814,1225,2039,0.6644897959183673
973,1374,2347,0.7081513828238719
1205,1610,2815,0.7484472049689441
1074,1715,2789,0.6262390670553936
941,1304,2245,0.7216257668711656
1031,1586,2617,0.650063051702396
1156,1712,2868,0.6752336448598131
1030,1435,2465,0.7177700348432056
1032,1494,2526,0.6907630522088354
1057,1568,2625,0.6741071428571429
1049,1514,2563,0.6928665785997358
1004,1388,2392,0.723342939481268
1159,1635,2794,0.708868501529052
935,1338,2273,0.6988041853512705
896,1533,2429,0.5844748858447488
983,1495,2478,0.6575250836120401
1103,1460,2563,0.7554794520547945
1041,1641,2682,0.6343692870201096
767,1181,1948,0.6494496189669772
1049,1647,2696,0.6369156041287188
1040,1609,2649,0.6463642013673089
883,1527,2410,0.5782580222658809
1015,1678,2693,0.6048867699642432
962,1621,2583,0.5934608266502159
847,1451,2298,0.5837353549276361
920,1445,2365,0.6366782006920415
983,1430,2413,0.6874125874125874
1064,1501,2565,0.7088607594936709
1105,1611,2716,0.685909373060211
1101,1611,2712,0.6834264432029795
1066,1637,2703,0.6511912034208919
789,1337,2126,0.5901271503365744
693,1192,1885,0.5813758389261745
859,1283,2142,0.6695245518316446
763,1361,2124,0.5606171932402645
1035,1628,2663,0.6357493857493858
1032,1569,2601,0.6577437858508605
954,1475,2429,0.6467796610169492
1087,1557,2644,0.6981374438021837
965,1310,2275,0.7366412213740458
1002,1177,2179,0.8513169073916738
1079,1700,2779,0.6347058823529412
1054,1463,2517,0.7204374572795625
1018,1500,2518,0.6786666666666666
1059,1527,2586,0.693516699410609
987,1375,2362,0.7178181818181818
1004,1504,2508,0.6675531914893617
792,1324,2116,0.5981873111782477
962,1611,2573,0.5971446306641838
1128,1516,2644,0.7440633245382586
999,1454,2453,0.68707015130674
1137,1697,2834,0.6700058927519151
1056,1672,2728,0.631578947368421
1039,1580,2619,0.6575949367088607
990,1575,2565,0.6285714285714286
864,1438,2302,0.6008344923504868
810,1444,2254,0.5609418282548476
823,1378,2201,0.5972423802612482
816,1513,2329,0.5393258426966292
1122,1603,2725,0.6999376169681847
1033,1591,2624,0.6492771841609051
1052,1576,2628,0.6675126903553299
931,1434,2365,0.6492329149232915
1126,1614,2740,0.6976456009913259
1042,1558,2600,0.668806161745828
983,1590,2573,0.6182389937106918
899,1475,2374,0.6094915254237289
898,1335,2233,0.6726591760299625
1203,1647,2850,0.7304189435336976
1032,1484,2516,0.6954177897574124
1192,1625,2817,0.7335384615384616
1167,1629,2796,0.716390423572744
1079,1590,2669,0.6786163522012578
1089,1562,2651,0.6971830985915493
1039,1706,2745,0.6090269636576788
1068,1541,2609,0.6930564568462038
1040,1501,2541,0.692871419053964
972,1542,2514,0.6303501945525292
1019,1548,2567,0.6582687338501292
960,1471,2431,0.6526172671651937
1044,1560,2604,0.6692307692307692
1216,1654,2870,0.7351874244256348
1052,1370,2422,0.7678832116788321
1085,1632,2717,0.664828431372549
976,1460,2436,0.6684931506849315
1028,1507,2535,0.6821499668214996
1057,1537,2594,0.6877033181522446
1115,1643,2758,0.6786366402921485
1168,1644,2812,0.7104622871046229
1151,1697,2848,0.6782557454331173
1037,1565,2602,0.6626198083067093
1104,1529,2633,0.7220405493786789
1101,1603,2704,0.686837180286962
1146,1663,2809,0.6891160553217077
927,1581,2508,0.5863377609108159
893,1398,2291,0.6387696709585121
859,1485,2344,0.5784511784511784
1040,1706,2746,0.6096131301289566
1004,1836,2840,0.5468409586056645
882,1441,2323,0.6120749479528106
1139,1774,2913,0.6420518602029313
1078,1584,2662,0.6805555555555556
975,1599,2574,0.6097560975609756
1109,1683,2792,0.6589423648247178
1108,1553,2661,0.7134578235672892
929,1573,2502,0.5905912269548633
838,1429,2267,0.5864240727781665
797,1510,2307,0.5278145695364238
1086,1587,2673,0.6843100189035917
980,1416,2396,0.692090395480226
829,1140,1969,0.7271929824561404
1224,1659,2883,0.7377938517179023
1017,1530,2547,0.6647058823529411
996,1515,2511,0.6574257425742575
1123,1711,2834,0.6563413208649912
1182,1749,2931,0.6758147512864494
1005,1672,2677,0.6010765550239234
1042,1494,2536,0.6974564926372155
981,1424,2405,0.6889044943820225
1012,1550,2562,0.6529032258064517
919,1440,2359,0.6381944444444444
978,1466,2444,0.6671214188267395
981,1648,2629,0.5952669902912622
1000,1572,2572,0.6361323155216285
1026,1584,2610,0.6477272727272727
1119,1682,2801,0.6652794292508918
1063,1635,2698,0.6501529051987768
1123,1614,2737,0.6957868649318464
1054,1551,2605,0.6795615731785944
1133,1727,2860,0.6560509554140127
1191,1728,2919,0.6892361111111112
1357,2345,3702,0.5786780383795309
22,23,45,0.9565217391304348
872,1532,2404,0.5691906005221932
1578,2467,4045,0.6396432914471017
1535,2507,4042,0.6122856003191065
1672,2423,4095,0.6900536524969046
1598,2486,4084,0.6427996781979083
1749,2084,3833,0.8392514395393474
1587,2134,3721,0.7436738519212746
1601,2368,3969,0.676097972972973
1607,2423,4030,0.6632274040445728
1535,2434,3969,0.6306491372226787
1260,2144,3404,0.5876865671641791
1384,2099,3483,0.6593616007622678
1673,2352,4025,0.7113095238095238
1192,1581,2773,0.7539531941808981
1486,1839,3325,0.8080478520935291
1625,2159,3784,0.7526632700324224
1308,1976,3284,0.6619433198380567
1487,2411,3898,0.6167565325591041
1647,2338,3985,0.704448246364414
1585,2212,3797,0.7165461121157324
1427,2556,3983,0.5582942097026604
1563,1623,3186,0.9630314232902032
1729,2080,3809,0.83125
1807,2289,4096,0.7894276976845784
1998,1945,3943,1.027249357326478
1563,2374,3937,0.6583824768323505
1442,2111,3553,0.6830885836096636
1539,2368,3907,0.6499155405405406
1465,2487,3952,0.5890631282669884
1492,2510,4002,0.5944223107569722
1500,2320,3820,0.646551724137931
1487,1860,3347,0.7994623655913978
1709,2322,4031,0.7360034453057709
1734,2273,4007,0.7628684557853057
1443,2509,3952,0.5751295336787565
1339,2381,3720,0.5623687526249475
1230,2733,3963,0.4500548847420417
1326,2179,3505,0.6085360256998623
1441,2486,3927,0.5796460176991151
1534,2463,3997,0.6228177019894438
1233,2207,3440,0.5586769370185772
1262,2309,3571,0.5465569510610654
1434,2604,4038,0.5506912442396313
633,1257,1890,0.5035799522673031
1330,2199,3529,0.6048203728967713
1174,2515,3689,0.4667992047713717
1625,2459,4084,0.6608377389182595
1680,2295,3975,0.7320261437908496
1558,1758,3316,0.8862343572241184
1027,1605,2632,0.6398753894080997
1495,2357,3852,0.6342808655070005
1544,2160,3704,0.7148148148148148
1533,2397,3930,0.639549436795995
1741,2001,3742,0.8700649675162418
1466,2172,3638,0.6749539594843462
1442,2346,3788,0.6146632566069906
1819,2226,4045,0.8171608265947888
1815,2154,3969,0.8426183844011143
1420,2186,3606,0.6495882891125343
1045,1470,2515,0.7108843537414966
1070,1702,2772,0.6286721504112809
1070,1524,2594,0.7020997375328084
1130,1643,2773,0.6877662811929397
1139,1669,2808,0.6824445775913721
1128,1703,2831,0.6623605402231356
912,1402,2314,0.6504992867332382
1131,1755,2886,0.6444444444444445
1145,1695,2840,0.6755162241887905
1238,1705,2943,0.726099706744868
1149,1817,2966,0.6323610346725371
1089,1555,2644,0.7003215434083602
1304,1684,2988,0.7743467933491687
1001,1383,2384,0.7237888647866956
1205,1664,2869,0.7241586538461539
1139,1619,2758,0.7035206917850525
1092,1561,2653,0.6995515695067265
1138,1661,2799,0.6851294400963275
1159,1587,2746,0.7303087586641462
1208,1697,2905,0.7118444313494402
988,1535,2523,0.6436482084690553
1175,1761,2936,0.6672345258375922
1131,1607,2738,0.7037958929682638
1038,1512,2550,0.6865079365079365
1111,1613,2724,0.6887786732796032
785,1098,1883,0.714936247723133
1172,1741,2913,0.6731763354394027
1141,1612,2753,0.7078163771712159
1106,1615,2721,0.6848297213622291
1117,1608,2725,0.6946517412935324
936,1287,2223,0.7272727272727273
1078,1603,2681,0.6724890829694323
1128,1690,2818,0.6674556213017752
1109,1504,2613,0.7373670212765957
975,1410,2385,0.6914893617021277
1083,1657,2740,0.6535908267954134
1180,1555,2735,0.7588424437299035
1092,1693,2785,0.6450088600118133
890,1162,2052,0.76592082616179
1112,1556,2668,0.7146529562982005
1143,1585,2728,0.7211356466876971
1066,1649,2715,0.6464523953911462
1195,1758,2953,0.679749715585893
1136,1672,2808,0.6794258373205742
1156,1579,2735,0.7321089297023432
1018,1417,2435,0.7184191954834157
1000,1431,2431,0.6988120195667366
1103,1550,2653,0.7116129032258065
1214,1644,2858,0.7384428223844283
1015,1462,2477,0.6942544459644323
1081,1412,2493,0.7655807365439093
1020,1403,2423,0.7270135424091233
1212,1570,2782,0.7719745222929937
972,1488,2460,0.6532258064516129
1122,1762,2884,0.6367763904653803
1134,1577,2711,0.7190868738110336
1013,1517,2530,0.6677653263019117
1142,1641,2783,0.6959171237050579
899,1307,2206,0.6878347360367253
1018,1389,2407,0.7329013678905687
1152,1615,2767,0.713312693498452
1207,1811,3018,0.6664826062948647
1141,1653,2794,0.690260133091349
1229,1675,2904,0.7337313432835821
1084,1629,2713,0.665438919582566
1048,1601,2649,0.6545908806995627
844,1191,2035,0.7086481947942905
1140,1556,2696,0.7326478149100257
1208,1598,2806,0.7559449311639549
1134,1280,2414,0.8859375
1099,1609,2708,0.6830329397141082
1113,1431,2544,0.7777777777777778
1113,1611,2724,0.6908752327746741
1147,1625,2772,0.7058461538461539
1109,1657,2766,0.6692818346409173
878,1336,2214,0.657185628742515
1075,1542,2617,0.6971465629053177
1194,1615,2809,0.7393188854489164
1073,1427,2500,0.751927119831815
1100,1595,2695,0.6896551724137931
854,1265,2119,0.675098814229249
1106,1613,2719,0.6856788592684439
1118,1652,2770,0.6767554479418886
809,1240,2049,0.6524193548387097
920,1369,2289,0.6720233747260774
1060,1641,2701,0.6459475929311396
1228,1629,2857,0.7538367096378146
1191,1639,2830,0.7266625991458207
1161,1554,2715,0.747104247104247
1109,1523,2632,0.7281680892974393
1015,1366,2381,0.7430453879941434
1093,1537,2630,0.7111255692908263
1069,1563,2632,0.6839411388355726
1087,1444,2531,0.752770083102493
841,1274,2115,0.6601255886970173
1243,1664,2907,0.7469951923076923
1078,1558,2636,0.6919127086007703
1139,1658,2797,0.6869722557297949
1096,1643,2739,0.6670724284844796
1228,1731,2959,0.7094165222414789
1129,1674,2803,0.6744324970131422
975,1472,2447,0.6623641304347826
1183,1718,2901,0.6885913853317811
1100,1716,2816,0.6410256410256411
1126,1611,2737,0.6989447548106766
1209,1677,2886,0.7209302325581395
1149,1596,2745,0.7199248120300752
1073,1544,2617,0.6949481865284974
575,735,1310,0.782312925170068
523,870,1393,0.6011494252873564
1334,1679,3013,0.7945205479452054
1030,1589,2619,0.6482064191315292
1055,1636,2691,0.6448655256723717
1155,1616,2771,0.7147277227722773
1167,1676,2843,0.6963007159904535
1093,1685,2778,0.6486646884272997
1060,1548,2608,0.6847545219638242
1129,1527,2656,0.739358218729535
1141,1505,2646,0.7581395348837209
900,1324,2224,0.6797583081570997
1001,1627,2628,0.6152427781192379
981,1608,2589,0.6100746268656716
1093,1614,2707,0.6771995043370508
1084,1639,2723,0.661378889566809
1049,1641,2690,0.6392443631931749
1083,1682,2765,0.6438763376932224
1210,1823,3033,0.6637410861217773
1078,1544,2622,0.6981865284974094
1167,1687,2854,0.6917605216360403
1083,1443,2526,0.7505197505197505
1104,1738,2842,0.6352128883774454
1242,1775,3017,0.699718309859155
1194,1696,2890,0.7040094339622641
1145,1564,2709,0.7320971867007673
1110,1636,2746,0.6784841075794621
1225,1591,2816,0.7699560025141421
1152,1630,2782,0.7067484662576687
1067,1542,2609,0.691958495460441
1273,1558,2831,0.8170731707317073
1159,1604,2763,0.722568578553616
1122,1657,2779,0.6771273385636692
1177,1616,2793,0.7283415841584159
1204,1494,2698,0.8058902275769746
1150,1607,2757,0.7156191661481021
1134,1574,2708,0.7204574332909784
1010,1533,2543,0.6588388780169602
1237,1735,2972,0.7129682997118155
1107,1739,2846,0.6365727429557216
1153,1654,2807,0.6970979443772672
1131,1552,2683,0.7287371134020618
1187,1723,2910,0.6889146836912362
1146,1748,2894,0.6556064073226545
999,1333,2332,0.7494373593398349
1211,1732,2943,0.6991916859122402
996,1499,2495,0.6644429619746498
1021,1421,2442,0.7185080928923293
1126,1657,2783,0.6795413397706699
957,1311,2268,0.7299771167048055
1214,1743,2957,0.6965002868617326
1108,1616,2724,0.6856435643564357
1111,1526,2637,0.7280471821756226
1123,1703,2826,0.6594245449207281
1108,1509,2617,0.7342611000662691
1056,1637,2693,0.6450824679291387
1092,1517,2609,0.7198417930125247
1060,1517,2577,0.6987475280158207
1115,1752,2867,0.6364155251141552
1026,1565,2591,0.655591054313099
1039,1442,2481,0.7205270457697642
1081,1612,2693,0.6705955334987593
1005,1498,2503,0.670894526034713
1152,1638,2790,0.7032967032967034
921,1452,2373,0.6342975206611571
1144,1660,2804,0.689156626506024
1082,1658,2740,0.6525934861278649
1122,1601,2723,0.7008119925046846
1260,1542,2802,0.8171206225680934
1172,1706,2878,0.6869871043376319
1149,1553,2702,0.7398583386992917
937,1394,2331,0.6721664275466284
1098,1717,2815,0.6394874781595806
1005,1645,2650,0.6109422492401215
1117,1414,2531,0.78995756718529
1114,1647,2761,0.676381299332119
1085,1536,2621,0.7063802083333334
1164,1653,2817,0.7041742286751361
784,1211,1995,0.6473988439306358
1044,1388,2432,0.7521613832853026
1050,1494,2544,0.7028112449799196
1102,1689,2791,0.6524570751924216
1179,1635,2814,0.7211009174311926
1235,1696,2931,0.7281839622641509
1118,1686,2804,0.6631079478054567
1091,1522,2613,0.716819973718791
1045,1605,2650,0.6510903426791277
1169,1652,2821,0.7076271186440678
1081,1510,2591,0.7158940397350994
1122,1779,2901,0.6306913996627319
1129,1628,2757,0.6934889434889435
944,1250,2194,0.7552
1050,1598,2648,0.6570713391739674
1028,1466,2494,0.7012278308321964
1148,1650,2798,0.6957575757575758
1085,1629,2714,0.6660527931246163
1064,1507,2571,0.7060384870603849
1090,1729,2819,0.6304222093695778
1018,1523,2541,0.6684175968483257
1172,1746,2918,0.6712485681557846
1054,1541,2595,0.6839714471122648
1060,1527,2587,0.6941715782580222
1244,1679,2923,0.7409172126265634
1122,1640,2762,0.6841463414634147
1041,1552,2593,0.6707474226804123
1200,1563,2763,0.7677543186180422
1230,1556,2786,0.7904884318766067
1062,1571,2633,0.6760025461489497
1072,1345,2417,0.7970260223048327
1069,1488,2557,0.7184139784946236
1136,1646,2782,0.6901579586877278
994,1395,2389,0.7125448028673835
1090,1540,2630,0.7077922077922078
1242,1853,3095,0.6702644360496492
1250,1912,3162,0.6537656903765691
1052,1597,2649,0.6587351283656857
1083,1518,2601,0.7134387351778656
1038,1431,2469,0.7253668763102725
1128,1590,2718,0.7094339622641509
1185,1593,2778,0.743879472693032
1184,1408,2592,0.8409090909090909
820,1107,1927,0.7407407407407407
1101,1474,2575,0.7469470827679783
1188,1649,2837,0.7204366282595512
1050,1525,2575,0.6885245901639344
1035,1553,2588,0.6664520283322601
1043,1652,2695,0.6313559322033898
1143,1507,2650,0.7584605175846052
1138,1510,2648,0.7536423841059603
1239,1660,2899,0.7463855421686747
1059,1792,2851,0.5909598214285714
814,1358,2172,0.5994108983799705
1049,1672,2721,0.6273923444976076
1009,1567,2576,0.6439055520102106
958,1548,2506,0.6188630490956072
1129,1814,2943,0.6223814773980154
990,1636,2626,0.6051344743276283
1065,1477,2542,0.7210561949898443
1161,1759,2920,0.6600341102899374
1119,1681,2800,0.6656751933372992
1024,1607,2631,0.6372121966397013
1066,1594,2660,0.6687578419071518
986,1622,2608,0.6078914919852034
1072,1546,2618,0.6934023285899095
1043,1623,2666,0.6426370918052988
1134,1624,2758,0.6982758620689655
1044,1445,2489,0.7224913494809688
1029,1563,2592,0.6583493282149712
1083,1584,2667,0.6837121212121212
1079,1642,2721,0.6571254567600487
1153,1638,2791,0.703907203907204
1076,1606,2682,0.6699875466998755
1143,1674,2817,0.6827956989247311
918,1344,2262,0.6830357142857143
1085,1604,2689,0.67643391521197
1133,1629,2762,0.6955187231430325
1056,1606,2662,0.6575342465753424
1090,1671,2761,0.6523040095751047
1086,1613,2699,0.6732796032238065
992,1232,2224,0.8051948051948052
1111,1538,2649,0.7223667100130039
1156,1577,2733,0.7330374128091313
1022,1455,2477,0.7024054982817869
1174,1545,2719,0.7598705501618123
1149,1618,2767,0.7101359703337453
1147,1551,2698,0.7395228884590587
966,1303,2269,0.7413660782808903
1105,1537,2642,0.7189329863370202
1102,1610,2712,0.684472049689441
926,1242,2168,0.7455716586151369
1142,1550,2692,0.7367741935483871
1129,1574,2703,0.7172808132147395
1050,1430,2480,0.7342657342657343
1183,1465,2648,0.8075085324232082
1153,1570,2723,0.7343949044585987
1076,1526,2602,0.7051114023591087
925,1364,2289,0.6781524926686217
1074,1706,2780,0.6295427901524033
1100,1592,2692,0.6909547738693468
1156,1664,2820,0.6947115384615384
1250,1693,2943,0.7383343177790904
1065,1675,2740,0.6358208955223881
1076,1656,2732,0.6497584541062802
1168,1557,2725,0.7501605651894669
1176,1607,2783,0.731798382078407
1111,1587,2698,0.7000630119722747
1107,1506,2613,0.7350597609561753
1209,1562,2771,0.7740076824583867
1128,1596,2724,0.706766917293233
885,1392,2277,0.6357758620689655
899,1321,2220,0.6805450416351249
1152,1549,2701,0.7437056165267915
984,1497,2481,0.657314629258517
864,1225,2089,0.7053061224489796
932,1555,2487,0.5993569131832798
1058,1624,2682,0.6514778325123153
990,1466,2456,0.6753069577080492
1124,1598,2722,0.7033792240300375
937,1347,2284,0.6956198960653304
1082,1630,2712,0.6638036809815951
1178,1708,2886,0.689695550351288
1229,1681,2910,0.7311124330755503
982,1400,2382,0.7014285714285714
921,1408,2329,0.6541193181818182
951,1450,2401,0.6558620689655172
1197,1731,2928,0.6915077989601387
1147,1573,2720,0.7291799109980928
1070,1577,2647,0.6785034876347495
1217,1535,2752,0.7928338762214984
1176,1571,2747,0.7485677912157861
1031,1520,2551,0.6782894736842106
983,1386,2369,0.7092352092352092
1070,1612,2682,0.6637717121588089
1145,1624,2769,0.7050492610837439
971,1509,2480,0.6434724983432737
1091,1552,2643,0.7029639175257731
883,1592,2475,0.5546482412060302
1066,1680,2746,0.6345238095238095
1176,1731,2907,0.6793760831889082
1126,1629,2755,0.6912216083486802
976,1314,2290,0.7427701674277016
879,1345,2224,0.6535315985130111
861,1102,1963,0.7813067150635209
772,876,1648,0.8812785388127854
1136,1509,2645,0.7528164347249834
1109,1500,2609,0.7393333333333333
970,1243,2213,0.7803700724054706
910,1453,2363,0.6262904335856848
1022,1619,2641,0.6312538604076591
869,1300,2169,0.6684615384615384
1053,1504,2557,0.7001329787234043
832,1355,2187,0.6140221402214022
1063,1571,2634,0.6766390833863781
963,1499,2462,0.6424282855236825
1017,1704,2721,0.596830985915493
941,1499,2440,0.627751834556371
1196,1151,2347,1.0390964378801042
997,1762,2759,0.5658342792281499
928,1491,2419,0.6224010731052985
1074,1592,2666,0.6746231155778895
1102,1442,2544,0.7642163661581137
1093,1649,2742,0.6628259551243177
1042,1469,2511,0.7093260721579305
1139,1772,2911,0.6427765237020316
1050,1653,2703,0.6352087114337568
1149,1600,2749,0.718125
1100,1674,2774,0.6571087216248507
1199,1542,2741,0.7775616083009079
1053,1476,2529,0.7134146341463414
1120,1634,2754,0.6854345165238678
1047,1784,2831,0.5868834080717489
1034,1596,2630,0.6478696741854637
1057,1640,2697,0.6445121951219512
978,1525,2503,0.641311475409836
1020,1636,2656,0.6234718826405868
1060,1593,2653,0.6654111738857501
1082,1663,2745,0.650631389055923
1130,1510,2640,0.7483443708609272
1115,1552,2667,0.7184278350515464
1215,1600,2815,0.759375
1006,1550,2556,0.6490322580645161
958,1425,2383,0.6722807017543859
994,1527,2521,0.6509495743287492
1075,1632,2707,0.6587009803921569
1095,1672,2767,0.6549043062200957
1015,1490,2505,0.6812080536912751
1123,1559,2682,0.7203335471456062
1125,1613,2738,0.6974581525108493
1010,1457,2467,0.6932052161976664
978,1346,2324,0.7265973254086181
1137,1558,2695,0.7297817715019256
1060,1501,2561,0.7061958694203864
995,1561,2556,0.6374119154388213
1111,1641,2752,0.6770262035344302
1153,1761,2914,0.6547416240772288
1029,1640,2669,0.6274390243902439
1010,1537,2547,0.657124268054652
1064,1724,2788,0.617169373549884
1163,1721,2884,0.6757699012202208
1020,1439,2459,0.7088255733148019
1062,1463,2525,0.7259056732740943
1091,1631,2722,0.6689147762109136
1051,1684,2735,0.6241092636579573
1054,1748,2802,0.602974828375286
1046,1645,2691,0.6358662613981763
1086,1622,2708,0.6695437731196054
974,1578,2552,0.6172370088719898
1016,1527,2543,0.6653569089718402
1015,1552,2567,0.6539948453608248
1004,1475,2479,0.680677966101695
1051,1609,2660,0.6532007458048478
1092,1542,2634,0.708171206225681
946,1379,2325,0.6860043509789703
974,1449,2423,0.6721877156659766
998,1529,2527,0.6527141922825376
1014,1552,2566,0.6533505154639175
989,1668,2657,0.592925659472422
1011,1718,2729,0.5884749708963911
1091,1400,2491,0.7792857142857142
977,1382,2359,0.7069464544138929
1138,1593,2731,0.714375392341494
1003,1564,2567,0.6413043478260869
1077,1504,2581,0.7160904255319149
1138,1621,2759,0.7020357803824799
1183,1528,2711,0.7742146596858639
1088,1673,2761,0.6503287507471608
1055,1649,2704,0.6397816858702243
1123,1621,2744,0.6927822331893893
1048,1552,2600,0.6752577319587629
1032,1664,2696,0.6201923076923077
1064,1634,2698,0.6511627906976745
1092,1721,2813,0.6345148169668797
1144,1741,2885,0.6570936243538197
1238,1605,2843,0.7713395638629283
1039,1572,2611,0.660941475826972
1061,1648,2709,0.6438106796116505
1060,1566,2626,0.6768837803320562
1073,1588,2661,0.6756926952141058
1077,1557,2634,0.6917148362235067
1120,1697,2817,0.6599882144961697
1040,1692,2732,0.6146572104018913
886,1537,2423,0.5764476252439817
1111,1654,2765,0.6717049576783555
1094,1518,2612,0.7206851119894598
1094,1540,2634,0.7103896103896103
1085,1686,2771,0.6435349940688019
1162,1599,2761,0.7267041901188243
1139,1739,2878,0.6549741230592294
955,1580,2535,0.6044303797468354
1077,1697,2774,0.6346493812610489
1122,1580,2702,0.710126582278481
1150,1579,2729,0.7283090563647878
1079,1657,2736,0.6511768255884128
1159,1748,2907,0.6630434782608695
1101,1632,2733,0.6746323529411765
879,1301,2180,0.6756341275941583
934,1282,2216,0.7285491419656787
1269,1784,3053,0.7113228699551569
1160,1740,2900,0.6666666666666666
1122,1576,2698,0.7119289340101523
1005,1485,2490,0.6767676767676768
1077,1621,2698,0.6644046884639112
1065,1653,2718,0.6442831215970962
1045,1550,2595,0.6741935483870968
1047,1522,2569,0.687910643889619
1016,1466,2482,0.6930422919508867
934,1544,2478,0.6049222797927462
910,1203,2113,0.7564422277639236
1115,1689,2804,0.6601539372409709
1073,1734,2807,0.618800461361015
1027,1419,2446,0.7237491190979564
1027,1467,2494,0.700068166325835
1026,1411,2437,0.7271438695960312
997,1540,2537,0.6474025974025974
1035,1232,2267,0.8400974025974026
1103,1627,2730,0.6779348494161033
1151,1614,2765,0.7131350681536555
1109,1577,2686,0.7032339885859227
1148,1517,2665,0.7567567567567568
1153,1749,2902,0.6592338479130933
1064,1451,2515,0.7332873880082702
1012,1657,2669,0.6107423053711527
1045,1580,2625,0.6613924050632911
835,1418,2253,0.5888575458392101
1126,1578,2704,0.7135614702154626
981,1626,2607,0.6033210332103321
938,1449,2387,0.6473429951690821
1073,1690,2763,0.6349112426035503
999,1575,2574,0.6342857142857142
1131,1425,2556,0.7936842105263158
1014,1624,2638,0.624384236453202
1064,1414,2478,0.7524752475247525
1057,1675,2732,0.631044776119403
947,1396,2343,0.6783667621776505
1046,1675,2721,0.6244776119402985
1074,1700,2774,0.6317647058823529
823,1320,2143,0.6234848484848485
1167,1617,2784,0.7217068645640075
1060,1493,2553,0.709979906229069
1157,1676,2833,0.6903341288782816
1092,1298,2390,0.8412942989214176
1037,1596,2633,0.649749373433584
994,1553,2547,0.6400515132002575
1169,1702,2871,0.6868390129259695
1037,1579,2616,0.6567447751741609
1038,1707,2745,0.6080843585237259
1020,1333,2353,0.7651912978244562
1045,1601,2646,0.6527170518425984
1048,1765,2813,0.5937677053824363
1053,1566,2619,0.6724137931034483
1024,1705,2729,0.6005865102639296
1230,1686,2916,0.7295373665480427
987,1566,2553,0.6302681992337165
1037,1432,2469,0.7241620111731844
1073,1589,2662,0.6752674638137193
1039,1672,2711,0.6214114832535885
1130,1615,2745,0.6996904024767802
1076,1584,2660,0.6792929292929293
1021,1668,2689,0.6121103117505995
1107,1567,2674,0.7064454371410338
1059,1550,2609,0.6832258064516129
1094,1523,2617,0.7183191070256073
1077,1418,2495,0.7595204513399154
1183,1587,2770,0.7454316320100819
1137,1620,2757,0.7018518518518518
883,1272,2155,0.6941823899371069
1060,1674,2734,0.6332138590203107
911,1305,2216,0.6980842911877395
1137,1596,2733,0.7124060150375939
1042,1436,2478,0.7256267409470752
1110,1566,2676,0.7088122605363985
1098,1687,2785,0.6508595139300534
1048,1543,2591,0.679196370706416
1111,1682,2793,0.6605231866825209
1008,1548,2556,0.6511627906976745
1191,1525,2716,0.7809836065573771
1144,1728,2872,0.6620370370370371
1089,1679,2768,0.6486003573555688
1002,1458,2460,0.6872427983539094
1116,1649,2765,0.676773802304427
1162,1551,2713,0.7491940683430045
1127,1505,2632,0.7488372093023256
1120,1623,2743,0.6900800985828712
1030,1543,2573,0.6675307841866494
969,1428,2397,0.6785714285714286
1207,1540,2747,0.7837662337662338
1083,1617,2700,0.6697588126159555
1040,1627,2667,0.6392132759680393
995,1620,2615,0.6141975308641975
1125,1611,2736,0.6983240223463687
1209,1543,2752,0.7835385612443292
1128,1452,2580,0.7768595041322314
1067,1331,2398,0.8016528925619835
1036,1452,2488,0.7134986225895317
1029,1382,2411,0.7445730824891461
798,1210,2008,0.6595041322314049
1139,1626,2765,0.7004920049200491
1106,1596,2702,0.6929824561403509
1140,1648,2788,0.691747572815534
1087,1577,2664,0.689283449587825
1183,1746,2929,0.6775486827033219
1142,1559,2701,0.7325208466966003
1150,1618,2768,0.7107540173053152
1098,1596,2694,0.6879699248120301
994,1427,2421,0.6965662228451296
1125,1592,2717,0.7066582914572864
1182,1669,2851,0.7082085080886759
1287,1724,3011,0.7465197215777262
1169,1657,2826,0.7054918527459264
1043,1517,2560,0.6875411997363217
1106,1575,2681,0.7022222222222222
1181,1709,2890,0.6910473961380924
1109,1579,2688,0.7023432552248259
1231,1662,2893,0.7406738868832732
1019,1415,2434,0.7201413427561838
1176,1583,2759,0.7428932406822489
1496,2114,3610,0.7076631977294229
1315,1607,2922,0.8182949595519602
857,1236,2093,0.6933656957928802
1047,1299,2346,0.8060046189376443
1091,1582,2673,0.6896333754740834
1089,1503,2592,0.7245508982035929
811,1123,1934,0.7221727515583259
1249,1737,2986,0.719055843408175
1298,1679,2977,0.7730792138177487
1128,1514,2642,0.7450462351387054
1056,1469,2525,0.718856364874064
1108,1552,2660,0.7139175257731959
970,1424,2394,0.6811797752808989
1133,1558,2691,0.727214377406932
1203,1517,2720,0.7930125247198417
1226,1576,2802,0.7779187817258884
1054,1673,2727,0.630005977286312
1005,1479,2484,0.6795131845841785
1030,1514,2544,0.6803170409511229
1146,1638,2784,0.6996336996336996
1124,1783,2907,0.6303982052720135
1044,1571,2615,0.6645448758752387
1156,1496,2652,0.7727272727272727
1123,1678,2801,0.6692491060786651
1150,1703,2853,0.6752789195537288
1089,1723,2812,0.6320371445153802
1202,1631,2833,0.7369711833231146
532,868,1400,0.6129032258064516
1051,1583,2634,0.6639292482627922
659,1290,1949,0.5108527131782946
467,746,1213,0.6260053619302949
771,1940,2711,0.3974226804123711
810,1563,2373,0.5182341650671785
820,1338,2158,0.6128550074738416
723,1196,1919,0.6045150501672241
803,1560,2363,0.5147435897435897
530,954,1484,0.5555555555555556
676,1307,1983,0.5172149961744453
334,572,906,0.583916083916084
759,1468,2227,0.5170299727520435
362,676,1038,0.5355029585798816
554,826,1380,0.6707021791767555
651,1049,1700,0.6205910390848427
839,1358,2197,0.617820324005891
701,1264,1965,0.5545886075949367
647,1585,2232,0.4082018927444795
874,1449,2323,0.6031746031746031
577,1117,1694,0.5165622202327663
621,1391,2012,0.4464414090582315
913,1899,2812,0.4807793575566087
684,1331,2015,0.5138993238166792
556,970,1526,0.5731958762886598
867,1358,2225,0.6384388807069219
458,724,1182,0.6325966850828729
744,1144,1888,0.6503496503496503
890,1862,2752,0.4779806659505907
1049,1630,2679,0.6435582822085889
708,1064,1772,0.6654135338345865
881,1637,2518,0.5381795968234575
1082,1797,2879,0.6021146355036171
470,816,1286,0.5759803921568627
556,920,1476,0.6043478260869565
867,1390,2257,0.6237410071942446
746,1469,2215,0.5078284547311096
656,1308,1964,0.5015290519877675
672,1348,2020,0.4985163204747774
451,745,1196,0.6053691275167785
628,1074,1702,0.5847299813780261
667,1264,1931,0.5276898734177216
696,1416,2112,0.4915254237288136
796,1222,2018,0.6513911620294599
730,1128,1858,0.6471631205673759
842,1284,2126,0.6557632398753894
666,1301,1967,0.5119139123750961
749,1221,1970,0.6134316134316135
943,1621,2564,0.581739666872301
656,1052,1708,0.623574144486692
860,1270,2130,0.6771653543307087
538,1029,1567,0.5228377065111759
972,2053,3025,0.4734534827082318
788,1195,1983,0.6594142259414226
441,796,1237,0.5540201005025126
759,1320,2079,0.575
566,915,1481,0.6185792349726776
852,1456,2308,0.5851648351648352
1054,1851,2905,0.5694219340896812
819,1556,2375,0.5263496143958869
647,918,1565,0.7047930283224401
346,638,984,0.542319749216301
525,744,1269,0.7056451612903226
597,937,1534,0.6371398078975453
646,1228,1874,0.5260586319218241
742,1083,1825,0.6851338873499538
429,884,1313,0.4852941176470588
872,1577,2449,0.5529486366518707
878,1513,2391,0.5803040317250495
1066,1544,2610,0.6904145077720207
659,1308,1967,0.503822629969419
551,1111,1662,0.495949594959496
431,750,1181,0.5746666666666667
747,1092,1839,0.6840659340659341
525,1017,1542,0.5162241887905604
884,1349,2233,0.6553002223869533
844,1481,2325,0.5698852126941256
704,1528,2232,0.4607329842931937
681,1233,1914,0.5523114355231143
661,1546,2207,0.427554980595084
575,920,1495,0.625
670,1326,1996,0.5052790346907994
394,734,1128,0.5367847411444142
820,1317,2137,0.6226271829916477
674,1363,2037,0.4944974321349963
980,1392,2372,0.7040229885057471
540,871,1411,0.6199770378874856
872,1666,2538,0.5234093637454982
667,1322,1989,0.5045385779122542
671,1104,1775,0.6077898550724637
921,1550,2471,0.5941935483870968
624,1021,1645,0.6111655239960823
861,1314,2175,0.6552511415525114
738,1113,1851,0.6630727762803235
791,1282,2073,0.6170046801872074
725,1290,2015,0.562015503875969
650,980,1630,0.6632653061224489
659,1267,1926,0.5201262825572218
465,826,1291,0.562953995157385
852,1465,2317,0.5815699658703072
487,776,1263,0.6275773195876289
776,1180,1956,0.6576271186440678
497,831,1328,0.5980746089049338
663,1177,1840,0.5632965165675446
773,1354,2127,0.5709010339734121
861,1318,2179,0.6532625189681336
392,688,1080,0.5697674418604651
579,747,1326,0.7751004016064257
644,830,1474,0.7759036144578313
875,1328,2203,0.6588855421686747
903,1308,2211,0.6903669724770642
731,1149,1880,0.6362053959965187
630,1050,1680,0.6
587,1152,1739,0.5095486111111112
687,1326,2013,0.5180995475113123
729,1345,2074,0.5420074349442379
700,980,1680,0.7142857142857143
763,1243,2006,0.6138374899436846
646,1171,1817,0.5516652433817251
608,912,1520,0.6666666666666666
469,720,1189,0.6513888888888889
824,1486,2310,0.5545087483176312
706,1159,1865,0.6091458153580673
670,1115,1785,0.600896860986547
495,904,1399,0.547566371681416
1149,2190,3339,0.5246575342465754
811,1338,2149,0.6061285500747384
801,1532,2333,0.5228459530026109
687,1150,1837,0.5973913043478261
603,1008,1611,0.5982142857142857
1011,1749,2760,0.5780445969125214
763,1208,1971,0.6316225165562914
833,1448,2281,0.5752762430939227
650,1180,1830,0.5508474576271186
546,851,1397,0.6415981198589894
691,1214,1905,0.5691927512355849
663,990,1653,0.6696969696969697
452,725,1177,0.623448275862069
472,884,1356,0.5339366515837104
790,1395,2185,0.5663082437275986
725,1215,1940,0.5967078189300411
857,1359,2216,0.6306107431935246
594,820,1414,0.724390243902439
700,1191,1891,0.5877413937867338
472,657,1129,0.7184170471841704
693,1651,2344,0.4197456087219867
303,506,809,0.5988142292490118
850,1223,2073,0.6950122649223222
340,596,936,0.5704697986577181
436,1168,1604,0.3732876712328767
497,1002,1499,0.4960079840319361
410,759,1169,0.5401844532279315
432,793,1225,0.544766708701135
885,1316,2201,0.6724924012158054
568,1102,1670,0.515426497277677
614,1084,1698,0.566420664206642
590,798,1388,0.7393483709273183
564,1067,1631,0.528584817244611
721,1057,1778,0.6821192052980133
642,1070,1712,0.6
601,994,1595,0.6046277665995976
596,1001,1597,0.5954045954045954
664,1067,1731,0.6223055295220243
507,1079,1586,0.4698795180722891
1944,2099,4043,0.9261553120533588
1679,2061,3740,0.8146530810286269
1748,2333,4081,0.7492498928418345
1540,1978,3518,0.7785642062689585
1821,2165,3986,0.841108545034642
1549,1643,3192,0.9427875836883748
1577,1695,3272,0.9303834808259588
1896,2106,4002,0.9002849002849003
1574,1820,3394,0.8648351648351649
1875,1865,3740,1.0053619302949062
1861,1779,3640,1.0460933108487915
1980,2004,3984,0.9880239520958084
1700,1991,3691,0.8538422903063787
1689,1719,3408,0.9825479930191972
1611,1942,3553,0.829557157569516
1983,2049,4032,0.9677891654465594
1559,1822,3381,0.8556531284302964
1434,1802,3236,0.7957824639289678
1444,1844,3288,0.7830802603036876
1982,1927,3909,1.02854177477945
1588,1695,3283,0.9368731563421828
1940,1881,3821,1.0313662945241893
1752,2017,3769,0.8686167575607338
1744,1879,3623,0.9281532730175626
1896,1870,3766,1.013903743315508
1689,2010,3699,0.8402985074626865
1524,1646,3170,0.9258809234507898
1827,1724,3551,1.059744779582367
1988,2070,4058,0.9603864734299516
1877,1877,3754,1.0
1610,1968,3578,0.818089430894309
2011,2013,4024,0.9990064580228516
2021,1669,3690,1.2109047333732774
1494,1751,3245,0.8532267275842376
1639,2252,3891,0.727797513321492
1547,1659,3206,0.9324894514767932
1723,1912,3635,0.9011506276150628
1686,2088,3774,0.8074712643678161
1619,2146,3765,0.7544268406337372
1597,1691,3288,0.9444115907746896
1831,2263,4094,0.8091029606716748
1668,2062,3730,0.8089233753637245
2030,2017,4047,1.006445215666832
1822,2024,3846,0.900197628458498
1441,1639,3080,0.8791946308724832
1617,1878,3495,0.8610223642172524
2129,1702,3831,1.2508813160987071
1890,2137,4027,0.8844174075807206
1988,1990,3978,0.9989949748743718
2076,1993,4069,1.041645760160562
1893,2070,3963,0.9144927536231884
2053,1922,3975,1.0681581685744015
1938,1976,3914,0.9807692307692308
1623,1476,3099,1.0995934959349594
1724,2065,3789,0.8348668280871671
1896,2130,4026,0.8901408450704226
1630,2173,3803,0.7501150483202945
1682,2217,3899,0.7586829048263419
1428,1838,3266,0.7769314472252449
1446,1517,2963,0.9531970995385628
1577,2071,3648,0.7614678899082569
1922,1946,3868,0.987667009249743
1967,2051,4018,0.9590443686006824
1547,1484,3031,1.0424528301886793
1813,2223,4036,0.8155645524066577
1666,2047,3713,0.8138739618954568
1861,1717,3578,1.0838672102504368
1948,2017,3965,0.9657907783837384
1675,1817,3492,0.9218492019812878
1966,2054,4020,0.9571567672833496
1697,1526,3223,1.1120576671035387
1834,2090,3924,0.877511961722488
1836,2084,3920,0.8809980806142035
2002,1881,3883,1.064327485380117
2041,2001,4042,1.0199900049975013
1594,1846,3440,0.8634886240520043
1913,1941,3854,0.9855744461617724
1969,2007,3976,0.9810662680617838
1777,1750,3527,1.0154285714285711
1568,1676,3244,0.935560859188544
1735,2183,3918,0.7947778286761338
1466,1700,3166,0.8623529411764705
1809,1880,3689,0.9622340425531914
1854,2087,3941,0.8883564925730714
1513,1619,3132,0.9345274861025324
1745,1680,3425,1.0386904761904765
1793,2027,3820,0.8845584607794771
1928,2138,4066,0.90177736202058
1741,1937,3678,0.898812596799174
1600,1811,3411,0.883489784649365
1749,1702,3451,1.027614571092832
1783,2007,3790,0.8883906327852517
1715,1964,3679,0.8732179226069247
1836,2232,4068,0.8225806451612904
1320,1867,3187,0.7070166041778254
1603,1878,3481,0.8535676251331203
1619,1882,3501,0.8602550478214666
1940,2119,4059,0.9155261915998112
1716,2320,4036,0.7396551724137931
1751,2122,3873,0.8251649387370406
1580,1876,3456,0.8422174840085288
1881,1894,3775,0.9931362196409717
1854,2223,4077,0.8340080971659919
1796,2047,3843,0.877381533952125
1789,2227,4016,0.8033228558599013
1653,2086,3739,0.7924256951102588
1749,2170,3919,0.8059907834101383
1719,2041,3760,0.842234198922097
1706,1971,3677,0.8655504819888381
1711,2385,4096,0.7174004192872118
1653,2101,3754,0.7867682056163732
1653,2336,3989,0.7076198630136986
1904,2123,4027,0.8968440885539332
1594,1895,3489,0.8411609498680739
1584,2012,3596,0.7872763419483101
1811,2220,4031,0.8157657657657658
1722,2286,4008,0.7532808398950132
1815,2141,3956,0.8477347034096216
1991,2082,4073,0.9562920268972144
2052,1850,3902,1.1091891891891892
1809,2161,3970,0.8371124479407681
1623,2438,4061,0.6657095980311731
1554,1698,3252,0.9151943462897526
1948,2113,4061,0.9219119734973972
1758,2328,4086,0.7551546391752577
1647,1762,3409,0.934733257661748
1677,2174,3851,0.7713891444342227
1694,2320,4014,0.7301724137931035
1328,1620,2948,0.8197530864197531
1613,2223,3836,0.725596041385515
1668,2051,3719,0.8132618235007314
1668,2080,3748,0.801923076923077
1781,2124,3905,0.838512241054614
1772,2303,4075,0.7694311767260096
1738,2312,4050,0.7517301038062284
1818,2149,3967,0.845974872033504
1815,1834,3649,0.9896401308615048
1708,2293,4001,0.744875708678587
1945,2053,3998,0.9473940574768632
1912,2160,4072,0.8851851851851852
1686,1741,3427,0.9684089603676048
1823,2221,4044,0.8208014407924359
1473,1726,3199,0.8534183082271147
1508,1950,3458,0.7733333333333333
1827,2267,4094,0.8059108954565505
1766,2159,3925,0.8179712830013895
1580,1845,3425,0.8563685636856369
1638,2114,3752,0.7748344370860927
1974,2103,4077,0.9386590584878745
1628,1888,3516,0.8622881355932204
1230,1372,2602,0.8965014577259475
1681,2037,3718,0.8252331860579283
2098,1987,4085,1.0558631102164069
1841,1990,3831,0.9251256281407036
1897,2125,4022,0.8927058823529411
1815,1748,3563,1.0383295194508009
1894,2147,4041,0.8821611551001397
1684,2059,3743,0.8178727537639631
1813,1986,3799,0.9128902316213494
1496,1368,2864,1.0935672514619883
1733,2068,3801,0.8380077369439072
2025,2040,4065,0.9926470588235294
1970,1998,3968,0.985985985985986
2071,1981,4052,1.0454316002019182
2024,2063,4087,0.9810954920019388
1626,1914,3540,0.8495297805642633
1369,1360,2729,1.0066176470588235
1719,1775,3494,0.968450704225352
1685,1907,3592,0.8835867855270058
1860,1832,3692,1.01528384279476
1810,2104,3914,0.8602661596958175
1670,1812,3482,0.9216335540838853
1322,1229,2551,1.0756712774613506
1739,1652,3391,1.0526634382566586
1561,1490,3051,1.047651006711409
1456,1663,3119,0.8755261575466026
1710,1525,3235,1.121311475409836
1975,1962,3937,1.0066258919469928
1867,1665,3532,1.1213213213213211
1698,1580,3278,1.0746835443037974
1845,1836,3681,1.0049019607843137
1922,2109,4031,0.9113323850165956
1959,1832,3791,1.0693231441048034
2032,1967,3999,1.0330452465683782
1828,1950,3778,0.9374358974358974
1334,1391,2725,0.95902228612509
2030,2008,4038,1.0109561752988048
1854,1996,3850,0.9288577154308616
1493,1602,3095,0.931960049937578
1850,1892,3742,0.9778012684989428
1817,1908,3725,0.9523060796645704
1940,2056,3996,0.943579766536965
1059,991,2050,1.0686175580221997
1672,1404,3076,1.190883190883191
1901,1675,3576,1.1349253731343285
1973,1812,3785,1.088852097130243
1765,1800,3565,0.9805555555555556
1876,1969,3845,0.9527679024885728
1955,1876,3831,1.0421108742004264
1602,1419,3021,1.1289640591966172
2193,1848,4041,1.1866883116883118
1897,1949,3846,0.9733196511031298
1220,1049,2269,1.163012392755005
1769,1855,3624,0.9536388140161725
1030,1148,2178,0.8972125435540069
1937,2024,3961,0.9570158102766798
1451,1499,2950,0.9679786524349566
1814,1731,3545,1.047949162333911
1855,1390,3245,1.3345323741007191
2000,1577,3577,1.2682308180088775
1868,1565,3433,1.1936102236421726
1634,1488,3122,1.0981182795698925
1928,1263,3191,1.52652414885194
1157,1322,2479,0.8751891074130106
1955,2124,4079,0.9204331450094162
2012,1786,3798,1.1265397536394175
1930,1942,3872,0.9938208032955717
1416,988,2404,1.4331983805668016
1474,1441,2915,1.0229007633587786
964,1633,2597,0.5903245560318432
1108,1733,2841,0.6393537218695903
1068,1666,2734,0.6410564225690276
1143,1723,2866,0.6633778293673824
1108,1551,2659,0.7143778207607995
1158,1815,2973,0.6380165289256199
1199,1704,2903,0.7036384976525821
1153,1806,2959,0.6384274640088593
1208,1885,3093,0.6408488063660478
1236,1850,3086,0.6681081081081081
1121,1672,2793,0.6704545454545454
1120,1819,2939,0.6157229246838922
990,1652,2642,0.5992736077481841
941,1592,2533,0.5910804020100503
1094,1732,2826,0.6316397228637414
1183,1758,2941,0.6729237770193401
1155,1751,2906,0.6596230725299829
991,1618,2609,0.6124845488257108
1057,1715,2772,0.6163265306122448
937,1701,2638,0.5508524397413286
975,1772,2747,0.5502257336343115
896,1529,2425,0.5860039241334205
995,1733,2728,0.5741488747836122
1175,1791,2966,0.6560580681183696
1114,1735,2849,0.6420749279538905
1020,1386,2406,0.7359307359307359
1111,1648,2759,0.6741504854368932
1110,1817,2927,0.6108970831040176
1095,1683,2778,0.6506238859180036
1067,1652,2719,0.6458837772397095
1102,1674,2776,0.6583034647550776
1082,1707,2789,0.6338605741066198
1052,1728,2780,0.6087962962962963
1043,1661,2704,0.6279349789283564
991,1646,2637,0.6020656136087484
885,1393,2278,0.6353194544149318
945,1647,2592,0.5737704918032787
772,1344,2116,0.5744047619047619
951,1543,2494,0.6163318211276734
907,1565,2472,0.579552715654952
957,1672,2629,0.5723684210526315
1047,1844,2891,0.5677874186550976
1007,1645,2652,0.6121580547112462
1051,1816,2867,0.5787444933920705
1046,1686,2732,0.6204033214709371
1128,1832,2960,0.6157205240174672
1113,1746,2859,0.6374570446735395
1078,1717,2795,0.6278392545136867
1121,1682,2803,0.6664684898929846
1103,1651,2754,0.6680799515445185
1151,1734,2885,0.6637831603229527
1192,1867,3059,0.6384574183181575
1126,1741,2867,0.6467547386559449
1125,1673,2798,0.6724447101016139
1164,1793,2957,0.649191299498048
1101,1752,2853,0.6284246575342466
1055,1759,2814,0.5997725980670836
1129,1755,2884,0.6433048433048433
1135,1629,2764,0.6967464702271332
1027,1596,2623,0.643483709273183
1192,1742,2934,0.6842709529276694
1171,1819,2990,0.6437603078614623
1052,1650,2702,0.6375757575757576
1053,1699,2752,0.6197763390229547
1187,1708,2895,0.6949648711943794
1137,1558,2695,0.7297817715019256
1090,1751,2841,0.6225014277555683
907,1477,2384,0.6140825998645904
964,1647,2611,0.5853066180935034
1010,1704,2714,0.5927230046948356
923,1678,2601,0.5500595947556615
921,1599,2520,0.575984990619137
915,1730,2645,0.5289017341040463
879,1670,2549,0.5263473053892216
979,1705,2684,0.5741935483870968
997,1757,2754,0.5674445076835515
1016,1781,2797,0.570466030320045
1107,1720,2827,0.6436046511627908
1109,1745,2854,0.6355300859598854
1102,1681,2783,0.6555621653777514
1043,1433,2476,0.7278436845778088
1142,1674,2816,0.6821983273596177
1119,1675,2794,0.6680597014925374
1077,1698,2775,0.6342756183745583
1184,1751,2935,0.6761850371216448
1090,1643,2733,0.6634205721241632
1063,1516,2579,0.7011873350923483
1102,1619,2721,0.6806670784434836
1106,1873,2979,0.590496529631607
1121,1715,2836,0.6536443148688047
1183,1740,2923,0.6798850574712644
1143,1797,2940,0.6360601001669449
1107,1727,2834,0.6409959467284309
1114,1742,2856,0.6394948335246843
1125,1670,2795,0.6736526946107785
1094,1689,2783,0.6477205447010065
1113,1690,2803,0.6585798816568047
1161,1771,2932,0.655561829474873
1040,1726,2766,0.6025492468134415
1093,1813,2906,0.6028681742967458
1092,1791,2883,0.609715242881072
1070,1678,2748,0.6376638855780691
1040,1599,2639,0.6504065040650406
1093,1750,2843,0.6245714285714286
1076,1746,2822,0.6162657502863689
1175,1905,3080,0.6167979002624672
1136,1800,2936,0.6311111111111111
1043,1754,2797,0.5946408209806158
1166,1793,2959,0.6503067484662577
1066,1604,2670,0.6645885286783042
1059,1826,2885,0.5799561883899234
1013,1676,2689,0.6044152744630071
773,1502,2275,0.5146471371504661
835,1701,2536,0.4908877131099353
914,1499,2413,0.609739826551034
923,1651,2574,0.5590551181102362
796,1479,2275,0.5382014874915484
846,1523,2369,0.5554826001313198
871,1525,2396,0.5711475409836065
918,1594,2512,0.5759096612296111
875,1641,2516,0.5332114564290067
792,1563,2355,0.5067178502879078
1096,1671,2767,0.6558946738479952
1056,1642,2698,0.6431181485992692
1048,1588,2636,0.6599496221662469
1056,1711,2767,0.6171829339567504
1158,1748,2906,0.6624713958810069
1009,1519,2528,0.6642527978933509
1068,1596,2664,0.6691729323308271
1123,1717,2840,0.6540477577169481
1076,1694,2770,0.6351829988193625
1168,1841,3009,0.6344378055404671
1138,1859,2997,0.6121570736955352
1049,1788,2837,0.5866890380313199
856,1457,2313,0.5875085792724777
874,1632,2506,0.5355392156862745
899,1716,2615,0.5238927738927739
745,1315,2060,0.5665399239543726
997,1701,2698,0.5861258083480305
1020,1674,2694,0.6093189964157706
1068,1649,2717,0.6476652516676774
1115,1651,2766,0.6753482737734706
1109,1708,2817,0.6492974238875878
1128,1742,2870,0.6475315729047072
1016,1603,2619,0.6338116032439176
1104,1740,2844,0.6344827586206897
1109,1675,2784,0.662089552238806
1148,1834,2982,0.6259541984732825
1077,1672,2749,0.6441387559808612
1043,1670,2713,0.6245508982035928
958,1479,2437,0.6477349560513861
1065,1694,2759,0.6286894923258559
1111,1692,2803,0.6566193853427896
1129,1762,2891,0.6407491486946651
1047,1674,2721,0.6254480286738351
1093,1676,2769,0.6521479713603818
1093,1691,2784,0.6463630987581312
1133,1717,2850,0.6598718695398952
1080,1694,2774,0.6375442739079102
1106,1682,2788,0.6575505350772889
1121,1802,2923,0.6220865704772475
960,1554,2514,0.6177606177606177
1039,1689,2728,0.6151568975725281
1039,1738,2777,0.5978135788262371
1135,1831,2966,0.6198798470780994
1091,1748,2839,0.6241418764302059
1081,1654,2735,0.6535671100362757
1118,1703,2821,0.6564885496183206
1085,1751,2836,0.6196459166190749
1068,1740,2808,0.6137931034482759
1014,1744,2758,0.5814220183486238
1117,1736,2853,0.6434331797235023
1100,1805,2905,0.6094182825484764
1093,1608,2701,0.679726368159204
1100,1733,2833,0.634737449509521
1171,1844,3015,0.6350325379609545
991,1593,2584,0.6220966729441306
1169,1794,2963,0.6516164994425864
1077,1718,2795,0.6268917345750873
1055,1702,2757,0.6198589894242068
1079,1774,2853,0.6082299887260428
1109,1727,2836,0.6421540243196294
997,1475,2472,0.6759322033898305
1012,1707,2719,0.5928529584065613
1009,1519,2528,0.6642527978933509
1110,1734,2844,0.6401384083044983
1079,1690,2769,0.6384615384615384
1179,1765,2944,0.6679886685552407
1099,1804,2903,0.6092017738359202
1105,1684,2789,0.6561757719714965
1060,1770,2830,0.5988700564971752
1080,1673,2753,0.6455469216975493
1135,1748,2883,0.6493135011441648
1015,1834,2849,0.5534351145038168
1042,1716,2758,0.6072261072261073
1215,1954,3169,0.6218014329580348
1123,1795,2918,0.6256267409470752
1131,1849,2980,0.6116819902650081
1081,1668,2749,0.6480815347721822
1052,1755,2807,0.5994301994301995
1090,1749,2839,0.6232132647226987
1043,1676,2719,0.6223150357995226
1062,1641,2703,0.6471663619744058
1073,1679,2752,0.6390708755211435
1051,1614,2665,0.6511771995043371
1040,1680,2720,0.6190476190476191
1079,1655,2734,0.6519637462235649
1088,1713,2801,0.6351430239346176
1090,1818,2908,0.5995599559955995
1071,1724,2795,0.62122969837587
1114,1758,2872,0.6336746302616609
1133,1884,3017,0.601380042462845
1074,1675,2749,0.6411940298507462
1044,1769,2813,0.5901639344262295
1156,1849,3005,0.6252028123309897
1010,1599,2609,0.6316447779862414
1095,1710,2805,0.6403508771929824
1101,1677,2778,0.6565295169946332
927,1497,2424,0.6192384769539078
1062,1758,2820,0.6040955631399317
1058,1772,2830,0.5970654627539503
1062,1743,2805,0.6092943201376936
1055,1692,2747,0.6235224586288416
1071,1700,2771,0.63
966,1722,2688,0.5609756097560976
1025,1679,2704,0.6104824300178677
1157,1701,2858,0.6801881246325691
1143,1733,2876,0.6595499134448932
970,1604,2574,0.6047381546134664
1143,1729,2872,0.6610757663389243
1070,1546,2616,0.6921086675291074
1069,1711,2780,0.6247808299240211
1074,1674,2748,0.6415770609318996
983,1643,2626,0.5982958003651856
1106,1695,2801,0.6525073746312684
1120,1750,2870,0.64
1096,1709,2805,0.6413107080163839
1093,1709,2802,0.6395552954944412
1060,1719,2779,0.6166375799883653
1064,1631,2695,0.6523605150214592
1125,1727,2852,0.6514186450492183
1090,1638,2728,0.6654456654456654
1054,1612,2666,0.6538461538461539
1079,1662,2741,0.6492178098676293
943,1693,2636,0.5569994093325458
897,1518,2415,0.5909090909090909
917,1696,2613,0.5406839622641509
927,1595,2522,0.5811912225705329
962,1699,2661,0.5662154208357858
878,1630,2508,0.5386503067484663
879,1578,2457,0.5570342205323194
755,1463,2218,0.5160628844839371
742,1355,2097,0.5476014760147602
833,1392,2225,0.5984195402298851
878,1681,2559,0.5223081499107673
944,1632,2576,0.5784313725490197
1045,1659,2704,0.6298975286317059
1104,1732,2836,0.6374133949191686
1139,1760,2899,0.647159090909091
1088,1731,2819,0.6285384170999422
1056,1626,2682,0.6494464944649446
1137,1752,2889,0.648972602739726
1069,1709,2778,0.6255119953188999
1162,1731,2893,0.6712882726747544
1148,1779,2927,0.6453063518830804
1161,1817,2978,0.6389653274628508
1108,1739,2847,0.6371477860839563
1022,1646,2668,0.6208991494532199
1072,1643,2715,0.6524650030432136
1029,1662,2691,0.6191335740072202
1069,1809,2878,0.5909342177998894
1116,1772,2888,0.6297968397291196
1149,1820,2969,0.6313186813186813
1086,1702,2788,0.6380728554641598
1131,1786,2917,0.6332586786114222
1002,1651,2653,0.6069049061175046
1039,1652,2691,0.6289346246973365
922,1581,2503,0.5831752055660974
1068,1747,2815,0.611333714939897
1160,1753,2913,0.6617227609811751
1099,1712,2811,0.6419392523364486
1094,1637,2731,0.6682956627978008
1059,1701,2760,0.6225749559082893
1095,1789,2884,0.6120737842370039
1062,1673,2735,0.6347878063359235
1161,1745,2906,0.6653295128939828
1035,1656,2691,0.625
1133,1709,2842,0.66296079578701
1075,1734,2809,0.6199538638985006
1081,1703,2784,0.634762184380505
975,1518,2493,0.642292490118577
1002,1551,2553,0.6460348162475822
1128,1685,2813,0.6694362017804154
1178,1779,2957,0.6621697582911749
1115,1750,2865,0.6371428571428571
1069,1667,2736,0.6412717456508699
1045,1615,2660,0.6470588235294118
1032,1753,2785,0.5887050770108385
1152,1718,2870,0.670547147846333
1026,1682,2708,0.6099881093935791
1049,1672,2721,0.6273923444976076
1117,1686,2803,0.6625148279952551
1031,1662,2693,0.6203369434416366
1055,1667,2722,0.6328734253149371
1105,1647,2752,0.670916818457802
1066,1741,2807,0.6122917863296956
904,1509,2413,0.5990722332670643
1041,1610,2651,0.646583850931677
1053,1746,2799,0.6030927835051546
1056,1746,2802,0.6048109965635738
952,1597,2549,0.5961177207263619
1053,1659,2712,0.6347197106690777
1066,1764,2830,0.6043083900226758
1045,1757,2802,0.5947638019351167
1031,1672,2703,0.6166267942583732
1067,1773,2840,0.601804850535815
1110,1742,2852,0.6371986222732492
1098,1692,2790,0.648936170212766
1113,1681,2794,0.6621058893515764
1120,1725,2845,0.6492753623188405
1042,1613,2655,0.6460012399256044
928,1748,2676,0.5308924485125858
760,1390,2150,0.5467625899280576
894,1604,2498,0.557356608478803
895,1547,2442,0.5785391079508727
921,1737,2658,0.5302245250431779
837,1586,2423,0.5277427490542245
996,1704,2700,0.5845070422535211
992,1811,2803,0.5477636664826063
979,1696,2675,0.5772405660377359
1059,1753,2812,0.6041072447233314
875,1693,2568,0.5168340224453633
1070,1814,2884,0.5898566703417861
939,1620,2559,0.5796296296296296
994,1641,2635,0.6057282145033516
935,1507,2442,0.6204379562043796
1026,1735,2761,0.5913544668587897
1019,1593,2612,0.6396735718769617
1113,1720,2833,0.647093023255814
1065,1691,2756,0.6298048492016558
1077,1671,2748,0.644524236983842
1039,1585,2624,0.6555205047318612
1125,1634,2759,0.6884944920440637
1182,1860,3042,0.635483870967742
991,1626,2617,0.6094710947109471
1045,1718,2763,0.6082654249126892
1077,1784,2861,0.6036995515695067
1166,1796,2962,0.6492204899777283
1118,1685,2803,0.6635014836795252
1083,1792,2875,0.6043526785714286
1054,1687,2741,0.6247777119146414
1117,1736,2853,0.6434331797235023
1101,1789,2890,0.6154276131917272
1080,1685,2765,0.6409495548961425
882,1512,2394,0.5833333333333334
925,1572,2497,0.5884223918575063
937,1647,2584,0.5689131754705525
998,1675,2673,0.595820895522388
1036,1764,2800,0.5873015873015873
1058,1843,2901,0.5740640260444927
1106,1781,2887,0.6209994385176867
1051,1822,2873,0.5768386388583974
1017,1737,2754,0.5854922279792746
1012,1762,2774,0.5743473325766175
1044,1696,2740,0.6155660377358491
1062,1603,2665,0.662507797878977
1076,1663,2739,0.6470234515935057
1083,1666,2749,0.6500600240096038
1127,1754,2881,0.6425313568985177
1012,1626,2638,0.6223862238622386
975,1580,2555,0.6170886075949367
1101,1809,2910,0.6086235489220564
1102,1713,2815,0.6433158201984822
1139,1759,2898,0.6475270039795338
1125,1697,2822,0.6629345904537419
1154,1801,2955,0.6407551360355358
1044,1642,2686,0.6358099878197321
1060,1775,2835,0.5971830985915493
997,1653,2650,0.603145795523291
900,1485,2385,0.6060606060606061
1020,1613,2633,0.6323620582765034
972,1651,2623,0.5887341005451242
1093,1804,2897,0.6058758314855875
1058,1743,2801,0.6069994262765347
1030,1816,2846,0.5671806167400881
1136,1733,2869,0.6555106751298326
1011,1529,2540,0.6612164813603663
1100,1763,2863,0.6239364719228587
1127,1787,2914,0.6306659205372132
1088,1759,2847,0.6185332575326891
1057,1577,2634,0.6702599873176919
1163,1787,2950,0.650811415780638
1117,1696,2813,0.6586084905660378
1210,1754,2964,0.6898517673888256
1047,1636,2683,0.6399755501222494
1102,1683,2785,0.6547831253713606
1022,1439,2461,0.7102154273801251
1134,1727,2861,0.656629994209612
1091,1721,2812,0.6339337594421848
1101,1755,2856,0.6273504273504273
1077,1624,2701,0.6631773399014779
1010,1630,2640,0.6196319018404908
1097,1721,2818,0.6374201045903545
1133,1797,2930,0.6304952698942682
1172,1870,3042,0.6267379679144385
1054,1711,2765,0.6160140268848626
1079,1641,2720,0.6575258988421694
1087,1804,2891,0.602549889135255
994,1704,2698,0.5833333333333334
1386,1556,2942,0.890745501285347
1030,1262,2292,0.8161648177496038
1688,2378,4066,0.7098402018502944
1148,1652,2800,0.6949152542372882
1796,1959,3755,0.9167942827973456
1337,1713,3050,0.780502043199066
1473,1852,3325,0.7953563714902808
1841,2216,4057,0.8307761732851986
1104,1503,2607,0.7345309381237525
941,1628,2569,0.578009828009828
1384,1905,3289,0.726509186351706
1316,1748,3064,0.7528604118993135
1898,2168,4066,0.8754612546125461
1167,1613,2780,0.7234965902045877
1282,1743,3025,0.7355134825014343
1268,2077,3345,0.6104959075589793
1725,2327,4052,0.7412978083369145
1585,1807,3392,0.8771444382955175
1198,1738,2936,0.6892980437284235
1620,1894,3514,0.8553326293558606
789,1063,1852,0.742238946378175
1348,1846,3194,0.7302275189599133
1539,2236,3775,0.6882826475849732
1691,2384,4075,0.7093120805369127
1355,2173,3528,0.6235618959963185
966,1598,2564,0.60450563204005
1242,2193,3435,0.5663474692202463
1316,2087,3403,0.6305701964542405
1093,1581,2674,0.6913345983554712
1614,2244,3858,0.7192513368983957
1364,1682,3046,0.8109393579072532
1191,1786,2977,0.6668533034714446
1499,2346,3845,0.6389599317988065
1606,2142,3748,0.7497665732959851
1257,1594,2851,0.7885821831869511
1120,1666,2786,0.6722689075630253
1357,2060,3417,0.6587378640776699
1292,1714,3006,0.7537922987164527
1269,1451,2720,0.8745692625775328
1662,2116,3778,0.7854442344045368
1447,2282,3729,0.6340929009640666
1135,1491,2626,0.761234071093226
1510,2009,3519,0.7516177202588352
1512,1689,3201,0.8952042628774423
1370,2030,3400,0.6748768472906403
1343,1651,2994,0.8134463961235615
1349,1803,3152,0.7481974486966168
1139,1550,2689,0.7348387096774194
1603,2098,3701,0.7640610104861774
1658,2065,3723,0.802905569007264
1524,2056,3580,0.7412451361867705
1529,1692,3221,0.9036643026004728
1670,2356,4026,0.7088285229202037
1425,2019,3444,0.7057949479940565
1395,1821,3216,0.7660626029654036
1490,1909,3399,0.7805133577789418
1377,1704,3081,0.8080985915492958
1930,2038,3968,0.9470068694798822
1674,2349,4023,0.7126436781609196
1400,1862,3262,0.7518796992481203
1544,1846,3390,0.8364030335861322
1182,1721,2903,0.6868099941894248
1201,2171,3372,0.5532012897282358
1628,2418,4046,0.6732837055417701
1649,1910,3559,0.8633507853403142
1124,1651,2775,0.6807995154451847
1716,2292,4008,0.7486910994764397
1529,1788,3317,0.8551454138702461
1274,1987,3261,0.6411675893306492
1492,2110,3602,0.7071090047393365
1587,2492,4079,0.6368378812199037
1372,1591,2963,0.8623507228158391
1179,1797,2976,0.656093489148581
1368,2070,3438,0.6608695652173913
1412,2261,3673,0.6245024325519681
1188,1820,3008,0.6527472527472528
1175,1805,2980,0.6509695290858726
1489,2264,3753,0.6576855123674912
1546,1968,3514,0.7855691056910569
1808,2181,3989,0.8289775332416323
1459,1856,3315,0.7860991379310345
1220,1671,2891,0.7301017354877319
1505,1421,2926,1.0591133004926108
1625,2078,3703,0.7820019249278152
1541,1860,3401,0.828494623655914
1022,1340,2362,0.7626865671641792
1619,2431,4050,0.6659810777457836
1180,1889,3069,0.6246691371095818
1585,2440,4025,0.6495901639344263
1517,1821,3338,0.8330587589236683
1579,2193,3772,0.7200182398540812
981,1469,2450,0.6678012253233492
595,888,1483,0.670045045045045
1322,1744,3066,0.7580275229357798
1500,1825,3325,0.821917808219178
1036,1344,2380,0.7708333333333334
1279,1533,2812,0.8343118069145466
1011,1635,2646,0.618348623853211
1291,1934,3225,0.6675284384694933
1548,2252,3800,0.6873889875666075
1506,2188,3694,0.6882998171846435
1525,2007,3532,0.759840558046836
1441,1920,3361,0.7505208333333333
1182,1847,3029,0.639956686518679
1684,2311,3995,0.7286888792730419
1699,1900,3599,0.8942105263157895
1835,2080,3915,0.8822115384615384
1288,1570,2858,0.8203821656050956
1586,2193,3779,0.7232102143182855
1352,1863,3215,0.7257112184648417
1543,1996,3539,0.7730460921843687
1753,2260,4013,0.7756637168141592
1537,2026,3563,0.7586377097729516
1382,1562,2944,0.8847631241997439
1615,2055,3670,0.7858880778588808
1713,1904,3617,0.8996848739495799
1290,1962,3252,0.6574923547400612
1206,1757,2963,0.6863972680705749
1622,1958,3580,0.8283963227783453
1569,1956,3525,0.8021472392638037
1548,2287,3835,0.6768692610406646
1423,2159,3582,0.6591014358499305
1890,2176,4066,0.8685661764705882
951,1492,2443,0.6373994638069705
1572,1945,3517,0.8082262210796916
920,1326,2246,0.693815987933635
1468,2260,3728,0.6495575221238938
1079,1639,2718,0.6583282489322758
1389,2221,3610,0.6253939666816749
1499,1886,3385,0.7948038176033935
1562,2392,3954,0.653010033444816
1820,2236,4056,0.813953488372093
1640,2004,3644,0.8183632734530938
1457,2018,3475,0.722001982160555
824,1215,2039,0.6781893004115226
1351,1821,3172,0.741900054914882
986,1420,2406,0.6943661971830986
1441,1945,3386,0.7408740359897172
1167,1559,2726,0.7485567671584349
1366,1648,3014,0.8288834951456311
993,1394,2387,0.712338593974175
1536,2192,3728,0.7007299270072993
1825,1765,3590,1.0339943342776203
1396,2125,3521,0.6569411764705883
1216,1298,2514,0.9368258859784284
1825,2228,4053,0.8191202872531418
1243,1884,3127,0.6597664543524416
1613,2122,3735,0.7601319509896324
1469,1950,3419,0.7533333333333333
1581,1837,3418,0.8606423516603158
1247,1817,3064,0.686296092460099
1235,1855,3090,0.6657681940700808
1107,1629,2736,0.6795580110497238
1064,1954,3018,0.5445240532241555
1087,1406,2493,0.7731152204836416
1389,1692,3081,0.8209219858156028
1203,1628,2831,0.7389434889434889
1340,1976,3316,0.6781376518218624
1407,1760,3167,0.7994318181818182
1797,1738,3535,1.0339470655926353
1287,1843,3130,0.6983179598480738
1709,2104,3813,0.8122623574144486
1023,1617,2640,0.6326530612244898
1626,2294,3920,0.7088055797733217
1408,2126,3534,0.6622765757290687
767,1220,1987,0.6286885245901639
1202,1872,3074,0.6420940170940171
999,1472,2471,0.6786684782608695
1429,1877,3306,0.7613212573255195
1082,1561,2643,0.6931454196028187
1530,2082,3612,0.7348703170028819
1108,1508,2616,0.7347480106100795
1317,2142,3459,0.6148459383753502
1187,1672,2859,0.7099282296650717
1221,1818,3039,0.6716171617161716
1149,1616,2765,0.7110148514851485
1478,2146,3624,0.6887232059645852
966,1377,2343,0.7015250544662309
1641,2316,3957,0.7085492227979274
1784,1991,3775,0.8960321446509292
1522,1922,3444,0.7918834547346514
1608,2117,3725,0.759565422768068
1378,1562,2940,0.882202304737516
1363,1870,3233,0.7288770053475936
1204,1398,2602,0.8612303290414879
1823,1788,3611,1.0195749440715884
1507,2010,3517,0.7497512437810945
1537,1910,3447,0.8047120418848167
1117,1551,2668,0.720180528691167
1666,1763,3429,0.9449801474758932
1749,2097,3846,0.8340486409155937
1536,2149,3685,0.714751046998604
1416,1440,2856,0.9833333333333332
1511,1783,3294,0.8474481211441391
1114,1834,2948,0.6074154852780806
1520,2182,3702,0.696608615948671
1349,1692,3041,0.7972813238770685
1607,1863,3470,0.8625872249060654
1272,1893,3165,0.6719492868462758
969,1591,2560,0.6090509113764928
1811,2194,4005,0.8254329990884229
1702,1811,3513,0.939812258420762
1773,1539,3312,1.152046783625731
1537,1936,3473,0.793904958677686
1414,1819,3233,0.777350192413414
1589,2255,3844,0.7046563192904657
1431,1501,2932,0.9533644237175216
1491,2107,3598,0.707641196013289
1624,2214,3838,0.7335140018066847
1645,2215,3860,0.7426636568848759
1733,1916,3649,0.9044885177453028
2026,1890,3916,1.071957671957672
1642,2058,3700,0.7978620019436345
1308,1968,3276,0.6646341463414634
1106,1729,2835,0.6396761133603239
1294,1666,2960,0.7767106842737095
1410,2059,3469,0.6847984458474988
1378,1969,3347,0.6998476383951244
1378,1909,3287,0.7218438973284442
1587,1649,3236,0.962401455427532
1720,2049,3769,0.8394338701805759
1452,2021,3473,0.7184562097971301
1599,2168,3767,0.7375461254612546
1524,2093,3617,0.7281414237935977
1320,1294,2614,1.0200927357032457
1964,1626,3590,1.2078720787207873
1503,1892,3395,0.7943974630021141
1181,1606,2787,0.7353673723536738
1690,1769,3459,0.9553420011305822
1506,1924,3430,0.7827442827442828
1376,1890,3266,0.728042328042328
962,1546,2508,0.6222509702457956
1172,1734,2906,0.6758938869665513
1236,1618,2854,0.7639060568603214
882,1342,2224,0.6572280178837556
1346,1818,3164,0.7403740374037404
1524,2269,3793,0.6716615249008374
1386,2119,3505,0.6540821142048135
1510,1869,3379,0.8079186730872124
1473,2241,3714,0.6572958500669344
1238,1696,2934,0.7299528301886793
844,1198,2042,0.7045075125208681
1068,1589,2657,0.672120830711139
1151,1508,2659,0.763262599469496
1287,2000,3287,0.6435
1546,2273,3819,0.6801583809942807
1032,1542,2574,0.669260700389105
1698,2247,3945,0.7556742323097463
1033,1596,2629,0.6472431077694235
1429,1711,3140,0.8351841028638223
1624,2222,3846,0.7308730873087309
1585,1992,3577,0.7956827309236948
1085,1478,2563,0.7341001353179973
1515,2114,3629,0.716650898770104
1528,2342,3870,0.6524338172502135
1527,1857,3384,0.8222940226171244
1377,2544,3921,0.5412735849056604
1316,1833,3149,0.717948717948718
1402,2110,3512,0.6644549763033175
1070,1798,2868,0.5951056729699666
1388,2103,3491,0.6600095102234903
1156,1450,2606,0.7972413793103448
1580,2513,4093,0.6287306008754476
1227,1899,3126,0.6461295418641391
1181,1907,3088,0.6192973256423702
1547,2142,3689,0.7222222222222222
1217,1604,2821,0.7587281795511222
1248,1679,2927,0.7432995830851697
1607,2168,3775,0.7412361623616236
1081,1597,2678,0.6768941765810895
1289,1732,3021,0.7442263279445728
1984,1927,3911,1.0295796574987026
1487,2143,3630,0.6938870741950537
1241,1644,2885,0.7548661800486618
1351,1811,3162,0.7459966869133076
1806,1795,3601,1.0061281337047354
1506,2207,3713,0.6823742637063888
1719,1659,3378,1.0361663652802893
1233,1742,2975,0.7078071182548794
1417,2414,3831,0.5869925434962717
1279,1850,3129,0.6913513513513514
1559,1874,3433,0.8319103521878335
1236,1682,2918,0.7348394768133175
930,1561,2491,0.5957719410634209
1657,2312,3969,0.7166955017301038
1583,2219,3802,0.7133844073907165
1436,1586,3022,0.905422446406053
1566,2456,4022,0.6376221498371335
1011,1619,2630,0.6244595429277332
1511,2162,3673,0.6988899167437558
1722,2149,3871,0.8013029315960912
1204,1901,3105,0.6333508679642293
847,1381,2228,0.6133236784938451
1183,2101,3284,0.5630652070442647
1650,2415,4065,0.6832298136645962
1233,2104,3337,0.5860266159695817
1168,1424,2592,0.8202247191011236
1276,1965,3241,0.6493638676844784
1553,2494,4047,0.6226944667201283
1239,1709,2948,0.7249853715623171
1768,1978,3746,0.8938321536905965
1311,1853,3164,0.7075013491635186
987,1641,2628,0.6014625228519196
1066,1526,2592,0.6985583224115334
1695,1991,3686,0.8513309894525364
1769,2142,3911,0.8258636788048552
1843,2153,3996,0.8560148629818858
1679,2336,4015,0.71875
1472,1780,3252,0.8269662921348314
1406,2438,3844,0.5767022149302707
1687,2330,4017,0.7240343347639485
1174,1758,2932,0.6678043230944255
1405,1867,3272,0.7525441885377611
1103,1617,2720,0.6821273964131107
1570,1870,3440,0.839572192513369
1431,1621,3052,0.8827884022208513
1809,2017,3826,0.8968765493306892
1132,1971,3103,0.5743277524099442
1724,2312,4036,0.745674740484429
1481,2092,3573,0.7079349904397706
1599,2262,3861,0.7068965517241379
1292,1873,3165,0.6898024559530166
1326,2139,3465,0.6199158485273493
1202,1950,3152,0.6164102564102564
1471,1932,3403,0.7613871635610766
1238,2035,3273,0.6083538083538084
1108,1754,2862,0.6316989737742303
1064,1437,2501,0.7404314544189283
1662,2267,3929,0.733127481252757
1573,2224,3797,0.7072841726618705
1596,1887,3483,0.8457869634340223
937,1325,2262,0.7071698113207547
1758,2119,3877,0.829636621047664
1587,2464,4051,0.6440746753246753
851,1497,2348,0.5684702738810955
827,1385,2212,0.5971119133574008
1548,2030,3578,0.7625615763546798
1314,1658,2972,0.7925211097708083
1229,1762,2991,0.6975028376844495
1591,2191,3782,0.7261524418073939
1407,1625,3032,0.8658461538461538
1372,1957,3329,0.7010730710270823
1567,2208,3775,0.7096920289855072
882,1302,2184,0.6774193548387096
1549,2332,3881,0.6642367066895368
1284,1772,3056,0.7246049661399548
1030,1553,2583,0.6632324533161623
1452,2642,4094,0.5495836487509462
1133,1640,2773,0.6908536585365853
1572,2089,3661,0.752513164193394
1258,2017,3275,0.6236985622211205
1497,1794,3291,0.8344481605351171
1407,2208,3615,0.6372282608695652
1268,1944,3212,0.6522633744855967
1520,2357,3877,0.6448875689435724
1549,2120,3669,0.7306603773584905
1641,1834,3475,0.8947655398037078
1648,2235,3883,0.7373601789709172
1218,2336,3554,0.521404109589041
1301,2184,3485,0.5956959706959707
1160,1615,2775,0.718266253869969
1055,1596,2651,0.6610275689223057
1278,2049,3327,0.623718887262079
959,1276,2235,0.7515673981191222
1463,2023,3486,0.7231833910034602
1041,1387,2428,0.7505407354001442
1375,1846,3221,0.7448537378114843
1401,1756,3157,0.7978359908883826
1488,2036,3524,0.730844793713163
1208,1956,3164,0.6175869120654397
1958,1919,3877,1.0203230849400728
1682,2164,3846,0.777264325323475
1449,2052,3501,0.706140350877193
1345,1651,2996,0.8146577831617202
882,1521,2403,0.5798816568047337
1138,1779,2917,0.6396852164137156
1147,1608,2755,0.7133084577114428
1332,2288,3620,0.5821678321678322
1290,2131,3421,0.6053496011262318
1633,2001,3634,0.8160919540229885
805,1485,2290,0.5420875420875421
1149,1738,2887,0.6611047180667434
1208,1880,3088,0.6425531914893617
1403,1903,3306,0.7372569626904887
1342,1621,2963,0.8278840222085133
1016,1665,2681,0.6102102102102102
1113,1677,2790,0.6636851520572451
1534,2037,3571,0.7530682376043201
1503,2290,3793,0.6563318777292576
1256,1915,3171,0.6558746736292428
1598,2222,3820,0.7191719171917191
1037,1696,2733,0.6114386792452831
1523,1816,3339,0.8386563876651982
1543,1932,3475,0.7986542443064182
1425,2042,3467,0.6978452497551421
1469,2086,3555,0.7042186001917545
675,952,1627,0.7090336134453782
1546,1991,3537,0.7764942240080361
1197,1891,3088,0.6329984135378107
1299,2106,3405,0.6168091168091168
1609,2286,3895,0.7038495188101487
1272,1694,2966,0.7508854781582054
1604,1987,3591,0.8072471061902365
1236,2086,3322,0.5925215723873442
1640,1946,3586,0.8427543679342241
1708,2360,4068,0.7237288135593221
1518,1732,3250,0.8764434180138568
1135,1504,2639,0.754654255319149
1436,2156,3592,0.6660482374768089
1640,2431,4071,0.6746194981489099
1331,1879,3210,0.7083555082490687
1109,1420,2529,0.7809859154929577
1706,1926,3632,0.885773624091381
1297,1961,3258,0.6613972463029066
1335,1699,3034,0.7857563272513243
1426,1774,3200,0.8038331454340474
1577,1809,3386,0.8717523493642897
1642,1980,3622,0.8292929292929293
1586,2303,3889,0.6886669561441597
1252,2004,3256,0.624750499001996
1423,2182,3605,0.652153987167736
1401,1593,2994,0.879472693032015
1309,2017,3326,0.6489836390679227
1439,2156,3595,0.6674397031539888
1782,2293,4075,0.7771478412559966
982,1327,2309,0.7400150715900528
1343,1680,3023,0.799404761904762
1718,2050,3768,0.8380487804878048
1407,2173,3580,0.6474919466175794
1351,2140,3491,0.6313084112149533
1423,1800,3223,0.7905555555555556
1357,1898,3255,0.7149631190727082
1058,1674,2732,0.6320191158900836
1239,1798,3037,0.6890989988876529
993,1465,2458,0.677815699658703
1705,2036,3741,0.837426326129666
989,1579,2568,0.6263457884737176
1733,2015,3748,0.8600496277915632
1423,1892,3315,0.7521141649048626
1644,2262,3906,0.726790450928382
1798,2234,4032,0.8048343777976723
1154,1498,2652,0.7703604806408545
1419,1902,3321,0.7460567823343849
1551,2025,3576,0.7659259259259259
1342,2028,3370,0.6617357001972387
1077,1740,2817,0.6189655172413793
1466,1905,3371,0.7695538057742782
1774,2124,3898,0.835216572504708
1388,1830,3218,0.7584699453551913
1404,1722,3126,0.8153310104529616
1132,1670,2802,0.6778443113772455
1193,1676,2869,0.7118138424821002
957,1606,2563,0.5958904109589042
1490,2133,3623,0.6985466479137366
1367,1989,3356,0.6872800402212167
1468,2496,3964,0.5881410256410257
1692,2195,3887,0.7708428246013668
1460,1814,3274,0.804851157662624
1553,1936,3489,0.8021694214876033
1276,1712,2988,0.7453271028037384
1281,1623,2904,0.789279112754159
1299,1923,3222,0.6755070202808112
2085,1993,4078,1.0461615654791772
1157,1430,2587,0.8090909090909091
1271,1601,2872,0.7938788257339163
1023,1627,2650,0.6287645974185617
1188,1499,2687,0.7925283522348232
1627,1721,3348,0.9453805926786752
1622,1617,3239,1.0030921459492887
1561,1946,3507,0.802158273381295
1360,1702,3062,0.799059929494712
1356,2558,3914,0.5301016419077405
1600,1913,3513,0.836382645060115
1057,1698,2755,0.6224970553592462
1193,1726,2919,0.6911935110081112
1224,1419,2643,0.8625792811839323
1355,1781,3136,0.7608085345311623
1671,2209,3880,0.7564508827523766
1776,2080,3856,0.8538461538461538
1635,2139,3774,0.7643758765778401
1199,1688,2887,0.7103080568720379
1134,1477,2611,0.7677725118483413
1015,1412,2427,0.7188385269121813
1252,2113,3365,0.5925224798864174
1602,1514,3116,1.0581241743725232
1245,1935,3180,0.6434108527131783
1310,1944,3254,0.6738683127572016
1782,2023,3805,0.8808699950568463
1365,2106,3471,0.6481481481481481
1736,2200,3936,0.7890909090909091
1420,1907,3327,0.7446250655479811
979,1560,2539,0.6275641025641026
1311,1899,3210,0.6903633491311216
1574,2355,3929,0.6683651804670913
1113,1644,2757,0.677007299270073
1176,1953,3129,0.6021505376344086
1366,2042,3408,0.6689520078354554
1203,1467,2670,0.820040899795501
960,1460,2420,0.6575342465753424
1095,1689,2784,0.6483126110124334
964,1375,2339,0.7010909090909091
1166,1597,2763,0.7301189730745147
1592,1976,3568,0.805668016194332
1540,1781,3321,0.8646827624929815
1555,2066,3621,0.7526621490803485
1228,1750,2978,0.7017142857142857
1636,1963,3599,0.8334182373917474
727,1455,2182,0.4996563573883161
1555,2266,3821,0.6862312444836717
1455,2081,3536,0.6991830850552619
1152,1550,2702,0.743225806451613
1822,2170,3992,0.83963133640553
1605,2136,3741,0.7514044943820225
1547,2086,3633,0.7416107382550335
1079,1579,2658,0.6833438885370487
1704,2310,4014,0.7376623376623377
1225,2253,3478,0.5437194851309365
1192,1906,3098,0.6253934942287513
1319,1952,3271,0.6757172131147541
1098,1891,2989,0.5806451612903226
620,1175,1795,0.5276595744680851
1347,1977,3324,0.6813353566009105
1553,1912,3465,0.8122384937238494
1549,2065,3614,0.7501210653753027
1209,1530,2739,0.7901960784313725
1367,1989,3356,0.6872800402212167
1621,2194,3815,0.7388331814038286
1769,2293,4062,0.7714784125599651
1808,1995,3803,0.906265664160401
1385,1836,3221,0.7543572984749455
1768,1856,3624,0.9525862068965516
1278,1624,2902,0.7869458128078818
1414,1895,3309,0.7461741424802111
1273,1528,2801,0.8331151832460733
1398,2315,3713,0.6038876889848812
1554,1864,3418,0.8336909871244635
1549,2202,3751,0.7034514078110808
1266,1845,3111,0.6861788617886179
1415,1909,3324,0.7412257726558408
1255,1844,3099,0.68058568329718
1724,2029,3753,0.8496796451453918
1194,1768,2962,0.6753393665158371
1607,2235,3842,0.7190156599552573
1168,1677,2845,0.6964818127608825
1456,2301,3757,0.632768361581921
1501,2400,3901,0.6254166666666666
1474,2095,3569,0.7035799522673031
1290,1459,2749,0.884167237834133
1006,1280,2286,0.7859375
1341,2223,3564,0.6032388663967612
1363,2167,3530,0.6289801568989386
1302,1912,3214,0.6809623430962343
840,1207,2047,0.695940347970174
1137,1510,2647,0.7529801324503311
1557,2070,3627,0.7521739130434782
1512,1863,3375,0.8115942028985508
1549,2195,3744,0.7056947608200456
1617,2097,3714,0.771101573676681
1229,1858,3087,0.6614639397201292
1575,2428,4003,0.6486820428336079
952,1577,2529,0.6036778693722258
1179,1493,2672,0.7896851975887474
1604,2338,3942,0.6860564585115483
1407,2135,3542,0.659016393442623
1234,2003,3237,0.6160758861707439
1624,2034,3658,0.7984267453294002
1120,1682,2802,0.6658739595719382
1065,1492,2557,0.7138069705093834
1237,2022,3259,0.6117705242334323
1661,2001,3662,0.8300849575212393
1313,1909,3222,0.6877946568884232
1577,1847,3424,0.8538170005414185
1621,2115,3736,0.7664302600472813
1712,2355,4067,0.7269639065817409
1297,2039,3336,0.636096125551741
1376,2020,3396,0.6811881188118812
1355,1770,3125,0.7655367231638418
1440,1666,3106,0.8643457382953181
1009,1486,2495,0.6790040376850606
1268,1937,3205,0.6546205472379969
1737,2235,3972,0.7771812080536913
1754,2185,3939,0.8027459954233409
1904,1988,3892,0.9577464788732394
1057,1494,2551,0.7074966532797858
1198,1829,3027,0.655002733734281
1033,1986,3019,0.5201409869083585
1534,1752,3286,0.8755707762557078
1339,2057,3396,0.6509479824987846
937,1317,2254,0.7114654517843584
1464,2089,3553,0.700813786500718
1483,2036,3519,0.7283889980353635
1532,2448,3980,0.6258169934640523
1259,1860,3119,0.6768817204301075
1754,2041,3795,0.8593826555609995
934,1571,2505,0.5945257797581158
1240,1990,3230,0.6231155778894473
963,1606,2569,0.599626400996264
1166,1626,2792,0.7170971709717097
1866,2215,4081,0.8424379232505643
1167,1427,2594,0.8177995795374913
1290,1990,3280,0.6482412060301508
1023,1506,2529,0.6792828685258964
1517,2149,3666,0.7059097254536993
1362,1815,3177,0.7504132231404959
1301,1803,3104,0.7215751525235718
1306,1693,2999,0.7714116952155936
1336,2139,3475,0.624590930341281
1429,1956,3385,0.7305725971370143
1145,1499,2644,0.7638425617078052
1503,2357,3860,0.6376750106067034
1325,2161,3486,0.6131420638593243
1508,1811,3319,0.8326891220320265
839,1279,2118,0.6559812353401094
1447,1826,3273,0.7924424972617744
1462,1947,3409,0.7508988186954288
1486,2331,3817,0.6374946374946375
1482,2412,3894,0.6144278606965174
1525,2168,3693,0.7034132841328413
1125,1758,2883,0.6399317406143344
979,1457,2436,0.6719286204529856
1297,2079,3376,0.6238576238576239
1403,2051,3454,0.6840565577766943
1672,2393,4065,0.6987045549519432
1224,1727,2951,0.7087434858135495
1319,2235,3554,0.5901565995525727
1147,1945,3092,0.5897172236503856
1174,1688,2862,0.6954976303317536
865,1360,2225,0.6360294117647058
1539,2250,3789,0.684
1347,1708,3055,0.7886416861826698
1081,1664,2745,0.6496394230769231
1214,2027,3241,0.5989146521953626
1502,2522,4024,0.5955590800951626
1765,2189,3954,0.8063042485153038
1569,2149,3718,0.7301070265239646
1499,1934,3433,0.7750775594622544
1319,1688,3007,0.7813981042654028
1280,1698,2978,0.7538280329799765
1517,2268,3785,0.6688712522045855
1173,1820,2993,0.6445054945054945
1518,2030,3548,0.7477832512315271
1530,2116,3646,0.723062381852552
1522,2414,3936,0.6304888152444076
1418,1832,3250,0.7740174672489083
1547,2396,3943,0.6456594323873122
1224,1573,2797,0.7781309599491417
1520,2430,3950,0.6255144032921811
966,1102,2068,0.8765880217785844
1562,2309,3871,0.6764833261152013
1186,1567,2753,0.7568602425015954
1281,1854,3135,0.6909385113268608
1522,1978,3500,0.7694641051567239
1676,1882,3558,0.8905419766206164
1454,2035,3489,0.7144963144963145
957,1663,2620,0.5754660252555622
1552,1853,3405,0.8375607123583378
1428,2026,3454,0.7048371174728529
1610,1893,3503,0.8505018489170628
1115,1824,2939,0.6112938596491229
1079,1393,2472,0.7745872218234028
1271,1832,3103,0.6937772925764192
1568,2294,3862,0.6835222319093287
1567,2130,3697,0.7356807511737089
1340,1632,2972,0.821078431372549
1307,2139,3446,0.6110331930808789
1269,1989,3258,0.6380090497737556
1047,1824,2871,0.5740131578947368
1554,2029,3583,0.7658945293247905
1529,2018,3547,0.7576808721506442
1114,1750,2864,0.6365714285714286
1176,1926,3102,0.6105919003115264
1841,2066,3907,0.8910939012584704
1633,2084,3717,0.7835892514395394
1583,2162,3745,0.7321924144310823
1112,1675,2787,0.6638805970149254
1150,1843,2993,0.6239826370048833
1731,2105,3836,0.8223277909738718
1170,1698,2868,0.6890459363957597
1401,1646,3047,0.8511543134872418
1597,1826,3423,0.8745892661555312
1624,2388,4012,0.6800670016750419
1583,1989,3572,0.7958773252890899
1520,2179,3699,0.6975676916016521
1137,1338,2475,0.8497757847533632
776,976,1752,0.7950819672131147
1662,2075,3737,0.8009638554216868
295,512,807,0.576171875
1475,2092,3567,0.7050669216061185
19,53,72,0.3584905660377358
45,188,233,0.2393617021276596
1117,1578,2695,0.7078580481622306
896,1835,2731,0.488283378746594
887,1445,2332,0.613840830449827
1336,1415,2751,0.9441696113074204
1129,1629,2758,0.6930632289748312
1448,1865,3313,0.7764075067024129
1235,1719,2954,0.7184409540430483
1313,1989,3302,0.6601307189542484
1102,1784,2886,0.6177130044843049
1115,1862,2977,0.5988184747583244
1642,2373,4015,0.6919511167298777
1287,2165,3452,0.5944572748267898
771,1473,2244,0.5234215885947047
940,1568,2508,0.5994897959183674
722,1127,1849,0.6406388642413487
1166,1632,2798,0.7144607843137255
1305,1734,3039,0.7525951557093425
1021,1677,2698,0.6088252832438878
1027,1214,2241,0.8459637561779242
929,1215,2144,0.7646090534979424
1342,1993,3335,0.6733567486201706
1163,1880,3043,0.6186170212765958
1091,1921,3012,0.5679333680374805
936,1189,2125,0.7872161480235492
1010,1267,2277,0.7971586424625099
828,1235,2063,0.6704453441295547
1237,2438,3675,0.507383100902379
1092,1452,2544,0.7520661157024794
474,684,1158,0.6929824561403509
1142,1512,2654,0.7552910052910053
1021,1532,2553,0.6664490861618799
995,1560,2555,0.6378205128205128
918,1633,2551,0.5621555419473362
1059,1243,2302,0.8519710378117458
887,999,1886,0.8878878878878879
1487,2112,3599,0.7040719696969697
1004,1422,2426,0.7060478199718706
1180,1775,2955,0.6647887323943662
540,858,1398,0.6293706293706294
658,1195,1853,0.5506276150627615
1202,1592,2794,0.7550251256281407
1466,1842,3308,0.7958740499457112
1034,929,1963,1.1130247578040904
1253,2010,3263,0.6233830845771144
975,1360,2335,0.7169117647058824
1446,1689,3135,0.8561278863232682
973,1327,2300,0.7332328560663149
846,1273,2119,0.6645718774548312
1273,1598,2871,0.7966207759699625
1251,1416,2667,0.8834745762711864
1507,2056,3563,0.732976653696498
1107,1645,2752,0.6729483282674772
1313,2126,3439,0.6175917215428034
961,1422,2383,0.6758087201125176
1105,1555,2660,0.7106109324758842
1003,1659,2662,0.6045810729355033
1526,1923,3449,0.7935517420696828
1513,2262,3775,0.6688770999115826
917,1436,2353,0.6385793871866295
942,1726,2668,0.5457705677867902
1056,2027,3083,0.5209669462259496
952,1635,2587,0.582262996941896
1394,2367,3761,0.5889311364596536
1474,2111,3585,0.6982472761724301
1488,2044,3532,0.7279843444227005
1732,2244,3976,0.7718360071301248
1700,2225,3925,0.7640449438202247
1396,2024,3420,0.6897233201581028
809,1137,1946,0.7115215479331575
1521,2089,3610,0.7280995691718526
1513,2505,4018,0.6039920159680638
1139,1665,2804,0.684084084084084
1669,2253,3922,0.7407900577008433
1606,2213,3819,0.7257117035698147
1124,1513,2637,0.7428949107732981
1684,2386,4070,0.7057837384744342
999,1374,2373,0.7270742358078602
1678,2193,3871,0.7651618787049703
1567,1895,3462,0.8269129287598944
1292,1575,2867,0.8203174603174603
357,512,869,0.697265625
984,1447,2431,0.6800276434001382
721,937,1658,0.7694770544290288
445,599,1044,0.7429048414023373
669,895,1564,0.7474860335195531
391,563,954,0.69449378330373
1115,1439,2554,0.7748436414176512
956,1392,2348,0.6867816091954023
1039,1443,2482,0.72002772002772
1062,1547,2609,0.6864899806076277
881,1222,2103,0.720949263502455
1009,1248,2257,0.8084935897435898
851,1282,2133,0.6638065522620905
1019,1443,2462,0.7061677061677062
1148,1459,2607,0.7868403015764222
1018,1468,2486,0.6934604904632152
992,1396,2388,0.7106017191977078
1134,1530,2664,0.7411764705882353
1059,1469,2528,0.7208985704560926
1000,1509,2509,0.6626905235255136
968,1348,2316,0.7181008902077152
1116,1462,2578,0.7633378932968536
1008,1286,2294,0.7838258164852255
1065,1505,2570,0.707641196013289
1114,1633,2747,0.6821800367421923
959,1257,2216,0.7629276054097056
795,1228,2023,0.6473941368078175
941,1280,2221,0.73515625
1085,1558,2643,0.696405648267009
934,1475,2409,0.6332203389830509
1126,1657,2783,0.6795413397706699
1049,1564,2613,0.6707161125319693
1052,1502,2554,0.7003994673768309
841,1317,2158,0.6385725132877752
756,1067,1823,0.7085285848172446
930,1470,2400,0.6326530612244898
917,1431,2348,0.6408106219426974
1100,1458,2558,0.7544581618655692
955,1429,2384,0.6682995101469559
947,1385,2332,0.683754512635379
1064,1579,2643,0.6738442051931602
1112,1746,2858,0.6368843069873997
982,1435,2417,0.6843205574912892
1015,1380,2395,0.7355072463768116
1018,1630,2648,0.6245398773006134
705,1001,1706,0.7042957042957043
887,1152,2039,0.7699652777777778
1069,1459,2528,0.7326936257710761
852,1149,2001,0.741514360313316
904,1491,2395,0.6063044936284373
897,1237,2134,0.725141471301536
893,1304,2197,0.6848159509202454
870,1245,2115,0.6987951807228916
924,1340,2264,0.6895522388059702
1048,1487,2535,0.7047747141896435
962,1201,2163,0.8009991673605329
949,1258,2207,0.7543720190779014
1011,1470,2481,0.6877551020408164
981,1229,2210,0.7982099267697315
779,1174,1953,0.6635434412265758
1005,1442,2447,0.6969486823855756
981,1474,2455,0.6655359565807327
1103,1630,2733,0.6766871165644172
803,1138,1941,0.7056239015817223
1007,1421,2428,0.7086558761435608
1040,1241,2281,0.8380338436744561
1052,1415,2467,0.7434628975265017
696,1152,1848,0.6041666666666666
1095,1667,2762,0.6568686262747451
1177,1796,2973,0.6553452115812918
970,1378,2348,0.7039187227866474
1134,1616,2750,0.7017326732673267
929,1379,2308,0.6736765772298767
995,1562,2557,0.6370038412291933
927,1327,2254,0.6985681989449887
1078,1655,2733,0.6513595166163142
864,1346,2210,0.6419019316493314
1006,1421,2427,0.7079521463757917
1079,1608,2687,0.6710199004975125
1130,1715,2845,0.6588921282798834
997,1534,2531,0.6499348109517601
825,1184,2009,0.6967905405405406
979,1421,2400,0.6889514426460239
998,1372,2370,0.7274052478134111
1069,1696,2765,0.6303066037735849
983,1738,2721,0.5655926352128884
955,1248,2203,0.7652243589743589
1045,1595,2640,0.6551724137931034
1099,1334,2433,0.8238380809595203
1005,1464,2469,0.6864754098360656
877,1341,2218,0.6539895600298284
959,1370,2329,0.7
1063,1443,2506,0.7366597366597366
1069,1301,2370,0.8216756341275941
744,1002,1746,0.7425149700598802
889,1283,2172,0.6929072486360094
970,1435,2405,0.6759581881533101
930,1270,2200,0.7322834645669292
1037,1126,2163,0.9209591474245116
889,1446,2335,0.6147994467496543
880,1265,2145,0.6956521739130435
961,1356,2317,0.7087020648967551
920,1449,2369,0.6349206349206349
1047,1508,2555,0.6942970822281167
941,1346,2287,0.6991084695393759
866,1424,2290,0.6081460674157303
1024,1306,2330,0.7840735068912711
1111,1581,2692,0.702719797596458
805,1317,2122,0.6112376613515565
1035,1616,2651,0.6404702970297029
1118,1606,2724,0.6961394769613948
953,1358,2311,0.7017673048600883
596,1054,1650,0.5654648956356736
1105,1401,2506,0.788722341184868
1043,1225,2268,0.8514285714285714
815,1157,1972,0.7044079515989629
1105,1410,2515,0.7836879432624113
1065,1290,2355,0.8255813953488372
961,1434,2395,0.6701534170153417
1089,1467,2556,0.7423312883435583
975,1284,2259,0.7593457943925234
855,891,1746,0.9595959595959596
801,1136,1937,0.7051056338028169
1126,1621,2747,0.6946329426280075
1070,1520,2590,0.7039473684210527
887,1247,2134,0.7113071371291099
1191,1661,2852,0.7170379289584587
983,1448,2431,0.6788674033149171
888,1264,2152,0.7025316455696202
898,1443,2341,0.6223146223146223
935,1419,2354,0.6589147286821705
997,1365,2362,0.7304029304029304
1078,1453,2531,0.741913282863042
973,1331,2304,0.7310293012772352
1082,1533,2615,0.7058056099151989
866,1385,2251,0.6252707581227437
1045,1492,2537,0.7004021447721179
967,1235,2202,0.7829959514170041
1008,1562,2570,0.645326504481434
879,1297,2176,0.6777178103315343
860,1348,2208,0.6379821958456974
1044,1321,2365,0.7903103709311128
876,1211,2087,0.7233691164327003
1010,1476,2486,0.6842818428184282
788,1276,2064,0.6175548589341693
837,1210,2047,0.6917355371900826
1037,1450,2487,0.7151724137931035
1093,1610,2703,0.6788819875776397
909,1161,2070,0.7829457364341085
914,1288,2202,0.7096273291925466
927,1272,2199,0.7287735849056604
1159,1689,2848,0.6862048549437537
892,1252,2144,0.7124600638977636
1009,1411,2420,0.7150956768249468
1046,1497,2543,0.6987307949231797
889,1385,2274,0.6418772563176895
888,1221,2109,0.7272727272727273
769,1201,1970,0.6402997502081599
1092,1693,2785,0.6450088600118133
1035,1581,2616,0.6546489563567363
976,1344,2320,0.7261904761904762
993,1451,2444,0.684355616815989
821,1378,2199,0.5957910014513788
1122,1507,2629,0.7445255474452555
916,1224,2140,0.7483660130718954
947,1349,2296,0.7020014825796886
1052,1491,2543,0.7055667337357479
976,1377,2353,0.7087872185911401
1047,1512,2559,0.6924603174603174
1027,1405,2432,0.7309608540925266
1033,1521,2554,0.6791584483892176
1100,1766,2866,0.622876557191393
1048,1671,2719,0.6271693596648713
1036,1561,2597,0.6636771300448431
912,1527,2439,0.5972495088408645
879,1219,2098,0.7210828547990156
1041,1449,2490,0.7184265010351967
1056,1752,2808,0.6027397260273972
750,1099,1849,0.6824385805277525
1048,1636,2684,0.6405867970660146
841,1329,2170,0.6328066215199398
952,1323,2275,0.7195767195767195
1070,1528,2598,0.7002617801047121
1163,1710,2873,0.6801169590643275
992,1437,2429,0.6903270702853166
787,1219,2006,0.645611156685808
928,1178,2106,0.7877758913412564
1044,1640,2684,0.6365853658536585
1051,1502,2553,0.699733688415446
976,1506,2482,0.648074369189907
1049,1627,2676,0.6447449293177627
1085,1698,2783,0.6389870435806831
1074,1320,2394,0.8136363636363636
870,1206,2076,0.7213930348258707
1048,1437,2485,0.7292971468336813
880,1227,2107,0.7171964140179299
889,1299,2188,0.6843725943033102
1068,1710,2778,0.624561403508772
1031,1600,2631,0.644375
1033,1480,2513,0.697972972972973
983,1434,2417,0.6854951185495118
1058,1592,2650,0.664572864321608
906,1528,2434,0.5929319371727748
929,1350,2279,0.6881481481481482
1882,2189,4071,0.8597533120146186
902,1371,2273,0.6579139314369074
932,1565,2497,0.5955271565495208
960,1486,2446,0.6460296096904441
1146,1507,2653,0.7604512276045122
1075,1452,2527,0.740358126721763
1117,1308,2425,0.8539755351681957
1070,1569,2639,0.6819630337794774
1043,1386,2429,0.7525252525252525
1135,1495,2630,0.7591973244147158
976,1325,2301,0.7366037735849057
1069,1412,2481,0.7570821529745042
1061,1628,2689,0.6517199017199017
1102,1528,2630,0.7212041884816754
983,1471,2454,0.6682528891910265
1011,1398,2409,0.723175965665236
963,1391,2354,0.6923076923076923
366,600,966,0.61
1041,1611,2652,0.6461824953445066
1052,1649,2701,0.6379624014554275
971,1599,2570,0.6072545340838024
1033,1486,2519,0.6951547779273217
974,1577,2551,0.6176284083703234
1104,1456,2560,0.7582417582417582
1111,1607,2718,0.6913503422526447
1045,1300,2345,0.8038461538461539
1080,1552,2632,0.6958762886597938
1098,1609,2707,0.6824114356743319
905,1320,2225,0.6856060606060606
916,1406,2322,0.65149359886202
986,1531,2517,0.6440235140431091
1152,1788,2940,0.6442953020134228
1270,1696,2966,0.7488207547169812
959,1481,2440,0.6475354490209319
1092,1541,2633,0.7086307592472421
1225,1461,2686,0.838466803559206
1147,1598,2745,0.7177722152690864
1107,1635,2742,0.6770642201834862
433,734,1167,0.5899182561307902
949,1325,2274,0.7162264150943396
1028,1602,2630,0.6416978776529338
1012,1621,2633,0.6243059839605182
1134,1678,2812,0.6758045292014303
1142,1789,2931,0.6383454443823365
1015,1579,2594,0.642811906269791
1044,1605,2649,0.6504672897196262
1061,1397,2458,0.7594846098783107
984,1385,2369,0.7104693140794224
1003,1424,2427,0.7043539325842697
1145,1624,2769,0.7050492610837439
1017,1569,2586,0.6481835564053537
1132,1702,2834,0.6650998824911868
1059,1598,2657,0.66270337922403
1068,1591,2659,0.6712759270898806
1157,1588,2745,0.7285894206549118
1119,1565,2684,0.7150159744408946
1143,1675,2818,0.6823880597014925
984,1426,2410,0.6900420757363254
982,1482,2464,0.6626180836707153
1067,1587,2654,0.6723377441713926
1031,1375,2406,0.7498181818181818
1007,1289,2296,0.7812257564003103
914,1108,2022,0.8249097472924187
1118,1591,2709,0.7027027027027027
1022,1664,2686,0.6141826923076923
1110,1639,2749,0.677242220866382
630,778,1408,0.8097686375321337
1109,1583,2692,0.7005685407454201
1116,1407,2523,0.7931769722814499
1162,1600,2762,0.72625
1121,1666,2787,0.6728691476590636
1048,1629,2677,0.6433394720687539
888,1264,2152,0.7025316455696202
1153,1628,2781,0.7082309582309583
1072,1689,2761,0.6346950858496152
871,1298,2169,0.6710323574730355
1053,1496,2549,0.7038770053475936
975,1377,2352,0.7080610021786492
888,1331,2219,0.667167543200601
529,904,1433,0.5851769911504425
950,1457,2407,0.6520247083047358
437,713,1150,0.6129032258064516
1003,1599,2602,0.6272670419011882
1083,1390,2473,0.779136690647482
1016,1445,2461,0.7031141868512111
925,1238,2163,0.747172859450727
902,1382,2284,0.6526772793053546
1106,1400,2506,0.79
1138,1625,2763,0.7003076923076923
1134,1561,2695,0.726457399103139
1119,1564,2683,0.7154731457800512
1027,1588,2615,0.6467254408060453
925,1371,2296,0.674690007293946
1083,1597,2680,0.678146524733876
996,1413,2409,0.7048832271762208
1133,1595,2728,0.7103448275862069
1098,1702,2800,0.645123384253819
1194,1723,2917,0.6929773650609402
986,1258,2244,0.7837837837837838
1037,1528,2565,0.6786649214659686
1173,1662,2835,0.7057761732851986
1009,1496,2505,0.6744652406417112
958,1370,2328,0.6992700729927007
999,1542,2541,0.6478599221789884
1174,1490,2664,0.7879194630872484
993,1152,2145,0.8619791666666666
906,1368,2274,0.6622807017543859
1141,1604,2745,0.7113466334164589
997,1188,2185,0.8392255892255892
1137,1682,2819,0.6759809750297265
1057,1384,2441,0.763728323699422
1039,1813,2852,0.5730832873690016
1041,1448,2489,0.7189226519337016
960,1401,2361,0.6852248394004282
960,1412,2372,0.6798866855524079
1053,1337,2390,0.787584143605086
1082,1500,2582,0.7213333333333334
1163,1422,2585,0.8178621659634318
1165,1548,2713,0.7525839793281653
1065,1498,2563,0.7109479305740988
1164,1608,2772,0.7238805970149254
1105,1655,2760,0.6676737160120846
875,1380,2255,0.6340579710144928
986,1366,2352,0.7218155197657394
905,1404,2309,0.6445868945868946
984,1429,2413,0.688593421973408
975,1459,2434,0.6682659355723098
921,1248,2169,0.7379807692307693
508,681,1189,0.7459618208516887
1058,1491,2549,0.7095908786049631
988,1450,2438,0.6813793103448276
1060,1391,2451,0.7620416966211359
358,553,911,0.6473779385171791
902,1283,2185,0.7030397505845675
1131,1689,2820,0.6696269982238011
1042,1683,2725,0.6191325014854426
1066,1490,2556,0.7154362416107383
1058,1507,2565,0.7020570670205707
1109,1740,2849,0.6373563218390804
1007,1579,2586,0.6377454084863838
892,1427,2319,0.6250875963559915
1013,1525,2538,0.6642622950819672
1094,1431,2525,0.7645003494060097
915,1098,2013,0.8333333333333334
1045,1504,2549,0.694813829787234
945,1260,2205,0.75
940,1580,2520,0.5949367088607594
983,1723,2706,0.5705165409170052
1109,1669,2778,0.664469742360695
954,1489,2443,0.6406984553391538
963,1461,2424,0.6591375770020534
1135,1599,2734,0.7098186366479049
887,1312,2199,0.6760670731707317
1106,1701,2807,0.6502057613168725
1009,1535,2544,0.657328990228013
1010,1362,2372,0.7415565345080763
1141,1700,2841,0.6711764705882353
1067,1580,2647,0.6753164556962026
1218,1683,2901,0.7237076648841355
1149,1640,2789,0.7006097560975609
1047,1350,2397,0.7755555555555556
953,1558,2511,0.6116816431322208
1044,1375,2419,0.7592727272727273
850,1250,2100,0.68
1083,1668,2751,0.6492805755395683
1141,1819,2960,0.6272677295217153
998,1635,2633,0.6103975535168196
1012,1583,2595,0.6392924826279217
994,1524,2518,0.652230971128609
956,1429,2385,0.668999300209937
938,1396,2334,0.671919770773639
1088,1393,2481,0.7810480976310122
1027,1620,2647,0.6339506172839506
893,1350,2243,0.6614814814814814
1156,1486,2642,0.7779273216689099
1051,1560,2611,0.6737179487179488
996,1424,2420,0.699438202247191
1137,1600,2737,0.710625
1111,1582,2693,0.702275600505689
975,1414,2389,0.6895332390381895
1101,1662,2763,0.6624548736462094
1009,1268,2277,0.7957413249211357
808,1206,2014,0.6699834162520729
1104,1656,2760,0.6666666666666666
917,1405,2322,0.6526690391459075
1043,1178,2221,0.8853989813242784
962,1484,2446,0.6482479784366577
833,1314,2147,0.6339421613394216
902,1488,2390,0.6061827956989247
906,1459,2365,0.6209732693625771
1005,1503,2508,0.6686626746506986
681,1119,1800,0.6085790884718498
935,1678,2613,0.5572109654350417
1045,1495,2540,0.6989966555183946
938,1501,2439,0.6249167221852099
941,1804,2745,0.5216186252771619
1127,1641,2768,0.6867763558805606
905,1293,2198,0.699922660479505
924,1708,2632,0.5409836065573771
1165,1982,3147,0.5877901109989909
919,1491,2410,0.6163648558014755
992,1589,2581,0.6242920075519195
1097,1765,2862,0.6215297450424929
1064,1827,2891,0.5823754789272031
1098,1658,2756,0.6622436670687576
893,1587,2480,0.5626969124133585
874,1375,2249,0.6356363636363637
1023,1682,2705,0.60820451843044
1034,1700,2734,0.6082352941176471
975,1345,2320,0.724907063197026
1038,1792,2830,0.5792410714285714
1135,1698,2833,0.6684334511189635
1047,1472,2519,0.7112771739130435
914,1325,2239,0.689811320754717
1056,1503,2559,0.7025948103792415
1125,1454,2579,0.7737276478679505
974,1554,2528,0.6267696267696268
933,1480,2413,0.6304054054054054
928,1596,2524,0.581453634085213
887,1666,2553,0.5324129651860744
932,1575,2507,0.5917460317460318
912,1588,2500,0.5743073047858942
948,1487,2435,0.6375252185608608
920,1173,2093,0.7843137254901961
1069,1347,2416,0.793615441722346
748,1159,1907,0.6453839516824849
1046,1463,2509,0.7149692412850308
891,1240,2131,0.7185483870967742
1081,1579,2660,0.6846105129829005
898,1378,2276,0.6516690856313497
815,1300,2115,0.6269230769230769
847,1334,2181,0.6349325337331334
1115,1489,2604,0.7488247145735393
1099,1629,2728,0.6746470227133211
1050,1612,2662,0.6513647642679901
1077,1615,2692,0.6668730650154798
1119,1711,2830,0.6540035067212157
967,1360,2327,0.7110294117647059
399,511,910,0.7808219178082192
1147,1665,2812,0.6888888888888889
978,1625,2603,0.6018461538461538
933,1543,2476,0.6046662346079067
1128,1751,2879,0.6442033123929183
855,1409,2264,0.6068133427963094
956,1411,2367,0.6775336640680368
842,1334,2176,0.631184407796102
836,1364,2200,0.6129032258064516
916,1323,2239,0.6923658352229781
891,1341,2232,0.6644295302013423
828,951,1779,0.8706624605678234
981,1538,2519,0.6378413524057217
867,1316,2183,0.6588145896656535
1058,1522,2580,0.695137976346912
992,1411,2403,0.7030474840538625
917,1270,2187,0.7220472440944882
784,1235,2019,0.6348178137651822
1076,1349,2425,0.7976278724981468
1036,1595,2631,0.6495297805642634
997,1467,2464,0.6796182685753238
1183,1593,2776,0.7426239799121155
1030,1620,2650,0.6358024691358025
949,1159,2108,0.818809318377912
928,1310,2238,0.7083969465648855
1038,1627,2665,0.6379840196681008
897,1385,2282,0.6476534296028881
857,1380,2237,0.6210144927536232
952,1667,2619,0.5710857828434314
290,504,794,0.5753968253968254
368,680,1048,0.5411764705882353
1127,1620,2747,0.695679012345679
978,1352,2330,0.7233727810650887
1017,1398,2415,0.7274678111587983
793,1139,1932,0.6962247585601404
950,1344,2294,0.7068452380952381
1062,1547,2609,0.6864899806076277
942,1269,2211,0.7423167848699763
950,1353,2303,0.7021433850702143
814,1216,2030,0.6694078947368421
981,1454,2435,0.6746905089408528
1109,1471,2580,0.7539089055064582
928,1392,2320,0.6666666666666666
1117,1730,2847,0.6456647398843931
857,975,1832,0.8789743589743589
810,1261,2071,0.6423473433782713
877,1265,2142,0.6932806324110672
1023,1556,2579,0.6574550128534704
978,1447,2425,0.6758811333794057
1008,1515,2523,0.6653465346534654
933,1480,2413,0.6304054054054054
745,1230,1975,0.6056910569105691
966,1536,2502,0.62890625
1032,1452,2484,0.7107438016528925
814,1239,2053,0.6569814366424536
714,1081,1795,0.6604995374653099
996,1404,2400,0.7094017094017094
903,1556,2459,0.5803341902313625
982,1502,2484,0.6537949400798935
908,1471,2379,0.6172671651937458
1129,1742,2871,0.648105625717566
1108,1648,2756,0.6723300970873787
1045,1623,2668,0.6438693776956254
1034,1553,2587,0.6658081133290406
764,1230,1994,0.6211382113821138
997,1541,2538,0.6469824789097989
835,1348,2183,0.6194362017804155
1004,1673,2677,0.6001195457262403
962,1506,2468,0.6387782204515272
929,1287,2216,0.7218337218337219
1065,1639,2704,0.6497864551555826
929,1560,2489,0.5955128205128205
992,1457,2449,0.6808510638297872
1015,1553,2568,0.6535737282678686
1016,1358,2374,0.748159057437408
1114,1669,2783,0.6674655482324745
1088,1520,2608,0.7157894736842105
727,1061,1788,0.6852026390197926
1032,1418,2450,0.7277856135401974
997,1538,2535,0.6482444733420026
975,1441,2416,0.6766134628730048
1071,1628,2699,0.6578624078624079
956,1726,2682,0.5538818076477404
1071,1467,2538,0.7300613496932515
976,1360,2336,0.7176470588235294
969,1613,2582,0.6007439553626782
1008,1699,2707,0.5932901706886404
1061,1629,2690,0.6513198281154082
1040,1604,2644,0.6483790523690773
970,1661,2631,0.5839855508729681
942,1395,2337,0.6752688172043011
1039,1607,2646,0.6465463596764157
1110,1837,2947,0.6042460533478498
940,1524,2464,0.6167979002624672
951,1508,2459,0.6306366047745358
949,1382,2331,0.6866859623733719
918,1524,2442,0.6023622047244095
1167,1777,2944,0.6567248171074845
1162,1686,2848,0.6892052194543298
873,1233,2106,0.708029197080292
983,1342,2325,0.732488822652757
879,1326,2205,0.6628959276018099
954,1474,2428,0.6472184531886025
892,1407,2299,0.6339729921819474
756,1170,1926,0.6461538461538462
991,1543,2534,0.6422553467271549
1072,1506,2578,0.7118193891102258
1118,1627,2745,0.6871542716656422
935,1544,2479,0.6055699481865285
962,1375,2337,0.6996363636363636
1104,1376,2480,0.8023255813953488
451,713,1164,0.6325385694249649
1043,1717,2760,0.6074548631333722
1159,1702,2861,0.6809635722679201
1058,1735,2793,0.6097982708933718
1062,1536,2598,0.69140625
1079,1607,2686,0.671437461107654
1075,1766,2841,0.6087202718006794
1040,1690,2730,0.6153846153846154
948,1462,2410,0.6484268125854993
996,1665,2661,0.5981981981981982
846,1370,2216,0.6175182481751825
979,1397,2376,0.7007874015748031
903,1375,2278,0.6567272727272727
1021,1488,2509,0.6861559139784946
1129,1808,2937,0.6244469026548672
1059,1529,2588,0.6926095487246566
1042,1774,2816,0.5873731679819617
1012,1730,2742,0.584971098265896
1005,1585,2590,0.6340694006309149
1059,1611,2670,0.6573556797020484
990,1546,2536,0.6403622250970246
1034,1603,2637,0.64504054897068
867,1133,2000,0.76522506619594
827,1427,2254,0.5795374912403644
1031,1704,2735,0.6050469483568075
1013,1542,2555,0.6569390402075227
895,1335,2230,0.6704119850187266
1010,1668,2678,0.605515587529976
1152,1791,2943,0.6432160804020101
1128,1731,2859,0.6516464471403813
968,1456,2424,0.6648351648351648
899,1407,2306,0.6389481165600569
997,1334,2331,0.7473763118440779
745,992,1737,0.751008064516129
1018,1579,2597,0.6447118429385688
1039,1652,2691,0.6289346246973365
1047,1600,2647,0.654375
1058,1445,2503,0.7321799307958478
992,1428,2420,0.6946778711484594
875,1404,2279,0.6232193732193733
1035,1535,2570,0.6742671009771987
938,1341,2279,0.6994780014914244
999,1381,2380,0.723388848660391
1011,1640,2651,0.6164634146341463
1116,1525,2641,0.7318032786885246
982,1483,2465,0.6621712744436952
1003,1329,2332,0.7547027840481565
1022,1256,2278,0.8136942675159236
1157,1592,2749,0.7267587939698492
1033,1591,2624,0.6492771841609051
1119,1638,2757,0.6831501831501832
1172,1718,2890,0.6821885913853318
899,1387,2286,0.6481614996395098
1106,1586,2692,0.6973518284993695
1002,1627,2629,0.6158574062692072
930,1181,2111,0.7874682472480948
983,1580,2563,0.6221518987341772
1133,1556,2689,0.7281491002570694
916,1298,2214,0.7057010785824345
985,1364,2349,0.7221407624633431
1095,1552,2647,0.7055412371134021
1100,1496,2596,0.7352941176470589
893,1392,2285,0.6415229885057471
973,1589,2562,0.6123348017621145
1123,1463,2586,0.7676008202323992
896,1330,2226,0.6736842105263158
983,1411,2394,0.6966690290574061
952,1432,2384,0.664804469273743
967,1426,2393,0.6781206171107994
1017,1476,2493,0.6890243902439024
1134,1616,2750,0.7017326732673267
983,1390,2373,0.7071942446043166
1166,1486,2652,0.784656796769852
1059,1655,2714,0.6398791540785499
1105,1636,2741,0.6754278728606357
926,1404,2330,0.6595441595441596
954,1519,2473,0.6280447662936142
1030,1281,2311,0.8040593286494926
1056,1521,2577,0.6942800788954635
931,1430,2361,0.651048951048951
1029,1560,2589,0.6596153846153846
1007,1561,2568,0.6450992953235106
1120,1619,2739,0.6917850525015442
1024,1447,2471,0.7076710435383552
882,1353,2235,0.6518847006651884
906,1418,2324,0.6389280677009873
933,1306,2239,0.7143950995405819
976,1620,2596,0.6024691358024692
998,1520,2518,0.656578947368421
703,1215,1918,0.5786008230452675
978,1472,2450,0.6644021739130435
976,1387,2363,0.7036770007209805
1019,1301,2320,0.7832436587240584
868,1353,2221,0.6415373244641537
1014,1583,2597,0.640555906506633
881,1305,2186,0.675095785440613
1065,1678,2743,0.634684147794994
924,1495,2419,0.6180602006688963
1042,1634,2676,0.6376988984088128
859,1100,1959,0.7809090909090909
978,1469,2447,0.6657590197413207
1095,1718,2813,0.6373690337601863
993,1505,2498,0.6598006644518273
886,1294,2180,0.6846986089644513
962,1536,2498,0.6263020833333334
890,1371,2261,0.6491611962071481
921,1408,2329,0.6541193181818182
1063,1391,2454,0.7641984184040259
999,1454,2453,0.68707015130674
922,1372,2294,0.6720116618075802
890,1299,2189,0.6851424172440339
636,720,1356,0.8833333333333333
999,1587,2586,0.6294896030245747
1031,1551,2582,0.6647324306898775
971,1451,2422,0.6691936595451413
840,1363,2203,0.6162876008804109
786,1223,2009,0.642681929681112
820,1389,2209,0.5903527717782577
1165,1884,3049,0.6183651804670913
957,1511,2468,0.6333553937789543
1066,1624,2690,0.6564039408866995
973,1534,2507,0.6342894393741851
696,1057,1753,0.6584673604541155
1156,1793,2949,0.6447295036252092
934,1520,2454,0.6144736842105263
921,1240,2161,0.742741935483871
1056,1455,2511,0.7257731958762886
1035,1664,2699,0.6219951923076923
885,1221,2106,0.7248157248157249
915,1356,2271,0.6747787610619469
949,1658,2607,0.5723763570566948
970,1373,2343,0.7064821558630736
1069,1866,2935,0.5728831725616291
1029,1603,2632,0.6419213973799127
1083,1650,2733,0.6563636363636364
1163,1516,2679,0.7671503957783641
816,1176,1992,0.6938775510204082
869,1243,2112,0.6991150442477876
866,1400,2266,0.6185714285714285
962,1518,2480,0.6337285902503293
1077,1422,2499,0.7573839662447257
1044,1672,2716,0.6244019138755981
873,1274,2147,0.685243328100471
954,1502,2456,0.6351531291611185
981,1317,2298,0.744874715261959
1103,1496,2599,0.7372994652406417
885,1490,2375,0.5939597315436241
1042,1695,2737,0.6147492625368731
1045,1597,2642,0.654351909830933
984,1244,2228,0.7909967845659164
1018,1606,2624,0.6338729763387297
1006,1653,2659,0.6085904416212946
1043,1418,2461,0.735543018335684
981,1434,2415,0.6841004184100419
907,1417,2324,0.6400846859562456
1151,1655,2806,0.6954682779456194
1013,1405,2418,0.7209964412811388
938,1314,2252,0.7138508371385084
1030,1419,2449,0.7258632840028189
1035,1634,2669,0.6334149326805385
921,1379,2300,0.6678752719361857
1112,1648,2760,0.6747572815533981
1084,1605,2689,0.6753894080996885
1011,1433,2444,0.7055129099790649
1071,1766,2837,0.6064552661381654
1052,1861,2913,0.5652874798495433
1154,1335,2489,0.8644194756554308
754,1296,2050,0.5817901234567902
864,1304,2168,0.6625766871165644
890,1320,2210,0.6742424242424242
988,1442,2430,0.6851595006934813
1056,1501,2557,0.703530979347102
1033,1587,2620,0.6509136735979836
1029,1679,2708,0.6128648004764741
988,1600,2588,0.6175
959,1461,2420,0.6563997262149213
1054,1596,2650,0.6604010025062657
912,1292,2204,0.7058823529411765
960,1458,2418,0.6584362139917695
905,1308,2213,0.6918960244648318
976,1513,2489,0.6450760079312624
983,1420,2403,0.6922535211267605
1005,1637,2642,0.6139279169211973
1013,1446,2459,0.7005532503457814
949,1546,2495,0.6138421733505821
1001,1552,2553,0.6449742268041238
1167,1681,2848,0.6942296252230815
1003,1510,2513,0.6642384105960265
1065,1641,2706,0.6489945155393053
1011,1427,2438,0.708479327259986
1044,1572,2616,0.6641221374045801
953,1583,2536,0.6020214782059381
996,1480,2476,0.672972972972973
946,1342,2288,0.7049180327868853
995,1446,2441,0.6881051175656985
938,1620,2558,0.5790123456790124
945,1522,2467,0.6208935611038108
1105,1650,2755,0.6696969696969697
880,1268,2148,0.694006309148265
961,1392,2353,0.6903735632183908
1006,1574,2580,0.639135959339263
950,1472,2422,0.6453804347826086
1043,1677,2720,0.6219439475253429
1074,1524,2598,0.7047244094488189
1139,1498,2637,0.760347129506008
933,1527,2460,0.6110019646365422
950,1601,2551,0.5933791380387258
1217,1774,2991,0.6860202931228861
843,1446,2289,0.58298755186722
910,1505,2415,0.6046511627906976
921,1265,2186,0.7280632411067194
1014,1661,2675,0.6104756170981337
944,1548,2492,0.6098191214470284
1069,1603,2672,0.6668746101060512
1159,1781,2940,0.6507580011229647
1088,1743,2831,0.6242111302352267
1066,1398,2464,0.7625178826895566
1104,1632,2736,0.6764705882352942
1066,1789,2855,0.5958636109558413
934,1483,2417,0.6298044504383007
1124,1717,2841,0.6546301688992429
842,1224,2066,0.6879084967320261
856,1248,2104,0.6858974358974359
1132,1638,2770,0.6910866910866911
1020,1621,2641,0.6292412091301666
1129,1584,2713,0.7127525252525253
1141,1903,3044,0.5995796111403048
1214,1842,3056,0.6590662323561346
984,1507,2491,0.6529528865295289
1021,1682,2703,0.6070154577883472
1137,1765,2902,0.6441926345609065
1098,1860,2958,0.5903225806451613
1210,1853,3063,0.652995143011333
775,1185,1960,0.6540084388185654
1128,1701,2829,0.6631393298059964
771,1316,2087,0.5858662613981763
943,1399,2342,0.6740528949249464
761,1082,1843,0.7033271719038817
930,1246,2176,0.7463884430176565
967,1532,2499,0.631201044386423
1042,1627,2669,0.6404425322679779
1017,1700,2717,0.5982352941176471
979,1373,2352,0.7130371449380918
692,1264,1956,0.5474683544303798
799,1161,1960,0.6881998277347114
823,1366,2189,0.6024890190336749
763,1283,2046,0.5946999220576773
876,1436,2312,0.6100278551532033
896,1241,2137,0.7219983883964545
967,1537,2504,0.6291476903057905
884,1372,2256,0.6443148688046647
787,1326,2113,0.5935143288084465
962,1619,2581,0.5941939468807906
915,1403,2318,0.6521739130434783
931,1423,2354,0.6542515811665496
961,1413,2374,0.6801132342533617
979,1645,2624,0.5951367781155015
869,1355,2224,0.6413284132841328
899,1323,2222,0.6795162509448224
929,1561,2490,0.5951313260730301
907,1558,2465,0.5821566110397947
1011,1732,2743,0.5837182448036952
1019,1684,2703,0.6051068883610451
1013,1609,2622,0.6295835922933499
1058,1730,2788,0.6115606936416185
910,1529,2439,0.5951602354480052
913,1436,2349,0.6357938718662952
931,1388,2319,0.670749279538905
912,1622,2534,0.562268803945746
898,1504,2402,0.5970744680851063
1012,1766,2778,0.5730464326160816
695,1312,2007,0.5297256097560976
901,1406,2307,0.6408250355618776
982,1440,2422,0.6819444444444445
971,1599,2570,0.6072545340838024
948,1639,2587,0.5784014643075046
978,1583,2561,0.6178142766898295
831,1215,2046,0.6839506172839506
878,1466,2344,0.5989085948158254
952,1480,2432,0.6432432432432432
1001,1581,2582,0.6331435800126503
975,1492,2467,0.653485254691689
1084,1612,2696,0.6724565756823822
929,1486,2415,0.6251682368775235
934,1554,2488,0.601029601029601
1071,1866,2937,0.5739549839228296
946,1659,2605,0.5702230259192285
904,1387,2291,0.6517664023071377
1046,1559,2605,0.6709429121231558
1008,1697,2705,0.5939893930465527
900,1379,2279,0.6526468455402465
833,1174,2007,0.7095400340715503
900,1548,2448,0.5813953488372093
892,1589,2481,0.5613593455003146
1043,1569,2612,0.6647546207775653
824,1282,2106,0.6427457098283932
993,1603,2596,0.619463505926388
949,1484,2433,0.639487870619946
1036,1634,2670,0.6340269277845777
912,1520,2432,0.6
955,1761,2716,0.542305508233958
1015,1529,2544,0.6638325703073904
918,1499,2417,0.6124082721814543
981,1651,2632,0.5941853422168383
1139,1616,2755,0.7048267326732673
1047,1598,2645,0.6551939924906133
841,1263,2104,0.6658749010292954
752,1087,1839,0.6918123275068997
923,1180,2103,0.7822033898305085
760,839,1599,0.9058402860548272
803,965,1768,0.8321243523316062
674,808,1482,0.8341584158415841
791,1115,1906,0.7094170403587444
1002,1511,2513,0.6631369953673064
830,1335,2165,0.6217228464419475
981,1449,2430,0.6770186335403726
830,1175,2005,0.7063829787234043
879,1411,2290,0.622962437987243
697,1022,1719,0.6819960861056752
425,611,1036,0.6955810147299509
985,1406,2391,0.7005689900426743
1107,1498,2605,0.7389853137516689
1073,1361,2434,0.7883908890521675
1020,1555,2575,0.6559485530546624
1153,2056,3209,0.5607976653696498
1332,2231,3563,0.5970416853428956
1549,2030,3579,0.7630541871921183
1147,2232,3379,0.5138888888888888
1051,1966,3017,0.534587995930824
1144,1861,3005,0.61472326706072
772,1260,2032,0.6126984126984127
1034,1960,2994,0.5275510204081633
1079,1922,3001,0.5613943808532779
478,800,1278,0.5975
1290,1780,3070,0.7247191011235955
1381,1876,3257,0.7361407249466951
803,1457,2260,0.5511324639670556
798,1645,2443,0.4851063829787234
864,1286,2150,0.671850699844479
1132,2100,3232,0.539047619047619
948,1435,2383,0.6606271777003484
850,1410,2260,0.6028368794326241
918,1605,2523,0.5719626168224299
765,1435,2200,0.5331010452961672
984,1804,2788,0.5454545454545454
1011,1504,2515,0.6722074468085106
1005,1598,2603,0.6289111389236546
1163,1633,2796,0.7121861604409063
1136,1556,2692,0.7300771208226221
1283,2054,3337,0.624634858812074
1077,1858,2935,0.5796555435952637
887,1246,2133,0.7118780096308186
975,1481,2456,0.6583389601620526
1423,2166,3589,0.6569713758079408
1443,2595,4038,0.5560693641618497
1128,2105,3233,0.5358669833729216
703,1091,1794,0.6443629697525206
1097,1563,2660,0.7018554062699937
953,1341,2294,0.7106636838180462
965,1762,2727,0.5476730987514189
919,1455,2374,0.6316151202749141
1160,1616,2776,0.7178217821782178
1597,2387,3984,0.6690406367825723
1508,1908,3416,0.790356394129979
75,50,125,1.5
1365,1917,3282,0.7120500782472613
1537,1881,3418,0.8171185539606592
1679,2345,4024,0.7159914712153518
874,1308,2182,0.6681957186544343
1504,2102,3606,0.7155090390104663
1028,1812,2840,0.5673289183222958
866,1608,2474,0.5385572139303483
1569,2111,3680,0.743249644718143
1172,1363,2535,0.8598679383712399
1442,2251,3693,0.6406041759218125
1117,1545,2662,0.7229773462783171
989,1727,2716,0.5726693688477128
1180,1868,3048,0.6316916488222698
1818,2172,3990,0.8370165745856354
944,1383,2327,0.6825741142443963
1110,1585,2695,0.7003154574132492
1067,1756,2823,0.607630979498861
1160,1811,2971,0.6405300938707896
1368,2009,3377,0.6809357889497263
1046,1548,2594,0.6757105943152455
1238,2029,3267,0.610152784622967
959,1612,2571,0.5949131513647643
920,1533,2453,0.6001304631441617
987,1594,2581,0.6191969887076537
1325,2063,3388,0.6422685409597674
1025,1671,2696,0.6134051466187912
809,1577,2386,0.5129993658845909
935,1490,2425,0.62751677852349
575,990,1565,0.5808080808080808
1025,1578,2603,0.6495564005069708
907,2019,2926,0.4492322932144626
1397,2477,3874,0.5639886960032298
1415,2486,3901,0.5691874497184232
986,1346,2332,0.7325408618127786
996,1399,2395,0.7119370979270908
1510,2564,4074,0.5889235569422777
1277,2306,3583,0.5537727666955767
1039,1813,2852,0.5730832873690016
996,1779,2775,0.5598650927487352
778,1107,1885,0.7028003613369467
1016,1547,2563,0.6567550096961862
931,1309,2240,0.7112299465240641
1391,2357,3748,0.5901569792108613
1027,1612,2639,0.6370967741935484
1156,1690,2846,0.6840236686390533
1122,1559,2681,0.7196921103271328
785,857,1642,0.9159859976662778
1492,2339,3831,0.6378794356562634
911,1250,2161,0.7288
1270,2244,3514,0.5659536541889483
911,1441,2352,0.6321998612074948
1052,1732,2784,0.6073903002309469
893,1410,2303,0.6333333333333333
843,1548,2391,0.5445736434108527
722,1208,1930,0.597682119205298
817,1068,1885,0.7649812734082397
1082,1542,2624,0.7016861219195849
1137,1857,2994,0.6122778675282714
1417,1905,3322,0.7438320209973753
1219,1856,3075,0.6567887931034483
1455,1634,3089,0.890452876376989
1449,1762,3211,0.822360953461975
1196,2044,3240,0.5851272015655578
900,948,1848,0.9493670886075948
1173,1506,2679,0.7788844621513944
1029,1618,2647,0.6359703337453646
1091,1873,2964,0.5824879871863321
827,1788,2615,0.4625279642058165
1273,1785,3058,0.7131652661064426
1174,1966,3140,0.5971515768056969
803,1307,2110,0.6143840856924254
906,1272,2178,0.7122641509433962
1319,2198,3517,0.600090991810737
890,1237,2127,0.719482619240097
1444,1630,3074,0.8858895705521472
1413,1560,2973,0.9057692307692308
1083,1161,2244,0.9328165374677002
1506,2202,3708,0.6839237057220708
1123,1997,3120,0.5623435152729094
1013,1495,2508,0.6775919732441471
1126,1988,3114,0.5663983903420523
1000,1592,2592,0.628140703517588
1368,1873,3241,0.7303790710090764
1195,1360,2555,0.8786764705882353
1336,1573,2909,0.8493324856961221
1268,2238,3506,0.5665773011617515
651,1049,1700,0.6205910390848427
1152,2112,3264,0.5454545454545454
1180,2420,3600,0.4876033057851239
877,976,1853,0.8985655737704918
834,1231,2065,0.677497969130788
887,1061,1948,0.8360037700282752
864,1447,2311,0.5970974429854872
1273,2375,3648,0.536
1423,2220,3643,0.640990990990991
1046,1908,2954,0.5482180293501048
1373,2035,3408,0.6746928746928746
949,1344,2293,0.7061011904761905
1317,1723,3040,0.7643644805571678
838,876,1714,0.95662100456621
1179,1974,3153,0.5972644376899696
771,1418,2189,0.5437235543018336
1164,1992,3156,0.5843373493975904
1339,1898,3237,0.7054794520547946
1025,1622,2647,0.6319358816276203
1166,2259,3425,0.516157591854803
1128,1745,2873,0.6464183381088825
1423,2478,3901,0.5742534301856336
1614,2382,3996,0.6775818639798489
1305,2357,3662,0.5536699193890539
1396,2519,3915,0.5541881699086939
1642,2259,3901,0.7268702965914121
1531,2289,3820,0.6688510266491918
1430,2263,3693,0.6319045514803359
866,1483,2349,0.5839514497639919
1165,1721,2886,0.6769320162696106
1268,1990,3258,0.6371859296482412
1350,2185,3535,0.6178489702517163
978,1760,2738,0.5556818181818182
1152,1675,2827,0.6877611940298507
1375,2075,3450,0.6626506024096386
1378,2350,3728,0.5863829787234043
1164,2206,3370,0.527651858567543
1015,1840,2855,0.5516304347826086
878,1421,2299,0.6178747361013371
916,1759,2675,0.5207504263786242
957,1829,2786,0.523236741388737
1462,1924,3386,0.7598752598752598
1384,2259,3643,0.6126604692341744
887,1533,2420,0.578604044357469
1047,1676,2723,0.6247016706443914
944,1796,2740,0.5256124721603563
1166,1838,3004,0.6343852013057671
1243,2031,3274,0.6120137863121615
1090,1892,2982,0.5761099365750528
907,1469,2376,0.617426820966644
1045,1599,2644,0.6535334584115072
1276,1761,3037,0.7245883021010789
1321,2212,3533,0.5971971066907775
1033,1473,2506,0.7012898845892735
1032,1773,2805,0.5820642978003384
1076,1668,2744,0.645083932853717
999,1387,2386,0.7202595529920692
962,1338,2300,0.71898355754858
948,1519,2467,0.6240947992100065
1006,1961,2967,0.5130035696073432
1322,2024,3346,0.6531620553359684
1152,1765,2917,0.6526912181303116
1185,2216,3401,0.5347472924187726
1245,1744,2989,0.7138761467889908
934,1317,2251,0.7091875474563402
944,1470,2414,0.6421768707482993
1043,1873,2916,0.5568606513614522
1663,2428,4091,0.6849258649093904
1430,2313,3743,0.6182447038478167
955,1336,2291,0.7148203592814372
976,1399,2375,0.6976411722659042
1361,2205,3566,0.617233560090703
853,1590,2443,0.5364779874213836
1074,1611,2685,0.6666666666666666
1201,1756,2957,0.6839407744874715
1129,1731,2860,0.6522241478913923
851,1224,2075,0.6952614379084967
904,1432,2336,0.6312849162011173
1091,1793,2884,0.6084774121583938
965,1614,2579,0.5978934324659232
720,1309,2029,0.5500381970970206
985,1606,2591,0.6133250311332503
771,1477,2248,0.5220040622884224
861,1730,2591,0.4976878612716763
825,1745,2570,0.4727793696275071
916,1481,2397,0.6185010128291695
984,1312,2296,0.75
1174,1909,3083,0.6149816657936092
908,1591,2499,0.5707102451288498
1053,1786,2839,0.589585666293393
1144,2003,3147,0.5711432850723914
1029,1548,2577,0.6647286821705426
1198,1862,3060,0.6433941997851772
1377,2099,3476,0.6560266793711291
1416,2180,3596,0.6495412844036698
1103,1643,2746,0.6713329275715155
981,1722,2703,0.5696864111498258
1153,1571,2724,0.7339274347549332
991,1437,2428,0.6896311760612387
1203,1994,3197,0.6033099297893681
999,1925,2924,0.518961038961039
843,1311,2154,0.6430205949656751
837,1540,2377,0.5435064935064935
954,1800,2754,0.53
1112,1972,3084,0.563894523326572
1420,1989,3409,0.7139265962795375
971,1542,2513,0.6297016861219196
1293,1831,3124,0.7061714909885308
1183,1816,2999,0.651431718061674
1065,1338,2403,0.7959641255605381
1099,1725,2824,0.6371014492753623
1422,2148,3570,0.6620111731843575
987,1511,2498,0.6532097948378557
1029,2159,3188,0.476609541454377
943,1529,2472,0.6167429692609548
758,1456,2214,0.5206043956043956
1034,1536,2570,0.6731770833333334
1319,2199,3518,0.599818099135971
973,2045,3018,0.4757946210268948
963,1712,2675,0.5625
1080,1906,2986,0.5666316894018888
985,1629,2614,0.6046654389195826
839,1278,2117,0.6564945226917058
1615,2445,4060,0.6605316973415133
1136,1787,2923,0.6357022943480694
1217,1382,2599,0.8806078147612156
834,1281,2115,0.6510538641686182
1475,2271,3746,0.6494936151475121
1167,2028,3195,0.5754437869822485
1540,2478,4018,0.6214689265536724
1420,2506,3926,0.5666400638467678
1083,1495,2578,0.7244147157190636
1334,2402,3736,0.5553705245628643
798,1058,1856,0.7542533081285444
1276,2033,3309,0.6276438760452533
1646,2340,3986,0.7034188034188035
1556,2336,3892,0.666095890410959
815,1288,2103,0.6327639751552795
1749,1849,3598,0.9459167117360736
1801,2294,4095,0.7850915431560593
1369,2024,3393,0.6763833992094862
1718,2073,3791,0.8287506029908346
1155,1825,2980,0.6328767123287671
1697,2276,3973,0.7456063268892794
1772,2146,3918,0.825722273998136
1977,1812,3789,1.0910596026490067
947,1455,2402,0.6508591065292096
1003,1536,2539,0.6529947916666666
1294,1943,3237,0.6659804426145136
1564,1897,3461,0.8244596731681603
1454,2503,3957,0.5809029165001998
686,1199,1885,0.5721434528773979
1094,1649,2743,0.6634323832625834
917,1520,2437,0.6032894736842105
1422,1768,3190,0.8042986425339367
1196,1742,2938,0.6865671641791045
1196,1639,2835,0.7297132397803539
1097,1486,2583,0.7382234185733513
964,1454,2418,0.6629986244841816
1014,1658,2672,0.6115802171290712
1010,1633,2643,0.6184935701163503
1034,1564,2598,0.6611253196930946
1122,1681,2803,0.6674598453301607
994,1698,2692,0.585394581861013
928,1563,2491,0.5937300063979527
1023,1697,2720,0.6028285209192693
967,1514,2481,0.6387054161162483
1031,1617,2648,0.6376004947433519
916,1522,2438,0.6018396846254928
1003,1571,2574,0.6384468491406747
1055,1701,2756,0.6202233980011758
1045,1670,2715,0.625748502994012
1063,1580,2643,0.6727848101265823
1111,1677,2788,0.6624925462134764
1003,1616,2619,0.6206683168316832
1025,1634,2659,0.6272949816401469
1119,1753,2872,0.6383342840844267
1056,1780,2836,0.5932584269662922
955,1484,2439,0.6435309973045822
1066,1760,2826,0.6056818181818182
996,1438,2434,0.6926286509040334
959,1390,2349,0.6899280575539568
1007,1496,2503,0.6731283422459893
1070,1647,2717,0.6496660595021251
1105,1717,2822,0.6435643564356436
1164,1703,2867,0.6834997064004698
1098,1690,2788,0.6497041420118344
1122,1570,2692,0.7146496815286624
1118,1672,2790,0.6686602870813397
1079,1655,2734,0.6519637462235649
1029,1525,2554,0.6747540983606557
977,1542,2519,0.6335927367055771
1018,1511,2529,0.6737260092653872
967,1437,2404,0.6729297146833682
1057,1678,2735,0.6299165673420739
920,1524,2444,0.6036745406824147
1083,1695,2778,0.6389380530973451
1043,1565,2608,0.6664536741214058
972,1411,2383,0.6888731396172927
1018,1626,2644,0.6260762607626076
1048,1665,2713,0.6294294294294295
1116,1627,2743,0.6859250153657037
1080,1494,2574,0.7228915662650602
1112,1616,2728,0.6881188118811881
1129,1620,2749,0.6969135802469136
1150,1707,2857,0.6736965436438196
1184,1704,2888,0.6948356807511737
1055,1715,2770,0.6151603498542274
1229,1822,3051,0.6745334796926454
908,1263,2171,0.718923198733175
1091,1689,2780,0.6459443457667259
1093,1636,2729,0.6680929095354523
1019,1481,2500,0.6880486158001351
1075,1477,2552,0.7278266756939743
1060,1709,2769,0.620245757753072
1116,1715,2831,0.650728862973761
1147,1690,2837,0.678698224852071
1045,1638,2683,0.6379731379731379
1059,1716,2775,0.6171328671328671
861,1407,2268,0.6119402985074627
1028,1617,2645,0.6357452071737786
921,1412,2333,0.6522662889518414
1029,1661,2690,0.6195063214930765
1000,1583,2583,0.6317119393556538
977,1709,2686,0.5716793446459918
1083,1749,2832,0.6192109777015438
1094,1681,2775,0.6508030933967877
1065,1744,2809,0.6106651376146789
1059,1558,2617,0.6797175866495507
1078,1616,2694,0.6670792079207921
1082,1620,2702,0.6679012345679012
1120,1680,2800,0.6666666666666666
1117,1605,2722,0.6959501557632399
999,1530,2529,0.6529411764705882
1055,1552,2607,0.6797680412371134
1190,1802,2992,0.660377358490566
1126,1760,2886,0.6397727272727273
1009,1692,2701,0.5963356973995272
1103,1723,2826,0.6401625072547882
1044,1647,2691,0.6338797814207651
1066,1635,2701,0.6519877675840978
1179,1733,2912,0.6803231390652048
1060,1591,2651,0.666247642991829
1265,1772,3037,0.713882618510158
1053,1664,2717,0.6328125
1130,1677,2807,0.6738223017292785
967,1547,2514,0.6250808015513898
974,1706,2680,0.570926143024619
1124,1459,2583,0.77039067854695
1089,1562,2651,0.6971830985915493
1140,1753,2893,0.6503137478608101
948,1604,2552,0.5910224438902744
1102,1766,2868,0.6240090600226501
1098,1678,2776,0.6543504171632897
1072,1570,2642,0.6828025477707006
991,1546,2537,0.6410090556274256
1050,1780,2830,0.5898876404494382
1086,1697,2783,0.6399528579846788
1123,1733,2856,0.6480092325447201
1093,1678,2771,0.6513706793802145
1083,1689,2772,0.6412078152753108
1102,1594,2696,0.6913425345043914
1026,1702,2728,0.6028202115158637
1023,1726,2749,0.5926998841251448
1008,1655,2663,0.6090634441087613
1016,1801,2817,0.5641310383120489
1070,1543,2613,0.6934543097861309
1075,1703,2778,0.631238990017616
1072,1651,2723,0.6493034524530588
1106,1700,2806,0.6505882352941177
1123,1772,2895,0.6337471783295711
1042,1676,2718,0.6217183770883055
1086,1649,2735,0.6585809581564585
1070,1718,2788,0.6228172293364377
1136,1713,2849,0.663164039696439
1017,1710,2727,0.5947368421052631
1048,1546,2594,0.6778783958602846
1105,1691,2796,0.6534594914251922
1044,1706,2750,0.611957796014068
1110,1711,2821,0.6487434248977206
1068,1647,2715,0.6484517304189436
1024,1692,2716,0.6052009456264775
1094,1658,2752,0.6598311218335344
1014,1674,2688,0.6057347670250897
1007,1556,2563,0.647172236503856
935,1498,2433,0.6241655540720962
1118,1711,2829,0.6534190531852718
1182,1758,2940,0.6723549488054608
1107,1608,2715,0.6884328358208955
1104,1527,2631,0.7229862475442044
1116,1574,2690,0.7090216010165185
1130,1773,2903,0.6373378454596729
1083,1675,2758,0.6465671641791044
1079,1630,2709,0.661963190184049
1029,1562,2591,0.6587708066581306
983,1499,2482,0.6557705136757839
1026,1647,2673,0.6229508196721312
1144,1701,2845,0.6725455614344503
1059,1710,2769,0.6192982456140351
930,1429,2359,0.6508047585724283
1102,1668,2770,0.6606714628297362
1168,1637,2805,0.7135003054367746
1070,1499,2569,0.7138092061374249
1029,1669,2698,0.6165368484122229
1069,1829,2898,0.5844723892837617
957,1561,2518,0.6130685458039719
976,1541,2517,0.6333549643088904
991,1586,2577,0.6248423707440101
1127,1749,2876,0.6443682104059463
1143,1648,2791,0.6935679611650486
1030,1494,2524,0.6894243641231593
1020,1567,2587,0.6509253350350989
1029,1500,2529,0.686
951,1413,2364,0.673036093418259
1118,1737,2855,0.6436384571099597
981,1579,2560,0.6212792906903103
1104,1720,2824,0.641860465116279
1092,1842,2934,0.5928338762214984
993,1635,2628,0.6073394495412844
1007,1876,2883,0.5367803837953091
964,1683,2647,0.5727866904337493
680,1281,1961,0.5308352849336456
1012,1525,2537,0.6636065573770492
1053,1839,2892,0.5725938009787929
1104,1729,2833,0.6385193753614806
1078,1729,2807,0.6234817813765182
1053,1631,2684,0.6456161863887185
1032,1618,2650,0.6378244746600742
1148,1693,2841,0.6780862374483166
971,1609,2580,0.603480422622747
1072,1683,2755,0.6369578134284016
1137,1726,2863,0.6587485515643106
1080,1772,2852,0.6094808126410836
1070,1572,2642,0.6806615776081425
1099,1774,2873,0.6195039458850057
1081,1639,2720,0.6595485051860891
969,1470,2439,0.6591836734693878
917,1437,2354,0.6381350034794712
849,1420,2269,0.597887323943662
1063,1632,2695,0.6513480392156863
1031,1631,2662,0.6321275291232373
1136,1702,2838,0.6674500587544065
1114,1708,2822,0.6522248243559718
1076,1676,2752,0.6420047732696897
1091,1684,2775,0.6478622327790974
1065,1617,2682,0.6586270871985158
1066,1564,2630,0.6815856777493606
1028,1731,2759,0.5938763720392837
977,1656,2633,0.589975845410628
1010,1594,2604,0.6336260978670013
1118,1696,2814,0.6591981132075472
1051,1568,2619,0.670280612244898
935,1578,2513,0.5925221799746515
1103,1786,2889,0.6175811870100784
1168,1804,2972,0.647450110864745
1135,1653,2788,0.6866303690260133
983,1638,2621,0.6001221001221001
1067,1688,2755,0.6321090047393365
1064,1657,2721,0.6421243210621606
1143,1656,2799,0.6902173913043478
961,1554,2515,0.6184041184041184
1037,1584,2621,0.6546717171717171
974,1547,2521,0.6296056884292178
1205,1756,2961,0.6862186788154897
1053,1551,2604,0.6789168278529981
1038,1551,2589,0.6692456479690522
1129,1659,2788,0.6805304400241109
1087,1702,2789,0.6386603995299648
1042,1607,2649,0.6484131922837586
1030,1755,2785,0.5868945868945868
1048,1792,2840,0.5848214285714286
1081,1664,2745,0.6496394230769231
1119,1706,2825,0.6559202813599062
1090,1648,2738,0.6614077669902912
1048,1631,2679,0.6425505824647455
1157,1711,2868,0.6762127410870836
1162,1520,2682,0.7644736842105263
1037,1600,2637,0.648125
1010,1494,2504,0.6760374832663989
1022,1614,2636,0.6332094175960347
1024,1580,2604,0.6481012658227848
1158,1660,2818,0.6975903614457831
1172,1709,2881,0.6857811585722645
1063,1717,2780,0.6191030867792662
1063,1680,2743,0.6327380952380952
1111,1739,2850,0.6388729154686601
1043,1591,2634,0.6555625392834695
1089,1766,2855,0.616647791619479
1076,1670,2746,0.644311377245509
1048,1573,2621,0.6662428480610298
1128,1877,3005,0.6009589770911028
1150,1667,2817,0.6898620275944811
1109,1674,2783,0.6624850657108722
1104,1501,2605,0.7355096602265156
1062,1784,2846,0.5952914798206278
1119,1681,2800,0.6656751933372992
1096,1674,2770,0.6547192353643967
1037,1721,2758,0.6025566531086578
1083,1681,2764,0.6442593694229625
1133,1640,2773,0.6908536585365853
1108,1647,2755,0.6727383120825744
1187,1713,2900,0.6929363689433742
1051,1674,2725,0.6278375149342891
1163,1651,2814,0.7044215626892792
1017,1546,2563,0.6578266494178525
1024,1664,2688,0.6153846153846154
1065,1690,2755,0.6301775147928994
958,1668,2626,0.5743405275779376
998,1628,2626,0.6130221130221131
1096,1528,2624,0.7172774869109948
1018,1597,2615,0.6374452097683156
1047,1565,2612,0.6690095846645367
953,1610,2563,0.5919254658385094
1113,1690,2803,0.6585798816568047
1099,1671,2770,0.6576900059844405
1060,1627,2687,0.6515058389674248
1066,1711,2777,0.6230274693161894
1048,1689,2737,0.62048549437537
1023,1645,2668,0.6218844984802432
1075,1681,2756,0.6395002974419988
910,1225,2135,0.7428571428571429
1028,1736,2764,0.5921658986175116
1085,1684,2769,0.6442992874109263
1037,1760,2797,0.5892045454545455
1107,1750,2857,0.6325714285714286
1067,1667,2734,0.6400719856028795
980,1574,2554,0.6226175349428208
1065,1689,2754,0.6305506216696269
1046,1661,2707,0.6297411198073449
1070,1668,2738,0.6414868105515588
1108,1760,2868,0.6295454545454545
1025,1687,2712,0.6075874333135743
1071,1760,2831,0.6085227272727273
1114,1640,2754,0.6792682926829269
1103,1708,2811,0.6457845433255269
1103,1675,2778,0.6585074626865671
1050,1647,2697,0.6375227686703097
1083,1636,2719,0.6619804400977995
958,1491,2449,0.6425217974513749
1001,1622,2623,0.6171393341553637
1081,1587,2668,0.6811594202898551
989,1633,2622,0.6056338028169014
1062,1719,2781,0.6178010471204188
1047,1695,2742,0.6176991150442478
1054,1665,2719,0.633033033033033
1068,1697,2765,0.629345904537419
976,1635,2611,0.5969418960244648
1080,1715,2795,0.6297376093294461
1084,1685,2769,0.6433234421364985
980,1603,2583,0.611353711790393
1023,1469,2492,0.6963921034717495
967,1667,2634,0.5800839832033593
1021,1619,2640,0.6306361951822113
1045,1722,2767,0.6068524970963995
1050,1583,2633,0.6632975363234365
1107,1591,2698,0.6957888120678818
1100,1658,2758,0.6634499396863691
986,1663,2649,0.5929043896572459
1039,1670,2709,0.6221556886227545
1038,1666,2704,0.6230492196878752
962,1644,2606,0.5851581508515815
990,1511,2501,0.6551952349437459
963,1719,2682,0.5602094240837696
1014,1685,2699,0.6017804154302671
1001,1619,2620,0.6182828906732551
976,1632,2608,0.5980392156862745
1126,1707,2833,0.6596367896895138
1129,1637,2766,0.6896762370189371
1055,1671,2726,0.6313584679832436
922,1517,2439,0.6077785102175346
999,1755,2754,0.5692307692307692
1011,1717,2728,0.5888177052999417
847,1560,2407,0.5429487179487179
1042,1648,2690,0.6322815533980582
994,1580,2574,0.6291139240506329
1006,1499,2505,0.6711140760507005
1040,1615,2655,0.6439628482972136
1088,1657,2745,0.6566083283041642
1262,1908,3170,0.6614255765199162
1038,1760,2798,0.5897727272727272
929,1544,2473,0.6016839378238342
1042,1680,2722,0.6202380952380953
1085,1693,2778,0.6408741878322505
1158,1836,2994,0.630718954248366
1049,1812,2861,0.5789183222958058
1090,1803,2893,0.6045479755962285
1134,1673,2807,0.6778242677824268
1028,1759,2787,0.5844229675952246
1014,1651,2665,0.6141732283464567
1118,1716,2834,0.6515151515151515
1027,1589,2616,0.6463184392699811
1040,1610,2650,0.6459627329192547
1009,1481,2490,0.6812964213369345
1112,1651,2763,0.6735311932162326
1027,1669,2696,0.6153385260635111
929,1481,2410,0.6272788656313302
1108,1737,2845,0.6378814047207829
1059,1596,2655,0.6635338345864662
988,1608,2596,0.6144278606965174
1074,1676,2750,0.6408114558472554
1036,1556,2592,0.6658097686375322
1015,1670,2685,0.6077844311377245
1035,1665,2700,0.6216216216216216
1047,1672,2719,0.6261961722488039
1067,1703,2770,0.6265413975337639
1146,1653,2799,0.6932849364791288
964,1684,2648,0.5724465558194775
945,1537,2482,0.6148340923877684
1117,1726,2843,0.6471610660486674
663,1162,1825,0.5705679862306369
1011,1605,2616,0.6299065420560748
966,1526,2492,0.6330275229357798
1089,1723,2812,0.6320371445153802
1066,1711,2777,0.6230274693161894
943,1519,2462,0.6208031599736669
1000,1579,2579,0.6333122229259025
1163,1696,2859,0.6857311320754716
1019,1592,2611,0.6400753768844221
1120,1524,2644,0.7349081364829396
1076,1683,2759,0.6393345216874629
1128,1675,2803,0.6734328358208955
1096,1741,2837,0.6295232624928202
915,1453,2368,0.6297315898141775
1023,1559,2582,0.6561898652982682
943,1498,2441,0.6295060080106809
1070,1657,2727,0.6457453228726614
1000,1585,2585,0.6309148264984227
961,1585,2546,0.6063091482649843
891,1408,2299,0.6328125
1057,1704,2761,0.6203051643192489
1032,1601,2633,0.6445971267957527
1160,1700,2860,0.6823529411764706
1060,1643,2703,0.6451612903225806
1111,1690,2801,0.657396449704142
1046,1616,2662,0.6472772277227723
1024,1635,2659,0.6262996941896024
963,1580,2543,0.609493670886076
1125,1743,2868,0.6454388984509466
1116,1754,2870,0.636259977194983
1009,1701,2710,0.5931804820693709
1121,1561,2682,0.7181294042280589
1050,1510,2560,0.695364238410596
1059,1646,2705,0.6433778857837181
1004,1614,2618,0.6220570012391574
1030,1641,2671,0.6276660572821451
1000,1630,2630,0.6134969325153374
1024,1693,2717,0.6048434731246308
1029,1652,2681,0.6228813559322034
903,1442,2345,0.6262135922330098
1030,1653,2683,0.6231094978826376
1036,1642,2678,0.630937880633374
1072,1621,2693,0.6613201727328809
1040,1759,2799,0.5912450255827174
999,1676,2675,0.5960620525059666
1008,1610,2618,0.6260869565217392
1077,1512,2589,0.7123015873015873
1005,1549,2554,0.6488056810845707
1131,1699,2830,0.6656856974690994
1142,1626,2768,0.7023370233702337
1095,1694,2789,0.6463990554899646
1029,1595,2624,0.645141065830721
1085,1772,2857,0.6123024830699775
1048,1683,2731,0.6226975638740344
1009,1671,2680,0.6038300418910831
1123,1614,2737,0.6957868649318464
1019,1575,2594,0.646984126984127
1066,1549,2615,0.6881859264041317
920,1606,2526,0.572851805728518
958,1729,2687,0.5540775014459225
1035,1602,2637,0.6460674157303371
1046,1623,2669,0.6444855206407887
1122,1757,2879,0.6385885031303358
1116,1613,2729,0.6918784872907625
1090,1740,2830,0.6264367816091954
1027,1567,2594,0.6553924696873006
999,1653,2652,0.604355716878403
1051,1650,2701,0.636969696969697
1070,1671,2741,0.6403351286654698
974,1603,2577,0.6076107298814722
1009,1716,2725,0.587995337995338
1030,1707,2737,0.6033977738722905
995,1566,2561,0.6353767560664112
969,1600,2569,0.605625
1053,1653,2706,0.6370235934664247
1157,1570,2727,0.7369426751592356
1041,1469,2510,0.7086453369639211
1004,1427,2431,0.7035739313244569
1022,1391,2413,0.7347232207045291
1031,1516,2547,0.6800791556728232
1104,1526,2630,0.7234600262123198
1084,1694,2778,0.6399055489964581
1082,1699,2781,0.6368452030606239
1091,1687,2778,0.6467101363366924
1095,1678,2773,0.6525625744934446
1099,1578,2677,0.6964512040557668
1059,1733,2792,0.6110790536641661
1062,1697,2759,0.6258102533883324
1171,1802,2973,0.6498335183129855
1064,1698,2762,0.6266195524146054
1022,1674,2696,0.6105137395459976
1074,1656,2730,0.6485507246376812
1088,1669,2757,0.6518873576992211
1045,1568,2613,0.6664540816326531
1067,1601,2668,0.6664584634603373
1041,1673,2714,0.6222355050806934
1120,1634,2754,0.6854345165238678
1030,1580,2610,0.6518987341772152
1027,1537,2564,0.6681847755367599
1095,1633,2728,0.670545009185548
1022,1586,2608,0.6443883984867591
973,1630,2603,0.5969325153374233
1119,1698,2817,0.6590106007067138
933,1552,2485,0.601159793814433
1031,1701,2732,0.606114050558495
1013,1679,2692,0.6033353186420488
877,1463,2340,0.5994531784005468
955,1543,2498,0.6189241736876215
998,1758,2756,0.5676905574516496
1018,1738,2756,0.5857307249712314
1074,1777,2851,0.6043894203714125
1149,1828,2977,0.6285557986870897
982,1485,2467,0.6612794612794612
1180,1666,2846,0.7082833133253301
903,1542,2445,0.585603112840467
1116,1486,2602,0.7510094212651414
1196,1660,2856,0.7204819277108434
1018,1565,2583,0.6504792332268371
946,1505,2451,0.6285714285714286
1108,1760,2868,0.6295454545454545
1054,1501,2555,0.7021985343104596
1043,1793,2836,0.5817066369213608
1064,1664,2728,0.6394230769230769
1054,1543,2597,0.6830848995463383
1151,1730,2881,0.6653179190751445
1083,1678,2761,0.6454112038140644
1091,1621,2712,0.6730413325107958
1091,1646,2737,0.6628189550425273
1181,1746,2927,0.6764032073310424
1094,1708,2802,0.6405152224824356
1036,1575,2611,0.6577777777777778
1084,1606,2690,0.6749688667496887
1151,1661,2812,0.6929560505719446
1034,1621,2655,0.6378778531770513
1070,1727,2797,0.6195715112912565
1058,1642,2700,0.6443361753958587
1027,1539,2566,0.6673164392462638
1094,1686,2780,0.6488730723606169
1067,1617,2684,0.6598639455782312
1085,1717,2802,0.6319161327897496
997,1605,2602,0.621183800623053
943,1493,2436,0.6316141995981246
927,1586,2513,0.5844892812105927
1051,1664,2715,0.6316105769230769
1047,1690,2737,0.6195266272189349
1013,1631,2644,0.6210913549969344
1020,1622,2642,0.6288532675709001
1029,1597,2626,0.6443331246086412
1074,1750,2824,0.6137142857142858
985,1689,2674,0.5831853167554766
1014,1685,2699,0.6017804154302671
841,1375,2216,0.6116363636363636
1019,1533,2552,0.6647097195042401
1054,1652,2706,0.6380145278450363
1118,1681,2799,0.6650803093396788
1063,1644,2707,0.6465936739659367
999,1645,2644,0.6072948328267477
1115,1689,2804,0.6601539372409709
1045,1495,2540,0.6989966555183946
1000,1485,2485,0.6734006734006734
1051,1685,2736,0.6237388724035609
1030,1637,2667,0.6291997556505803
1026,1645,2671,0.6237082066869301
1076,1590,2666,0.6767295597484276
1027,1599,2626,0.6422764227642277
1095,1638,2733,0.6684981684981685
1067,1560,2627,0.683974358974359
1111,1582,2693,0.702275600505689
1084,1767,2851,0.613469156762875
1085,1714,2799,0.6330221703617269
1060,1756,2816,0.6036446469248291
1080,1641,2721,0.6581352833638026
1032,1597,2629,0.646211646837821
1061,1539,2600,0.6894087069525666
1105,1604,2709,0.6889027431421446
1130,1818,2948,0.6215621562156216
1108,1638,2746,0.6764346764346765
1021,1535,2556,0.6651465798045603
768,1140,1908,0.6736842105263158
1097,1665,2762,0.6588588588588589
1167,1860,3027,0.6274193548387097
1047,1691,2738,0.6191602602010644
1090,1603,2693,0.6799750467872738
1121,1643,2764,0.682288496652465
1136,1669,2805,0.6806470940683044
1105,1730,2835,0.638728323699422
1164,1709,2873,0.6811000585137508
1103,1661,2764,0.6640577965081277
1032,1609,2641,0.6413921690490988
1059,1575,2634,0.6723809523809524
1022,1655,2677,0.6175226586102719
1048,1605,2653,0.6529595015576324
1054,1706,2760,0.6178194607268465
1042,1591,2633,0.654934003771213
1064,1593,2657,0.6679221594475832
1041,1735,2776,0.6
1038,1833,2871,0.5662847790507365
1079,1631,2710,0.6615573267933783
951,1439,2390,0.6608756080611535
1019,1546,2565,0.6591203104786546
1102,1659,2761,0.6642555756479807
1074,1603,2677,0.6699937616968185
959,1515,2474,0.633003300330033
1080,1526,2606,0.7077326343381389
1158,1585,2743,0.7305993690851735
1066,1533,2599,0.695368558382257
1057,1647,2704,0.6417729204614451
1088,1524,2612,0.7139107611548556
1045,1809,2854,0.5776672194582643
1061,1624,2685,0.6533251231527094
1055,1729,2784,0.6101792943898207
1024,1599,2623,0.6404002501563477
927,1282,2209,0.7230889235569423
1095,1717,2812,0.6377402446126965
1070,1640,2710,0.6524390243902439
1114,1746,2860,0.6380297823596792
1153,1863,3016,0.618894256575416
1130,1680,2810,0.6726190476190477
1070,1599,2669,0.6691682301438399
1026,1509,2535,0.679920477137177
1043,1475,2518,0.7071186440677966
1080,1692,2772,0.6382978723404256
1109,1643,2752,0.674984783931832
1071,1725,2796,0.6208695652173913
1005,1533,2538,0.6555772994129159
1166,1789,2955,0.6517607602012297
1102,1890,2992,0.5830687830687831
958,1560,2518,0.6141025641025641
936,1373,2309,0.6817188638018936
1025,1708,2733,0.6001170960187353
1158,1655,2813,0.6996978851963747
1153,1745,2898,0.6607449856733524
1080,1680,2760,0.6428571428571429
1081,1617,2698,0.66852195423624
1012,1576,2588,0.6421319796954315
1021,1633,2654,0.6252296387017758
1072,1676,2748,0.639618138424821
1096,1649,2745,0.6646452395391146
1121,1593,2714,0.7037037037037037
1071,1548,2619,0.6918604651162791
1107,1646,2753,0.672539489671932
1054,1599,2653,0.6591619762351469
1137,1656,2793,0.6865942028985508
1178,1636,2814,0.7200488997555012
1123,1707,2830,0.6578793204452256
988,1584,2572,0.6237373737373737
1037,1671,2708,0.6205864751645721
1079,1454,2533,0.7420907840440165
1099,1543,2642,0.712248865845755
977,1435,2412,0.6808362369337979
1026,1587,2613,0.6465028355387523
1088,1698,2786,0.64075382803298
1107,1655,2762,0.6688821752265861
1012,1515,2527,0.667986798679868
1094,1635,2729,0.6691131498470948
1149,1690,2839,0.6798816568047338
1106,1614,2720,0.6852540272614622
1035,1633,2668,0.6338028169014085
1173,1706,2879,0.6875732708089097
1182,1761,2943,0.6712095400340715
1030,1685,2715,0.6112759643916914
1131,1709,2840,0.6617905207723815
975,1599,2574,0.6097560975609756
1084,1697,2781,0.63877430760165
1005,1656,2661,0.6068840579710145
1052,1591,2643,0.6612193588937775
1033,1665,2698,0.6204204204204204
1136,1701,2837,0.6678424456202234
934,1586,2520,0.5889029003783102
1068,1719,2787,0.6212914485165794
1036,1644,2680,0.6301703163017032
1002,1502,2504,0.6671105193075899
1092,1560,2652,0.7
1079,1669,2748,0.646494907130018
1027,1621,2648,0.6335595311536089
1004,1698,2702,0.591283863368669
1014,1548,2562,0.6550387596899225
1132,1715,2847,0.6600583090379009
1167,1615,2782,0.7226006191950465
1066,1483,2549,0.7188132164531356
1104,1671,2775,0.6606822262118492
1084,1583,2667,0.6847757422615287
1108,1726,2834,0.641946697566628
1157,1647,2804,0.7024893746205222
1071,1594,2665,0.6718946047678795
1103,1698,2801,0.649587750294464
1071,1564,2635,0.6847826086956522
1103,1733,2836,0.6364685516445471
1099,1718,2817,0.639697322467986
1158,1775,2933,0.652394366197183
1167,1576,2743,0.7404822335025381
1070,1640,2710,0.6524390243902439
946,1609,2555,0.5879428216283406
1158,1750,2908,0.6617142857142857
1121,1756,2877,0.6383826879271071
1047,1612,2659,0.6495037220843672
1091,1620,2711,0.6734567901234568
1071,1641,2712,0.6526508226691042
1083,1531,2614,0.7073807968647943
1087,1683,2770,0.6458704693998811
1076,1664,2740,0.6466346153846154
1049,1722,2771,0.6091753774680604
1206,1834,3040,0.6575790621592148
1127,1698,2825,0.6637220259128387
1034,1645,2679,0.6285714285714286
1105,1606,2711,0.6880448318804483
946,1395,2341,0.6781362007168459
1068,1582,2650,0.6750948166877371
1087,1706,2793,0.6371629542790153
1062,1636,2698,0.6491442542787286
1034,1543,2577,0.6701231367465975
1004,1771,2775,0.5669113495200452
1057,1696,2753,0.6232311320754716
1009,1514,2523,0.6664464993394981
955,1710,2665,0.5584795321637427
1044,1685,2729,0.6195845697329377
1100,1671,2771,0.6582884500299222
1112,1566,2678,0.7100893997445722
1102,1597,2699,0.6900438321853475
1019,1642,2661,0.620584652862363
1043,1652,2695,0.6313559322033898
1039,1628,2667,0.6382063882063882
924,1321,2245,0.6994700984102953
1076,1679,2755,0.6408576533650983
1085,1696,2781,0.6397405660377359
1036,1646,2682,0.6294046172539489
1155,1770,2925,0.652542372881356
970,1616,2586,0.6002475247524752
1058,1643,2701,0.6439440048691418
1089,1641,2730,0.6636197440585009
1039,1554,2593,0.6685971685971686
1101,1648,2749,0.6680825242718447
1059,1788,2847,0.5922818791946308
985,1606,2591,0.6133250311332503
1029,1711,2740,0.6014026884862653
1035,1544,2579,0.6703367875647669
1190,1814,3004,0.6560088202866593
1085,1599,2684,0.6785490931832395
945,1430,2375,0.6608391608391608
1009,1670,2679,0.604191616766467
1034,1683,2717,0.6143790849673203
989,1710,2699,0.5783625730994152
1134,1752,2886,0.6472602739726028
1119,1720,2839,0.6505813953488372
1072,1771,2843,0.6053077357425184
1051,1607,2658,0.6540136901057871
1114,1679,2793,0.6634901727218583
1061,1622,2683,0.6541307028360049
1088,1564,2652,0.6956521739130435
1049,1597,2646,0.656856606136506
1097,1628,2725,0.6738329238329238
1063,1539,2602,0.6907082521117609
1114,1637,2751,0.6805131337813073
1076,1643,2719,0.6548995739500914
1081,1640,2721,0.6591463414634147
1024,1634,2658,0.6266829865361077
1105,1639,2744,0.6741915802318487
970,1589,2559,0.6104468219005664
1073,1696,2769,0.6326650943396226
1060,1684,2744,0.6294536817102138
1026,1720,2746,0.5965116279069768
1102,1702,2804,0.6474735605170387
1051,1678,2729,0.6263408820023838
1198,1839,3037,0.6514410005437737
1153,1723,2876,0.669181659895531
1130,1749,2879,0.6460834762721556
1098,1736,2834,0.6324884792626728
993,1489,2482,0.6668905305574211
1133,1815,2948,0.6242424242424243
1003,1613,2616,0.6218226906385617
1105,1687,2792,0.6550088915234143
956,1534,2490,0.6232073011734028
968,1719,2687,0.5631180919139034
1102,1662,2764,0.6630565583634176
987,1734,2721,0.5692041522491349
1079,1850,2929,0.5832432432432433
1055,1682,2737,0.6272294887039239
1033,1641,2674,0.6294942108470445
1098,1591,2689,0.6901319924575738
964,1514,2478,0.6367239101717305
1007,1695,2702,0.5941002949852507
1000,1685,2685,0.5934718100890207
970,1413,2383,0.686482661004954
990,1484,2474,0.6671159029649596
1017,1748,2765,0.5818077803203662
1502,2103,3605,0.7142177841179268
1726,2286,4012,0.7550306211723534
1346,2269,3615,0.5932128691053328
1974,2098,4072,0.9408960915157292
1625,2304,3929,0.7052951388888888
1787,2182,3969,0.8189734188817599
1662,2367,4029,0.7021546261089987
1882,2097,3979,0.8974725798760134
810,1453,2263,0.5574673090158293
908,1266,2174,0.717219589257504
907,1366,2273,0.66398243045388
834,1336,2170,0.624251497005988
805,1307,2112,0.6159143075745983
739,889,1628,0.8312710911136107
804,1482,2286,0.5425101214574899
846,1373,2219,0.6161689730517116
776,1166,1942,0.6655231560891939
723,1157,1880,0.6248919619706137
908,1533,2441,0.5923026744944553
871,1447,2318,0.6019350380096752
810,1275,2085,0.6352941176470588
829,1526,2355,0.5432503276539974
862,1066,1928,0.8086303939962477
896,1120,2016,0.8
747,1236,1983,0.6043689320388349
858,1502,2360,0.5712383488681758
738,1194,1932,0.6180904522613065
821,1217,2038,0.6746096959737058
896,1378,2274,0.6502177068214804
767,1276,2043,0.6010971786833855
853,1024,1877,0.8330078125
695,1191,1886,0.5835432409739715
577,980,1557,0.5887755102040816
803,968,1771,0.8295454545454546
775,1183,1958,0.6551141166525782
864,1307,2171,0.6610558530986993
829,1085,1914,0.7640552995391705
846,1414,2260,0.5983026874115983
733,1168,1901,0.627568493150685
966,1267,2233,0.7624309392265194
759,1257,2016,0.60381861575179
726,1217,1943,0.5965488907148726
869,1343,2212,0.6470588235294118
734,1134,1868,0.6472663139329806
815,1380,2195,0.5905797101449275
749,1258,2007,0.595389507154213
953,1618,2571,0.5889987639060569
802,1402,2204,0.572039942938659
771,1048,1819,0.7356870229007634
943,1402,2345,0.6726105563480742
828,1274,2102,0.6499215070643642
879,1657,2536,0.5304767652383826
702,1111,1813,0.6318631863186318
818,1325,2143,0.6173584905660378
748,1264,2012,0.5917721518987342
902,1415,2317,0.6374558303886926
878,1475,2353,0.5952542372881356
833,1170,2003,0.711965811965812
791,1065,1856,0.7427230046948357
993,1359,2352,0.7306843267108167
800,1296,2096,0.6172839506172839
872,1466,2338,0.5948158253751705
847,1529,2376,0.5539568345323741
906,1086,1992,0.8342541436464088
804,1212,2016,0.6633663366336634
861,1264,2125,0.6811708860759493
889,1362,2251,0.6527165932452276
855,1158,2013,0.7383419689119171
812,1350,2162,0.6014814814814815
946,1526,2472,0.6199213630406291
915,1389,2304,0.6587473002159827
840,1097,1937,0.7657247037374658
859,1299,2158,0.6612779060816012
783,1375,2158,0.5694545454545454
913,1436,2349,0.6357938718662952
812,1236,2048,0.656957928802589
883,1501,2384,0.5882744836775483
918,1447,2365,0.6344160331720802
765,1229,1994,0.6224572823433686
856,1425,2281,0.600701754385965
833,1461,2294,0.5701574264202601
428,772,1200,0.5544041450777202
850,1389,2239,0.6119510439164867
758,1019,1777,0.7438665358194309
883,1330,2213,0.6639097744360902
759,1396,2155,0.5436962750716332
758,1358,2116,0.5581737849779087
916,1547,2463,0.5921137685843568
786,1376,2162,0.5712209302325582
823,1310,2133,0.6282442748091603
880,1438,2318,0.6119610570236439
920,1443,2363,0.6375606375606375
839,1075,1914,0.7804651162790698
902,1500,2402,0.6013333333333334
764,1196,1960,0.6387959866220736
873,1453,2326,0.6008258774948383
908,1596,2504,0.568922305764411
799,1388,2187,0.5756484149855908
912,1279,2191,0.7130570758405004
815,1329,2144,0.6132430398796087
848,1408,2256,0.6022727272727273
709,1243,1952,0.5703942075623492
731,1179,1910,0.620016963528414
634,919,1553,0.6898803046789989
678,938,1616,0.7228144989339019
829,1253,2082,0.6616121308858739
1020,1642,2662,0.6211936662606578
770,1035,1805,0.7439613526570048
839,1297,2136,0.6468774094063223
826,1329,2155,0.6215199398043642
837,1251,2088,0.6690647482014388
829,1485,2314,0.5582491582491582
571,1078,1649,0.5296846011131725
855,1427,2282,0.5991590749824808
778,1300,2078,0.5984615384615385
871,1623,2494,0.536660505237215
803,1275,2078,0.6298039215686274
803,1521,2324,0.5279421433267587
783,1425,2208,0.5494736842105263
932,1640,2572,0.5682926829268292
730,1123,1853,0.6500445235975066
826,1194,2020,0.6917922948073701
934,1431,2365,0.6526904262753319
908,1468,2376,0.6185286103542235
916,1315,2231,0.6965779467680608
975,1669,2644,0.5841821449970042
836,1462,2298,0.5718194254445964
767,1196,1963,0.6413043478260869
1090,2002,3092,0.5444555444555444
717,1299,2016,0.5519630484988453
737,1100,1837,0.67
712,1259,1971,0.5655281969817315
793,1095,1888,0.7242009132420091
977,1281,2258,0.7626854020296643
928,1339,2267,0.6930545182972367
1065,1601,2666,0.665209244222361
861,1509,2370,0.5705765407554672
1042,1299,2341,0.8021555042340262
859,1391,2250,0.6175413371675054
747,1313,2060,0.5689261233815689
886,1419,2305,0.6243833685694151
911,1386,2297,0.6572871572871573
823,1272,2095,0.6470125786163522
892,1396,2288,0.6389684813753582
782,1147,1929,0.6817785527462947
899,1188,2087,0.7567340067340067
937,1306,2243,0.7174578866768759
787,1266,2053,0.6216429699842022
887,1131,2018,0.784261715296198
773,1385,2158,0.5581227436823105
887,1399,2286,0.634024303073624
829,1091,1920,0.7598533455545371
827,1365,2192,0.6058608058608058
868,1077,1945,0.8059424326833797
788,1304,2092,0.6042944785276073
926,1385,2311,0.6685920577617328
712,1052,1764,0.6768060836501901
765,860,1625,0.8895348837209303
746,1200,1946,0.6216666666666667
888,1065,1953,0.8338028169014085
774,1198,1972,0.6460767946577629
817,1505,2322,0.5428571428571428
938,1467,2405,0.6394001363326517
841,1337,2178,0.6290201944652206
855,1412,2267,0.6055240793201133
816,1497,2313,0.5450901803607214
849,983,1832,0.8636826042726348
936,1423,2359,0.657765284609979
837,1334,2171,0.6274362818590704
739,1204,1943,0.6137873754152824
889,1577,2466,0.5637285986049461
72,185,257,0.3891891891891892
822,1327,2149,0.6194423511680482
907,1450,2357,0.6255172413793103
677,1119,1796,0.6050044682752458
911,1608,2519,0.5665422885572139
910,1147,2057,0.7933740191804708
918,1435,2353,0.6397212543554007
871,1137,2008,0.7660510114335972
929,1386,2315,0.6702741702741702
849,1336,2185,0.6354790419161677
843,1327,2170,0.6352675207234363
865,1356,2221,0.637905604719764
788,1276,2064,0.6175548589341693
965,1453,2418,0.6641431520991053
919,1598,2517,0.5750938673341677
750,1044,1794,0.7183908045977011
927,1479,2406,0.6267748478701826
967,1403,2370,0.6892373485388453
626,1172,1798,0.5341296928327645
637,893,1530,0.7133258678611423
782,1412,2194,0.5538243626062322
814,1163,1977,0.6999140154772141
764,1175,1939,0.6502127659574468
816,1467,2283,0.556237218813906
767,1260,2027,0.6087301587301587
823,1239,2062,0.6642453591606134
949,1212,2161,0.783003300330033
858,1308,2166,0.6559633027522935
1020,1487,2507,0.6859448554135844
889,1296,2185,0.6859567901234568
942,1299,2241,0.7251732101616628
767,1306,2073,0.5872894333843798
915,1202,2117,0.7612312811980033
922,1472,2394,0.626358695652174
809,1459,2268,0.5544893762851268
871,1302,2173,0.6689708141321045
863,1431,2294,0.6030747728860937
785,1270,2055,0.6181102362204725
894,1361,2255,0.65686994856723
799,1027,1826,0.7779941577409932
1013,1457,2470,0.6952642415923129
829,1327,2156,0.624717407686511
822,1360,2182,0.6044117647058823
935,1360,2295,0.6875
929,1329,2258,0.6990218209179835
898,1418,2316,0.6332863187588152
817,1218,2035,0.6707717569786535
833,1238,2071,0.672859450726979
880,1351,2231,0.6513693560325685
970,1356,2326,0.7153392330383481
983,1194,2177,0.8232830820770519
746,1305,2051,0.571647509578544
904,1274,2178,0.7095761381475667
851,1184,2035,0.71875
781,1165,1946,0.6703862660944206
896,1511,2407,0.5929847782925215
862,1460,2322,0.5904109589041096
832,1452,2284,0.5730027548209367
748,1317,2065,0.5679574791192104
900,1446,2346,0.6224066390041494
821,1083,1904,0.7580794090489381
895,1246,2141,0.7182985553772071
921,1436,2357,0.6413649025069638
995,1596,2591,0.6234335839598998
977,1441,2418,0.678001387925052
881,1609,2490,0.5475450590428838
914,1645,2559,0.5556231003039513
895,1561,2456,0.5733504163997437
883,1430,2313,0.6174825174825175
816,1301,2117,0.6272098385857033
915,1404,2319,0.6517094017094017
934,1452,2386,0.6432506887052342
984,1434,2418,0.6861924686192469
924,1445,2369,0.639446366782007
1007,1532,2539,0.6573107049608355
953,1554,2507,0.6132561132561133
1080,1481,2561,0.7292370020256583
808,993,1801,0.8136958710976838
755,841,1596,0.8977407847800237
648,977,1625,0.6632548618219037
799,1077,1876,0.7418755803156918
809,1140,1949,0.7096491228070175
851,1480,2331,0.575
971,1421,2392,0.6833216045038705
813,1348,2161,0.6031157270029673
811,1221,2032,0.6642096642096642
936,1485,2421,0.6303030303030303
938,1376,2314,0.6816860465116279
789,1361,2150,0.5797207935341661
1017,1614,2631,0.6301115241635687
875,1456,2331,0.6009615384615384
701,1181,1882,0.5935647756138865
946,1334,2280,0.7091454272863568
859,1389,2248,0.6184305255579554
744,1174,1918,0.6337308347529813
933,1475,2408,0.632542372881356
934,1429,2363,0.6536039188243526
810,1370,2180,0.5912408759124088
828,1227,2055,0.6748166259168704
765,1113,1878,0.6873315363881402
737,1037,1774,0.7107039537126326
615,886,1501,0.6941309255079007
652,1112,1764,0.5863309352517986
442,758,1200,0.58311345646438
758,1212,1970,0.6254125412541254
793,1248,2041,0.6354166666666666
894,1527,2421,0.5854616895874263
705,1024,1729,0.6884765625
829,1033,1862,0.8025169409486931
838,1154,1992,0.7261698440207972
846,1322,2168,0.6399394856278366
881,1435,2316,0.6139372822299651
855,1482,2337,0.5769230769230769
822,1216,2038,0.6759868421052632
929,1224,2153,0.7589869281045751
866,1069,1935,0.8101028999064547
869,1462,2331,0.594391244870041
860,1324,2184,0.649546827794562
728,1050,1778,0.6933333333333334
940,1620,2560,0.5802469135802469
807,1267,2074,0.6369376479873717
821,1524,2345,0.5387139107611548
867,1322,2189,0.6558245083207261
739,1176,1915,0.6284013605442177
853,1337,2190,0.6379955123410621
992,1654,2646,0.599758162031439
788,1022,1810,0.7710371819960861
905,1251,2156,0.7234212629896083
791,1480,2271,0.5344594594594595
879,1644,2523,0.5346715328467153
798,926,1724,0.8617710583153347
880,1520,2400,0.5789473684210527
888,1372,2260,0.6472303206997084
870,1470,2340,0.5918367346938775
834,1171,2005,0.7122117847993168
982,1435,2417,0.6843205574912892
931,1323,2254,0.7037037037037037
713,1202,1915,0.5931780366056573
870,1419,2289,0.6131078224101479
719,1151,1870,0.6246741963509991
760,1007,1767,0.7547169811320755
800,1220,2020,0.6557377049180327
859,1392,2251,0.6170977011494253
805,1563,2368,0.5150351887396033
752,1216,1968,0.618421052631579
960,1216,2176,0.7894736842105263
741,1105,1846,0.6705882352941176
896,1334,2230,0.671664167916042
874,1486,2360,0.5881561238223418
865,1458,2323,0.593278463648834
745,1274,2019,0.5847723704866562
556,892,1448,0.6233183856502242
855,1234,2089,0.692868719611021
823,1490,2313,0.5523489932885906
780,1206,1986,0.6467661691542289
910,1439,2349,0.6323835997220292
995,1314,2309,0.7572298325722984
734,1165,1899,0.6300429184549357
853,1410,2263,0.6049645390070922
844,1414,2258,0.5968882602545968
827,1174,2001,0.7044293015332198
840,1348,2188,0.6231454005934718
819,1319,2138,0.6209249431387415
820,1347,2167,0.6087602078693393
856,1209,2065,0.7080231596360629
907,1463,2370,0.619958988380041
943,1309,2252,0.7203972498090145
804,973,1777,0.8263103802672148
925,1755,2680,0.5270655270655271
875,1485,2360,0.5892255892255892
782,1371,2153,0.5703865791393143
664,1221,1885,0.5438165438165438
827,1378,2205,0.6001451378809869
811,1357,2168,0.5976418570375829
852,1371,2223,0.6214442013129103
719,1253,1972,0.5738228252194733
935,1377,2312,0.6790123456790124
876,1544,2420,0.5673575129533679
859,1644,2503,0.5225060827250608
811,1126,1937,0.7202486678507993
1002,1625,2627,0.6166153846153846
900,1333,2233,0.6751687921980495
952,1647,2599,0.5780206435944141
975,1585,2560,0.6151419558359621
885,1481,2366,0.5975692099932478
748,1270,2018,0.5889763779527559
758,1018,1776,0.7445972495088409
973,1615,2588,0.6024767801857586
836,1203,2039,0.6949293433083957
810,1516,2326,0.5343007915567283
942,1324,2266,0.7114803625377644
816,1412,2228,0.5779036827195467
881,1449,2330,0.6080055210489993
917,1472,2389,0.6229619565217391
903,1387,2290,0.6510454217736121
885,1595,2480,0.554858934169279
740,1531,2271,0.4833442194644023
733,1264,1997,0.5799050632911392
768,1274,2042,0.6028257456828885
839,1372,2211,0.6115160349854227
891,1602,2493,0.5561797752808989
759,996,1755,0.7620481927710844
847,1195,2042,0.7087866108786611
744,1041,1785,0.7146974063400576
808,1327,2135,0.6088922381311228
760,1113,1873,0.6828391734052112
768,998,1766,0.7695390781563126
910,1401,2311,0.6495360456816559
895,1359,2254,0.6585724797645327
794,1505,2299,0.5275747508305648
891,1596,2487,0.5582706766917294
802,1457,2259,0.55044612216884
897,1249,2146,0.7181745396317054
860,1421,2281,0.6052076002814919
897,1365,2262,0.6571428571428571
891,1625,2516,0.5483076923076923
913,1262,2175,0.7234548335974643
970,1556,2526,0.6233933161953727
864,1366,2230,0.6325036603221084
873,1444,2317,0.6045706371191135
891,1540,2431,0.5785714285714286
913,1425,2338,0.6407017543859649
865,1314,2179,0.6582952815829528
802,983,1785,0.8158697863682605
864,1416,2280,0.6101694915254238
800,1327,2127,0.6028636021100227
897,1541,2438,0.582089552238806
957,1598,2555,0.5988735919899875
896,1467,2363,0.610770279481936
937,1402,2339,0.6683309557774608
631,978,1609,0.6451942740286298
892,1464,2356,0.6092896174863388
823,1289,2112,0.6384794414274632
966,1407,2373,0.6865671641791045
806,1361,2167,0.5922116091109478
913,1402,2315,0.6512125534950072
1049,1520,2569,0.6901315789473684
914,1476,2390,0.6192411924119241
579,904,1483,0.6404867256637168
963,1572,2535,0.6125954198473282
981,1535,2516,0.6390879478827362
928,1503,2431,0.6174318030605456
949,1359,2308,0.6983075791022811
890,1526,2416,0.583224115334207
919,1464,2383,0.6277322404371585
841,1139,1980,0.7383669885864794
907,1437,2344,0.6311760612386917
860,1549,2409,0.5551969012265978
1005,2103,3108,0.477888730385164
1181,1808,2989,0.6532079646017699
953,1531,2484,0.6224689745264533
896,1336,2232,0.6706586826347305
949,1444,2393,0.657202216066482
872,1097,1969,0.7948951686417502
892,1539,2431,0.5795971410006497
846,1315,2161,0.6433460076045627
736,1113,1849,0.6612758310871518
905,1479,2384,0.6118999323867478
956,1503,2459,0.6360612109115104
869,1442,2311,0.602635228848821
922,1226,2148,0.7520391517128875
960,1420,2380,0.676056338028169
891,1481,2372,0.6016205266711682
923,1596,2519,0.5783208020050126
793,1124,1917,0.7055160142348754
934,1567,2501,0.5960433950223357
804,1205,2009,0.6672199170124481
931,1370,2301,0.6795620437956205
933,1521,2454,0.6134122287968442
1025,1546,2571,0.6630012936610608
868,1500,2368,0.5786666666666667
913,1379,2292,0.6620739666424945
839,1513,2352,0.5545274289491078
935,1436,2371,0.6511142061281338
856,1623,2479,0.5274183610597659
920,1535,2455,0.5993485342019544
836,1470,2306,0.5687074829931973
789,1530,2319,0.515686274509804
863,1199,2062,0.7197664720600501
859,1558,2417,0.5513478818998716
799,1500,2299,0.5326666666666666
903,1592,2495,0.5672110552763819
639,932,1571,0.6856223175965666
918,1357,2275,0.6764922623434045
854,1503,2357,0.5681969394544245
874,1511,2385,0.5784248841826605
873,1397,2270,0.6249105225483178
897,1256,2153,0.714171974522293
927,1450,2377,0.6393103448275862
893,1415,2308,0.631095406360424
835,1337,2172,0.6245325355272999
915,1588,2503,0.5761964735516373
854,1217,2071,0.7017255546425637
884,1425,2309,0.6203508771929824
854,1354,2208,0.6307237813884786
862,1232,2094,0.6996753246753247
839,1227,2066,0.6837815810920945
854,1297,2151,0.6584425597532768
773,1165,1938,0.663519313304721
881,1200,2081,0.7341666666666666
840,1334,2174,0.6296851574212894
891,1205,2096,0.7394190871369295
826,1321,2147,0.6252838758516276
866,1325,2191,0.6535849056603774
967,1590,2557,0.6081761006289308
1008,1476,2484,0.6829268292682927
1032,1689,2721,0.61101243339254
883,1401,2284,0.6302640970735189
883,1441,2324,0.6127689104788342
865,1284,2149,0.6736760124610592
927,1367,2294,0.6781272860277981
962,1490,2452,0.6456375838926175
888,1491,2379,0.5955734406438632
948,1421,2369,0.6671358198451794
948,1274,2222,0.7441130298273155
795,1262,2057,0.6299524564183835
872,1476,2348,0.5907859078590786
860,1378,2238,0.6240928882438317
841,1225,2066,0.686530612244898
855,1422,2277,0.6012658227848101
972,1598,2570,0.6082603254067585
958,1507,2465,0.6357000663570007
940,1518,2458,0.619235836627141
853,1464,2317,0.5826502732240437
896,1478,2374,0.6062246278755075
1100,1877,2977,0.5860415556739478
837,1427,2264,0.5865451997196917
930,1627,2557,0.5716041794714198
885,1480,2365,0.597972972972973
866,1638,2504,0.5286935286935287
812,1504,2316,0.5398936170212766
845,1613,2458,0.5238685678859268
898,1505,2403,0.5966777408637873
939,1443,2382,0.6507276507276507
898,1475,2373,0.6088135593220338
747,1077,1824,0.6935933147632312
834,1385,2219,0.6021660649819495
837,1371,2208,0.6105032822757112
895,1338,2233,0.6689088191330343
814,1366,2180,0.595900439238653
927,1615,2542,0.5739938080495356
930,1402,2332,0.6633380884450785
746,1219,1965,0.6119770303527482
893,1275,2168,0.7003921568627451
835,1239,2074,0.6739305891848265
815,1365,2180,0.5970695970695971
873,1395,2268,0.6258064516129033
784,1367,2151,0.5735186539868324
916,1455,2371,0.629553264604811
756,1294,2050,0.5842349304482226
813,1385,2198,0.5870036101083033
827,1366,2193,0.6054172767203514
783,1095,1878,0.7150684931506849
721,1099,1820,0.6560509554140127
878,1490,2368,0.5892617449664429
900,1761,2661,0.5110732538330494
847,1553,2400,0.54539600772698
810,1091,1901,0.7424381301558204
863,1328,2191,0.6498493975903614
935,1320,2255,0.7083333333333334
870,1432,2302,0.6075418994413407
927,1550,2477,0.5980645161290322
939,1536,2475,0.611328125
837,1205,2042,0.6946058091286307
826,1521,2347,0.5430637738330046
877,1611,2488,0.5443823711980137
871,1454,2325,0.5990371389270976
723,1144,1867,0.631993006993007
846,1045,1891,0.8095693779904306
887,1521,2408,0.5831689677843525
889,1351,2240,0.6580310880829016
864,1496,2360,0.5775401069518716
857,1549,2406,0.5532601678502259
912,1426,2338,0.6395511921458625
954,1467,2421,0.6503067484662577
849,1511,2360,0.5618795499669094
909,1655,2564,0.5492447129909366
920,1405,2325,0.6548042704626335
1020,1678,2698,0.6078665077473182
889,1190,2079,0.7470588235294118
982,1743,2725,0.5633964429145152
985,1721,2706,0.5723416618245206
947,1575,2522,0.6012698412698413
1136,1974,3110,0.5754812563323202
922,1716,2638,0.5372960372960373
855,1636,2491,0.5226161369193154
929,1532,2461,0.606396866840731
898,1610,2508,0.5577639751552795
960,1439,2399,0.6671299513551077
793,1475,2268,0.5376271186440678
827,1188,2015,0.6961279461279462
748,1130,1878,0.6619469026548672
970,1343,2313,0.7222635889798957
927,1471,2398,0.6301835486063903
835,1034,1869,0.8075435203094777
823,1357,2180,0.606484893146647
874,1063,1937,0.8222013170272813
979,1450,2429,0.6751724137931034
905,1144,2049,0.791083916083916
892,1166,2058,0.7650085763293311
866,1454,2320,0.5955983493810179
809,1172,1981,0.6902730375426621
889,1418,2307,0.6269393511988717
846,1396,2242,0.6060171919770774
840,1096,1936,0.7664233576642335
871,1111,1982,0.783978397839784
903,1543,2446,0.5852235904082955
885,1394,2279,0.6348637015781923
931,1129,2060,0.8246235606731621
921,1327,2248,0.6940467219291635
897,1619,2516,0.5540457072266831
834,1145,1979,0.7283842794759825
838,1345,2183,0.6230483271375464
880,1381,2261,0.6372194062273715
868,1378,2246,0.6298984034833092
980,1722,2702,0.5691056910569106
891,1470,2361,0.6061224489795919
912,1561,2473,0.5842408712363869
966,1533,2499,0.6301369863013698
1036,1546,2582,0.6701164294954722
797,1259,2056,0.6330420969023034
712,1177,1889,0.6049277824978759
746,1125,1871,0.6631111111111111
993,1594,2587,0.622961104140527
925,1439,2364,0.6428075052119527
809,1402,2211,0.5770328102710414
737,1153,1890,0.6392020815264527
920,1476,2396,0.6233062330623306
840,1385,2225,0.6064981949458483
874,1449,2323,0.6031746031746031
871,1343,2214,0.6485480268056589
936,1356,2292,0.6902654867256637
850,1348,2198,0.6305637982195845
852,1358,2210,0.6273932253313697
826,1457,2283,0.5669183253260124
814,1374,2188,0.5924308588064047
915,1499,2414,0.6104069379586391
931,1269,2200,0.7336485421591804
911,1314,2225,0.693302891933029
952,1726,2678,0.5515643105446119
938,1601,2539,0.5858838226108682
949,1615,2564,0.5876160990712074
826,1287,2113,0.6418026418026418
883,1601,2484,0.551530293566521
748,1145,1893,0.6532751091703056
835,1511,2346,0.5526141628060887
1007,1702,2709,0.5916568742655699
931,1560,2491,0.5967948717948718
913,1548,2461,0.5897932816537468
975,1685,2660,0.5786350148367952
874,1481,2355,0.5901417960837272
892,1558,2450,0.5725288831835686
856,1366,2222,0.6266471449487555
936,1618,2554,0.5784919653893696
941,1663,2604,0.565844858689116
664,997,1661,0.6659979939819458
880,1672,2552,0.5263157894736842
948,1681,2629,0.5639500297441998
1017,1798,2815,0.5656284760845384
845,1363,2208,0.6199559794570799
902,1475,2377,0.6115254237288136
851,1555,2406,0.547266881028939
732,1045,1777,0.7004784688995215
648,1034,1682,0.6266924564796905
746,1239,1985,0.6020984665052461
800,1212,2012,0.6600660066006601
806,1101,1907,0.7320617620345141
844,1409,2253,0.5990063875088716
889,1317,2206,0.6750189825360668
832,1098,1930,0.7577413479052824
920,1553,2473,0.5924018029620091
888,1420,2308,0.6253521126760564
840,1599,2439,0.525328330206379
853,1419,2272,0.6011275546159267
978,1663,2641,0.5880938063740229
988,1661,2649,0.5948223961468995
911,1554,2465,0.5862290862290862
767,1153,1920,0.6652211621856028
932,1593,2525,0.5850596359070935
924,1476,2400,0.6260162601626016
888,1366,2254,0.6500732064421669
860,1382,2242,0.622286541244573
844,1175,2019,0.7182978723404255
802,1019,1821,0.7870461236506379
867,1320,2187,0.6568181818181819
886,1265,2151,0.700395256916996
872,1256,2128,0.6942675159235668
914,1256,2170,0.7277070063694268
788,1151,1939,0.684622067767159
924,1455,2379,0.6350515463917525
944,1524,2468,0.6194225721784777
842,1277,2119,0.6593578700078309
875,1450,2325,0.603448275862069
939,1553,2492,0.604636188023181
883,1399,2282,0.6311651179413867
914,1453,2367,0.629043358568479
812,1137,1949,0.714160070360598
880,1308,2188,0.672782874617737
834,1161,1995,0.7183462532299741
785,1184,1969,0.6630067567567568
849,1441,2290,0.5891741845940319
858,897,1755,0.9565217391304348
871,1211,2082,0.7192402972749794
975,1780,2755,0.547752808988764
925,1477,2402,0.6262694651320244
772,1244,2016,0.6205787781350482
939,1049,1988,0.8951382268827455
916,1531,2447,0.5983017635532332
896,1408,2304,0.6363636363636364
871,1264,2135,0.6890822784810127
900,1453,2353,0.6194081211286993
750,1121,1871,0.6690454950936664
920,1533,2453,0.6001304631441617
748,1279,2027,0.584831899921814
848,1336,2184,0.6347305389221557
984,1534,2518,0.6414602346805737
746,1234,1980,0.6045380875202593
863,1341,2204,0.6435495898583147
977,1543,2520,0.6331821127673364
920,1417,2337,0.6492589978828511
893,1449,2342,0.6162870945479642
922,1520,2442,0.6065789473684211
857,1433,2290,0.59804605722261
1101,1688,2789,0.6522511848341233
965,1373,2338,0.7028404952658412
847,1341,2188,0.6316181953765846
888,1388,2276,0.6397694524495677
880,1429,2309,0.615815255423373
971,1552,2523,0.6256443298969072
973,1476,2449,0.6592140921409214
889,1208,2097,0.7359271523178808
836,1294,2130,0.6460587326120556
864,1324,2188,0.6525679758308157
775,1370,2145,0.5656934306569343
870,1056,1926,0.8238636363636364
906,1499,2405,0.6044029352901935
873,1490,2363,0.5859060402684564
889,1377,2266,0.6456063907044299
814,922,1736,0.8828633405639913
902,1486,2388,0.6069986541049798
1088,1825,2913,0.5961643835616438
853,1402,2255,0.608416547788873
832,1352,2184,0.6153846153846154
876,1663,2539,0.5267588695129285
848,1509,2357,0.5619615639496355
946,1597,2543,0.5923606762680025
889,1288,2177,0.6902173913043478
862,1302,2164,0.6620583717357911
877,1461,2338,0.6002737850787132
880,1249,2129,0.7045636509207366
871,1176,2047,0.7406462585034014
1014,1659,2673,0.6112115732368897
993,1611,2604,0.6163873370577281
894,1379,2273,0.6482958665699783
816,1475,2291,0.5532203389830509
879,1512,2391,0.5813492063492064
828,1441,2269,0.5746009715475364
901,1692,2593,0.5325059101654847
960,1696,2656,0.5660377358490566
864,1416,2280,0.6101694915254238
902,1616,2518,0.5581683168316832
884,1507,2391,0.5865958858659589
859,1079,1938,0.7961075069508804
957,1550,2507,0.6174193548387097
994,1663,2657,0.597714972940469
928,1511,2439,0.614162806088683
719,1088,1807,0.6608455882352942
884,1579,2463,0.5598480050664978
869,1586,2455,0.5479192938209332
932,1541,2473,0.6048020765736535
912,1502,2414,0.607190412782956
901,1325,2226,0.68
902,1342,2244,0.6721311475409836
909,1358,2267,0.6693667157584683
984,1390,2374,0.7079136690647482
844,1230,2074,0.6861788617886179
851,1292,2143,0.6586687306501547
760,1173,1933,0.6479113384484229
1037,1490,2527,0.6959731543624161
981,1502,2483,0.6531291611185086
891,1441,2332,0.6183206106870229
996,1512,2508,0.6587301587301587
958,1459,2417,0.656614119259767
962,1481,2443,0.6495611073598919
1007,1576,2583,0.6389593908629442
994,1562,2556,0.6363636363636364
899,1484,2383,0.6057951482479784
684,1146,1830,0.5968586387434555
754,1243,1997,0.6065969428801288
875,1345,2220,0.6505576208178439
976,1394,2370,0.7001434720229556
1028,1917,2945,0.5362545644235786
1087,1363,2450,0.797505502567865
954,1231,2185,0.7749796913078798
854,1271,2125,0.6719118804091266
1036,1607,2643,0.6446795270690728
1044,1473,2517,0.7087576374745418
1045,1645,2690,0.6352583586626139
932,1490,2422,0.625503355704698
798,1315,2113,0.6068441064638783
913,1453,2366,0.6283551273227804
829,1381,2210,0.6002896451846488
963,1524,2487,0.6318897637795275
935,1367,2302,0.6839795171909291
944,1607,2551,0.5874299937772246
661,872,1533,0.7580275229357798
987,1671,2658,0.5906642728904847
851,1319,2170,0.645185746777862
1108,1608,2716,0.6890547263681592
920,1011,1931,0.9099901088031652
805,1372,2177,0.5867346938775511
926,1735,2661,0.5337175792507205
964,1309,2273,0.7364400305576776
974,1665,2639,0.584984984984985
957,1599,2556,0.5984990619136961
977,1580,2557,0.6183544303797468
956,1642,2598,0.582216808769793
948,1422,2370,0.6666666666666666
981,1526,2507,0.6428571428571429
766,1028,1794,0.745136186770428
897,1565,2462,0.5731629392971246
952,1230,2182,0.7739837398373983
778,1118,1896,0.6958855098389982
758,1197,1955,0.633249791144528
979,1415,2394,0.6918727915194346
975,1550,2525,0.6290322580645161
879,1092,1971,0.804945054945055
950,1393,2343,0.6819813352476669
928,1328,2256,0.6987951807228916
939,1375,2314,0.6829090909090909
844,1211,2055,0.6969446738232865
1017,1554,2571,0.6544401544401545
995,1631,2626,0.6100551808706315
762,1265,2027,0.6023715415019762
932,1525,2457,0.6111475409836066
862,1497,2359,0.575818303273213
947,1550,2497,0.6109677419354839
953,1520,2473,0.6269736842105263
1059,1702,2761,0.6222091656874266
1020,1611,2631,0.633147113594041
953,1476,2429,0.6456639566395664
875,1391,2266,0.6290438533429188
923,1121,2044,0.8233719892952721
887,1433,2320,0.6189811584089323
835,1255,2090,0.6653386454183267
979,1562,2541,0.6267605633802817
914,1503,2417,0.6081170991350632
850,1330,2180,0.6390977443609023
902,1434,2336,0.6290097629009763
971,1573,2544,0.6172917991099809
858,1411,2269,0.6080793763288448
739,1241,1980,0.5954875100725222
960,1388,2348,0.69164265129683
941,1575,2516,0.5974603174603175
876,1356,2232,0.6460176991150443
727,1150,1877,0.6321739130434783
969,1354,2323,0.7156573116691285
951,1546,2497,0.6151358344113842
871,1341,2212,0.6495152870991797
968,1456,2424,0.6648351648351648
856,1276,2132,0.670846394984326
984,1423,2407,0.691496837666901
1058,1517,2575,0.6974291364535267
878,1569,2447,0.5595920968769917
875,1453,2328,0.6022023399862354
895,1480,2375,0.6047297297297297
723,1146,1869,0.6308900523560209
911,1473,2384,0.6184657162253904
877,1462,2339,0.5998632010943913
959,1665,2624,0.5759759759759759
994,1748,2742,0.568649885583524
905,1476,2381,0.6131436314363143
1042,1556,2598,0.6696658097686375
885,1475,2360,0.6
979,1485,2464,0.6592592592592592
906,1226,2132,0.7389885807504079
864,1275,2139,0.6776470588235294
748,1079,1827,0.6932344763670065
922,1205,2127,0.7651452282157676
862,1387,2249,0.6214852198990627
826,1275,2101,0.647843137254902
910,1284,2194,0.7087227414330218
752,920,1672,0.8173913043478261
831,1465,2296,0.567235494880546
934,1088,2022,0.8584558823529411
791,1199,1990,0.6597164303586321
610,853,1463,0.7151230949589683
995,1341,2336,0.7419835943325876
902,1218,2120,0.7405582922824302
1108,1631,2739,0.6793378295524218
1001,1411,2412,0.7094259390503189
894,1301,2195,0.6871637202152191
885,1234,2119,0.7171799027552674
997,1370,2367,0.7277372262773723
906,1415,2321,0.6402826855123674
497,571,1068,0.8704028021015762
712,805,1517,0.884472049689441
851,1348,2199,0.6313056379821959
891,1345,2236,0.6624535315985131
737,1174,1911,0.6277683134582623
914,1289,2203,0.7090768037238169
739,1084,1823,0.6817343173431735
899,1285,2184,0.6996108949416342
945,1403,2348,0.6735566642908054
876,1460,2336,0.6
1012,1746,2758,0.579610538373425
992,1674,2666,0.5925925925925926
987,1621,2608,0.6088834053053671
987,1575,2562,0.6266666666666667
872,1268,2140,0.6876971608832808
862,1330,2192,0.6481203007518797
937,1492,2429,0.6280160857908847
993,1616,2609,0.614480198019802
960,1624,2584,0.5911330049261084
972,1607,2579,0.6048537647790915
1270,1818,3088,0.6985698569856986
841,1262,2103,0.6664025356576863
870,1614,2484,0.5390334572490706
906,1605,2511,0.5644859813084112
847,1456,2303,0.5817307692307693
813,1276,2089,0.6371473354231975
848,1117,1965,0.7591763652641003
849,1432,2281,0.5928770949720671
407,695,1102,0.5856115107913669
503,924,1427,0.5443722943722944
526,1107,1633,0.4751580849141825
883,1406,2289,0.628022759601707
637,1202,1839,0.5299500831946755
949,1625,2574,0.584
1622,2322,3944,0.6985357450473729
1404,2179,3583,0.6443322625057366
1456,2413,3869,0.6033982594280978
1611,2370,3981,0.6797468354430379
1491,2486,3977,0.5997586484312148
1575,2323,3898,0.6780025828669823
854,2105,2959,0.4057007125890736
1439,2239,3678,0.6426976328718178
1585,2318,3903,0.683779119930975
1376,2030,3406,0.677832512315271
1425,2215,3640,0.6433408577878104
1602,2362,3964,0.6782387806943269
1566,2527,4093,0.6197071626434507
1616,2340,3956,0.6905982905982906
1353,2024,3377,0.6684782608695652
1710,2338,4048,0.7313943541488451
1431,2233,3664,0.6408419167039857
1717,2376,4093,0.7226430976430976
1453,2453,3906,0.5923359152058704
1462,2060,3522,0.7097087378640776
1617,2402,4019,0.6731890091590341
1489,2170,3659,0.6861751152073733
965,1807,2772,0.5340343110127282
873,1474,2347,0.5922659430122117
960,1490,2450,0.6442953020134228
903,1488,2391,0.6068548387096774
968,1603,2571,0.6038677479725515
992,1531,2523,0.6479425212279556
767,1177,1944,0.6516567544604928
916,1425,2341,0.6428070175438596
995,1535,2530,0.6482084690553745
934,1506,2440,0.6201859229747676
871,1511,2382,0.5764394440767704
989,1751,2740,0.5648201027984009
1212,2035,3247,0.5955773955773955
931,1563,2494,0.5956493921944978
1122,1853,2975,0.6055045871559633
276,359,635,0.7688022284122563
613,1300,1913,0.4715384615384615
912,2148,3060,0.4245810055865922
1020,1576,2596,0.6472081218274112
917,1472,2389,0.6229619565217391
1109,1627,2736,0.6816226183159189
972,1542,2514,0.6303501945525292
887,1415,2302,0.6268551236749117
810,1349,2159,0.6004447739065975
926,1384,2310,0.6690751445086706
858,1351,2209,0.6350851221317543
1048,1803,2851,0.5812534664448142
869,1271,2140,0.6837136113296617
942,1452,2394,0.6487603305785123
1015,1506,2521,0.6739707835325365
1249,2056,3305,0.6074902723735408
880,1418,2298,0.6205923836389281
885,1207,2092,0.7332228666114333
896,1523,2419,0.5883125410374261
981,1735,2716,0.5654178674351585
966,1522,2488,0.6346911957950065
901,1265,2166,0.7122529644268775
835,1370,2205,0.6094890510948905
945,1436,2381,0.6580779944289693
1019,1617,2636,0.6301793444650587
1122,1795,2917,0.6250696378830084
961,1521,2482,0.6318211702827088
846,1476,2322,0.573170731707317
616,1012,1628,0.6086956521739131
1039,1522,2561,0.6826544021024967
935,1754,2689,0.5330672748004561
1090,1893,2983,0.5758055995773904
1057,1513,2570,0.6986120290812955
949,1443,2392,0.6576576576576577
1011,1718,2729,0.5884749708963911
976,1738,2714,0.5615650172612198
1118,1690,2808,0.6615384615384615
1015,1651,2666,0.6147789218655361
866,1521,2387,0.569362261669954
1053,1759,2812,0.5986355884025014
955,1744,2699,0.5475917431192661
1022,1696,2718,0.6025943396226415
1208,1988,3196,0.607645875251509
1161,1931,3092,0.601242879337131
919,1603,2522,0.5733000623830318
974,1340,2314,0.7268656716417911
924,1324,2248,0.6978851963746223
849,1442,2291,0.5887656033287101
1045,1482,2527,0.7051282051282052
988,1501,2489,0.6582278481012658
904,1226,2130,0.7373572593800979
874,1318,2192,0.6631259484066768
1104,1652,2756,0.6682808716707022
1101,1750,2851,0.6291428571428571
811,1100,1911,0.7372727272727273
993,1542,2535,0.6439688715953308
1101,1536,2637,0.716796875
1015,1109,2124,0.915238954012624
943,1458,2401,0.6467764060356653
1068,1445,2513,0.7391003460207612
1043,1655,2698,0.6302114803625377
1058,1799,2857,0.5881045025013897
1291,2017,3308,0.6400594942984631
942,1403,2345,0.6714183891660727
1029,1613,2642,0.6379417234965902
1081,1878,2959,0.5756123535676251
965,1564,2529,0.6170076726342711
881,1363,2244,0.6463683052090976
885,1514,2399,0.5845442536327609
834,1498,2332,0.5567423230974633
876,1209,2085,0.7245657568238213
926,1459,2385,0.634681288553804
1185,1572,2757,0.7538167938931297
824,1238,2062,0.6655896607431341
1000,1573,2573,0.6357279084551812
545,850,1395,0.6411764705882353
1328,1765,3093,0.7524079320113315
891,1473,2364,0.604887983706721
996,1647,2643,0.604735883424408
954,1606,2560,0.5940224159402242
860,1440,2300,0.5972222222222222
977,1594,2571,0.6129234629861983
1006,1508,2514,0.6671087533156499
802,1287,2089,0.6231546231546231
949,1651,2600,0.5748031496062992
932,1538,2470,0.6059817945383615
1021,1574,2595,0.6486658195679796
885,1613,2498,0.5486670799752015
1003,1730,2733,0.5797687861271676
893,1569,2462,0.5691523263224985
953,1669,2622,0.5710005991611744
945,1461,2406,0.6468172484599589
916,1432,2348,0.6396648044692738
1093,1884,2977,0.5801486199575372
894,1529,2423,0.5846958796599084
1186,2001,3187,0.592703648175912
1084,1818,2902,0.5962596259625963
811,1285,2096,0.6311284046692607
979,1354,2333,0.7230428360413589
755,1389,2144,0.5435565154787617
1045,1639,2684,0.6375838926174496
1093,1666,2759,0.656062424969988
929,1513,2442,0.6140118968935889
961,1484,2445,0.6475741239892183
868,1481,2349,0.5860904794058069
984,1588,2572,0.6196473551637279
1072,1615,2687,0.6637770897832818
606,986,1592,0.6146044624746451
972,1582,2554,0.6144121365360303
1070,1675,2745,0.6388059701492538
889,1485,2374,0.5986531986531987
912,1466,2378,0.6221009549795361
987,1521,2508,0.6489151873767258
865,1408,2273,0.6143465909090909
1006,1797,2803,0.5598219254312743
936,1474,2410,0.6350067842605156
944,1597,2541,0.5911083281152161
924,1315,2239,0.7026615969581749
1364,2132,3496,0.6397748592870544
747,1240,1987,0.6024193548387097
914,1386,2300,0.6594516594516594
1228,1807,3035,0.679579413392363
1117,1890,3007,0.591005291005291
807,1463,2270,0.5516062884483938
1074,1754,2828,0.6123147092360319
895,1475,2370,0.6067796610169491
925,1557,2482,0.5940912010276173
929,1085,2014,0.8562211981566821
1048,1560,2608,0.6717948717948717
930,1647,2577,0.5646630236794171
1056,1642,2698,0.6431181485992692
718,1230,1948,0.583739837398374
795,1274,2069,0.6240188383045526
1146,1741,2887,0.6582423894313613
945,1512,2457,0.625
1044,1504,2548,0.6941489361702128
1089,1746,2835,0.6237113402061856
969,1410,2379,0.6872340425531915
791,1163,1954,0.6801375752364575
1003,1693,2696,0.5924394565859421
843,1384,2227,0.6091040462427746
985,1570,2555,0.6273885350318471
1038,1656,2694,0.6268115942028986
911,1482,2393,0.6147098515519568
959,1426,2385,0.6725105189340813
1142,1672,2814,0.6830143540669856
1021,1475,2496,0.6922033898305084
1098,1458,2556,0.7530864197530864
1145,1794,2939,0.6382385730211817
759,1110,1869,0.6837837837837838
1157,1669,2826,0.6932294787297784
706,1360,2066,0.5191176470588236
1130,1667,2797,0.6778644271145771
800,1043,1843,0.7670182166826462
1234,2014,3248,0.6127110228401191
834,1398,2232,0.5965665236051502
1071,1603,2674,0.6681222707423581
1067,1546,2613,0.6901681759379042
1031,1724,2755,0.5980278422273781
916,1502,2418,0.6098535286284953
978,1566,2544,0.6245210727969349
661,1172,1833,0.5639931740614335
846,1335,2181,0.6337078651685393
826,1366,2192,0.6046852122986823
865,1351,2216,0.6402664692820134
694,1152,1846,0.6024305555555556
797,1231,2028,0.6474411047928513
921,1492,2413,0.6172922252010724
774,1222,1996,0.6333878887070377
931,1292,2223,0.7205882352941176
982,1505,2487,0.6524916943521595
918,1423,2341,0.6451159522136332
1120,1636,2756,0.684596577017115
1047,1669,2716,0.6273217495506291
918,1545,2463,0.5941747572815534
575,854,1429,0.6733021077283372
1049,1643,2692,0.6384662203286671
949,1396,2345,0.6797994269340975
952,1339,2291,0.7109783420463032
871,1528,2399,0.5700261780104712
1081,1627,2708,0.6644130301167793
885,1442,2327,0.6137309292649098
1029,1771,2800,0.5810276679841897
867,1492,2359,0.5810991957104558
1003,1520,2523,0.6598684210526315
1085,1816,2901,0.5974669603524229
719,1247,1966,0.5765838011226945
748,1228,1976,0.6091205211726385
827,1315,2142,0.6288973384030419
872,1307,2179,0.667176740627391
951,1495,2446,0.6361204013377927
1070,1567,2637,0.6828334396936822
689,1157,1846,0.5955056179775281
968,1598,2566,0.6057571964956195
882,1415,2297,0.623321554770318
827,1312,2139,0.6303353658536586
972,1360,2332,0.7147058823529412
796,1328,2124,0.5993975903614458
1002,1525,2527,0.6570491803278689
619,1072,1691,0.5774253731343284
957,1582,2539,0.6049304677623262
725,1232,1957,0.588474025974026
917,1361,2278,0.6737692872887583
872,1472,2344,0.592391304347826
948,1635,2583,0.5798165137614679
989,1598,2587,0.6188986232790988
900,1384,2284,0.6502890173410405
969,1710,2679,0.5666666666666667
869,1403,2272,0.6193870277975766
820,1316,2136,0.6231003039513677
908,1381,2289,0.6574945691527878
833,1403,2236,0.5937277263007841
603,1025,1628,0.5882926829268292
980,1653,2633,0.5928614640048396
750,969,1719,0.7739938080495357
651,1051,1702,0.6194100856327307
999,1574,2573,0.6346886912325286
972,1609,2581,0.6041019266625233
1076,1579,2655,0.681443951868271
936,1411,2347,0.663359319631467
990,1666,2656,0.5942376950780313
1069,1600,2669,0.668125
704,1339,2043,0.5257654966392831
763,1325,2088,0.5758490566037736
1190,1941,3131,0.613086038124678
642,1089,1731,0.5895316804407713
895,1290,2185,0.6937984496124031
1038,1410,2448,0.7361702127659574
1046,1549,2595,0.6752743705616526
1032,1760,2792,0.5863636363636363
938,1505,2443,0.6232558139534884
1063,1602,2665,0.66354556803995
1286,1891,3177,0.6800634584875727
823,1459,2282,0.5640849897189856
1012,1684,2696,0.6009501187648456
944,1604,2548,0.5885286783042394
1120,1815,2935,0.6170798898071626
1015,1663,2678,0.6103427540589297
1114,1584,2698,0.7032828282828283
967,1645,2612,0.5878419452887538
1181,1715,2896,0.6886297376093294
1033,1605,2638,0.643613707165109
893,1451,2344,0.6154376292212267
895,1439,2334,0.6219596942321056
1036,1771,2807,0.5849802371541502
940,1390,2330,0.6762589928057554
1034,1426,2460,0.7251051893408135
1025,1727,2752,0.5935147654892878
624,787,1411,0.7928843710292249
937,1623,2560,0.5773259396179914
1002,1758,2760,0.5699658703071673
1166,1916,3082,0.6085594989561587
997,1766,2763,0.5645526613816535
1036,1620,2656,0.6395061728395062
978,1508,2486,0.6485411140583555
957,1586,2543,0.6034047919293821
630,947,1577,0.665258711721225
754,1248,2002,0.6041666666666666
1022,1565,2587,0.6530351437699681
1061,1650,2711,0.6430303030303031
1024,1513,2537,0.6768010575016523
938,1303,2241,0.7198772064466615
785,1167,1952,0.6726649528706083
1046,1685,2731,0.6207715133531158
1085,1574,2659,0.6893265565438373
991,1673,2664,0.5923490735206216
784,1523,2307,0.5147734734077478
1041,1607,2648,0.6477909147479776
926,1400,2326,0.6614285714285715
1039,1737,2776,0.5981577432354634
877,1405,2282,0.6241992882562277
1154,1742,2896,0.6624569460390356
947,1507,2454,0.6284007962840079
1125,1915,3040,0.587467362924282
1053,1639,2692,0.6424649176327029
991,1424,2415,0.6959269662921348
1068,1545,2613,0.6912621359223301
1033,1421,2454,0.7269528501055594
948,1380,2328,0.6869565217391305
888,1386,2274,0.6406926406926406
979,1576,2555,0.6211928934010152
818,1326,2144,0.6168929110105581
851,1494,2345,0.5696117804551539
518,873,1391,0.5933562428407789
655,1218,1873,0.5377668308702791
758,1081,1839,0.7012025901942646
750,1241,1991,0.604351329572925
617,1061,1678,0.5815268614514609
760,1189,1949,0.63919259882254
691,1037,1728,0.6663452266152362
1179,1929,3108,0.6111975116640747
833,1463,2296,0.569377990430622
989,1548,2537,0.6388888888888888
892,1405,2297,0.6348754448398577
953,1559,2512,0.6112892880051315
1003,1754,2757,0.571835803876853
829,1313,2142,0.6313785224676314
904,1403,2307,0.6443335709194583
955,1506,2461,0.6341301460823373
968,1496,2464,0.6470588235294118
931,1372,2303,0.6785714285714286
1089,1666,2755,0.6536614645858343
899,1384,2283,0.6495664739884393
1001,1620,2621,0.6179012345679012
882,1508,2390,0.5848806366047745
784,1227,2011,0.6389568052159739
984,1587,2571,0.6200378071833649
1037,1579,2616,0.6567447751741609
885,1224,2109,0.7230392156862745
967,1511,2478,0.6399735274652548
857,1338,2195,0.64050822122571
936,1388,2324,0.6743515850144092
849,1465,2314,0.5795221843003413
1020,1572,2592,0.648854961832061
1047,1679,2726,0.6235854675402025
1459,2530,3989,0.5766798418972332
857,1115,1972,0.768609865470852
1106,1721,2827,0.6426496223126089
862,1607,2469,0.536403235843186
638,1010,1648,0.6316831683168317
811,1455,2266,0.5573883161512028
641,1068,1709,0.600187265917603
874,1284,2158,0.6806853582554517
876,1342,2218,0.6527570789865872
936,1400,2336,0.6685714285714286
801,1322,2123,0.6059001512859304
856,1402,2258,0.6105563480741797
847,1349,2196,0.6278724981467754
916,1446,2362,0.6334716459197787
1045,1540,2585,0.6785714285714286
791,1179,1970,0.6709075487701441
688,1131,1819,0.6083112290008842
1006,1464,2470,0.6871584699453552
807,1237,2044,0.6523848019401779
1027,1655,2682,0.6205438066465256
914,1373,2287,0.6656955571740714
1106,1645,2751,0.6723404255319149
1016,1580,2596,0.6430379746835443
718,1193,1911,0.6018440905280805
1019,1459,2478,0.6984235777930089
789,1269,2058,0.6217494089834515
974,1350,2324,0.7214814814814815
1095,1490,2585,0.7348993288590604
962,1409,2371,0.6827537260468417
943,1346,2289,0.700594353640416
748,1146,1894,0.6527050610820244
779,1230,2009,0.6333333333333333
1041,1657,2698,0.6282438141219071
813,1296,2109,0.6273148148148148
859,1215,2074,0.7069958847736626
757,1175,1932,0.6442553191489362
756,1347,2103,0.5612472160356348
828,1301,2129,0.6364335126825519
866,1342,2208,0.6453055141579732
857,1351,2208,0.6343449296817173
863,1338,2201,0.6449925261584455
817,1255,2072,0.650996015936255
1067,1502,2569,0.7103861517976032
907,1555,2462,0.5832797427652733
871,1379,2250,0.6316171138506164
1154,1855,3009,0.6221024258760108
1046,1432,2478,0.7304469273743017
847,1252,2099,0.6765175718849841
1010,1351,2361,0.7475943745373798
1040,1800,2840,0.5777777777777777
994,1405,2399,0.7074733096085409
837,1392,2229,0.6012931034482759
1073,1849,2922,0.5803136830719308
822,1461,2283,0.5626283367556468
827,1378,2205,0.6001451378809869
853,1381,2234,0.6176683562635771
1045,1445,2490,0.7231833910034602
1054,1515,2569,0.6957095709570957
1143,1903,3046,0.6006305832895428
592,870,1462,0.6804597701149425
1038,1622,2660,0.6399506781750924
877,1370,2247,0.6401459854014598
1069,1688,2757,0.6332938388625592
625,1017,1642,0.6145526057030481
1312,2055,3367,0.6384428223844282
989,1623,2612,0.6093653727664818
1043,1614,2657,0.6462205700123915
904,1481,2385,0.6103983794733289
1059,1674,2733,0.6326164874551972
1036,1857,2893,0.5578890683898762
1077,1630,2707,0.6607361963190184
1025,1617,2642,0.6338899196042053
867,1438,2305,0.6029207232267038
997,1739,2736,0.5733179988499137
958,1545,2503,0.6200647249190938
808,1426,2234,0.5666199158485273
865,1423,2288,0.6078706957132818
993,1667,2660,0.5956808638272345
1004,1434,2438,0.700139470013947
1098,1561,2659,0.7033952594490711
1013,1607,2620,0.6303671437461108
907,1287,2194,0.7047397047397047
920,1287,2207,0.7148407148407149
1050,1632,2682,0.6433823529411765
864,1314,2178,0.6575342465753424
984,1541,2525,0.6385463984425698
933,1539,2472,0.6062378167641326
1001,1415,2416,0.7074204946996466
1193,1933,3126,0.6171753750646664
998,1560,2558,0.6397435897435897
897,1396,2293,0.6425501432664756
932,1391,2323,0.6700215672178289
995,1436,2431,0.6928969359331476
1144,1689,2833,0.6773238602723505
1038,1588,2626,0.6536523929471033
836,1377,2213,0.6071169208424111
1099,1794,2893,0.612597547380156
715,1270,1985,0.562992125984252
786,1169,1955,0.6723695466210436
626,1115,1741,0.5614349775784754
875,1389,2264,0.6299496040316774
637,938,1575,0.6791044776119403
1090,1802,2892,0.6048834628190899
1016,1480,2496,0.6864864864864865
783,1295,2078,0.6046332046332046
1029,1592,2621,0.6463567839195979
786,1254,2040,0.6267942583732058
873,1509,2382,0.5785288270377733
762,1261,2023,0.6042823156225218
1000,1657,2657,0.6035003017501509
1007,1304,2311,0.772239263803681
929,1541,2470,0.6028552887735237
1084,1532,2616,0.7075718015665796
960,1534,2494,0.6258148631029987
1002,1707,2709,0.5869947275922671
958,1565,2523,0.6121405750798722
812,1260,2072,0.6444444444444445
1056,1723,2779,0.6128845037724898
898,1579,2477,0.5687143761874605
806,1338,2144,0.6023916292974589
863,1280,2143,0.67421875
982,1576,2558,0.6230964467005076
741,1226,1967,0.6044045676998369
899,1534,2433,0.5860495436766623
958,1554,2512,0.6164736164736164
1049,1854,2903,0.5658036677454154
908,1704,2612,0.5328638497652582
956,1532,2488,0.6240208877284595
631,1024,1655,0.6162109375
611,1008,1619,0.6061507936507936
903,1489,2392,0.6064472800537274
974,1634,2608,0.5960832313341493
632,1115,1747,0.5668161434977579
865,1310,2175,0.6603053435114504
932,1460,2392,0.6383561643835617
1098,1629,2727,0.6740331491712708
974,1379,2353,0.706308919506889
1031,1655,2686,0.6229607250755287
983,1405,2388,0.699644128113879
944,1230,2174,0.767479674796748
1159,1691,2850,0.6853932584269663
896,1345,2241,0.6661710037174721
998,1398,2396,0.7138769670958512
767,1317,2084,0.5823842065299925
970,1500,2470,0.6466666666666666
835,1271,2106,0.6569630212431157
535,961,1496,0.5567117585848075
1055,1831,2886,0.576187875477881
867,1476,2343,0.5873983739837398
936,1538,2474,0.6085825747724317
924,1469,2393,0.628999319264806
954,1501,2455,0.6355762824783477
932,1486,2418,0.6271870794078062
941,1443,2384,0.6521136521136521
1003,1616,2619,0.6206683168316832
952,1595,2547,0.5968652037617554
925,1419,2344,0.6518675123326286
938,1465,2403,0.6402730375426621
769,1261,2030,0.6098334655035687
857,1404,2261,0.6103988603988604
832,1120,1952,0.7428571428571429
1073,1779,2852,0.6031478358628443
1027,1680,2707,0.6113095238095239
1130,1769,2899,0.6387789711701526
885,1513,2398,0.5849306014540647
960,1489,2449,0.6447280053727333
801,1223,2024,0.6549468520032706
937,1477,2414,0.6343940419769803
979,1448,2427,0.6761049723756906
1072,1878,2950,0.5708200212992546
959,1471,2430,0.6519374575118967
953,1637,2590,0.5821624923640807
963,1506,2469,0.6394422310756972
973,1673,2646,0.5815899581589958
916,1548,2464,0.5917312661498708
824,1177,2001,0.7000849617672048
1020,1650,2670,0.6181818181818182
1084,1364,2448,0.7947214076246334
1224,1787,3011,0.684946838276441
1027,1608,2635,0.638681592039801
997,1697,2694,0.5875073659398939
1012,1541,2553,0.6567164179104478
1042,1586,2628,0.6569987389659521
1043,1554,2597,0.6711711711711712
978,1394,2372,0.7015781922525107
1046,1502,2548,0.6964047936085219
892,1331,2223,0.6701728024042074
1077,1501,2578,0.7175216522318454
936,1311,2247,0.7139588100686499
957,1360,2317,0.7036764705882353
995,1338,2333,0.7436472346786248
974,1778,2752,0.547806524184477
951,1611,2562,0.590316573556797
850,1415,2265,0.6007067137809188
732,1037,1769,0.7058823529411765
686,994,1680,0.6901408450704225
917,1309,2226,0.7005347593582888
892,1377,2269,0.6477850399419027
817,1073,1890,0.7614165890027959
861,1381,2242,0.6234612599565532
850,1297,2147,0.6553585196607556
892,1385,2277,0.644043321299639
904,1612,2516,0.5607940446650124
681,1116,1797,0.6102150537634409
755,978,1733,0.7719836400817995
758,1194,1952,0.6348408710217756
839,1454,2293,0.577028885832187
922,1370,2292,0.672992700729927
1045,1346,2391,0.7763744427934621
895,1265,2160,0.7075098814229249
980,1271,2251,0.7710464201416207
714,1246,1960,0.5730337078651685
724,1184,1908,0.6114864864864865
873,1395,2268,0.6258064516129033
1030,1574,2604,0.6543837357052097
985,1381,2366,0.7132512671976828
992,1304,2296,0.7607361963190185
991,1500,2491,0.6606666666666666
1049,1486,2535,0.7059219380888291
953,1518,2471,0.6277997364953887
1086,1417,2503,0.766407904022583
1045,1318,2363,0.7928679817905918
1067,1459,2526,0.7313228238519534
910,1472,2382,0.6182065217391305
889,1379,2268,0.6446700507614214
836,1428,2264,0.5854341736694678
1011,1704,2715,0.5933098591549296
1054,1598,2652,0.6595744680851063
1102,1731,2833,0.6366262276140959
1058,1515,2573,0.6983498349834983
978,1441,2419,0.6786953504510757
1048,1635,2683,0.6409785932721712
969,1557,2526,0.6223506743737958
907,1424,2331,0.636938202247191
806,1314,2120,0.6133942161339422
1079,1556,2635,0.6934447300771208
658,1214,1872,0.5420098846787479
772,1188,1960,0.6498316498316499
1019,1550,2569,0.6574193548387097
992,1546,2538,0.6416558861578266
1133,1745,2878,0.6492836676217765
1034,1524,2558,0.678477690288714
954,1499,2453,0.6364242828552368
887,1389,2276,0.6385889128869691
981,1574,2555,0.6232528589580686
903,1452,2355,0.621900826446281
967,1553,2520,0.6226658081133291
956,1605,2561,0.5956386292834891
968,1599,2567,0.6053783614759225
945,1565,2510,0.6038338658146964
924,1180,2104,0.7830508474576271
578,920,1498,0.6282608695652174
1033,1581,2614,0.6533839342188489
861,1512,2373,0.5694444444444444
1011,1562,2573,0.647247119078105
1033,1609,2642,0.642013673088875
1154,1808,2962,0.6382743362831859
935,1468,2403,0.6369209809264306
981,1756,2737,0.5586560364464692
1026,1713,2739,0.5989492119089317
866,1386,2252,0.6248196248196248
878,1487,2365,0.5904505716207128
1006,1643,2649,0.6122945830797322
1112,1677,2789,0.6630888491353608
1097,1578,2675,0.6951837769328264
953,1354,2307,0.7038404726735599
1067,1605,2672,0.664797507788162
1015,1606,2621,0.6320049813200498
1056,1642,2698,0.6431181485992692
894,1553,2447,0.5756600128783
1020,1558,2578,0.6546854942233633
993,1551,2544,0.6402321083172147
778,1220,1998,0.6377049180327868
1060,1537,2597,0.6896551724137931
1070,1578,2648,0.6780735107731305
1051,1622,2673,0.6479654747225647
1091,1758,2849,0.6205915813424346
1043,1636,2679,0.6375305623471883
907,1412,2319,0.6423512747875354
897,1248,2145,0.71875
1104,1722,2826,0.6411149825783972
656,1071,1727,0.6125116713352008
923,1409,2332,0.6550745209368346
1102,1783,2885,0.6180594503645541
1086,1519,2605,0.7149440421329822
1039,1587,2626,0.6546943919344675
1040,1534,2574,0.6779661016949152
936,1403,2339,0.6671418389166073
1032,1408,2440,0.7329545454545454
1053,1416,2469,0.7436440677966102
920,1406,2326,0.6543385490753911
951,1681,2632,0.5657346817370613
1050,1468,2518,0.715258855585831
916,1537,2453,0.5959661678594665
1078,1696,2774,0.6356132075471698
900,1438,2338,0.6258692628650904
960,1435,2395,0.6689895470383276
813,1295,2108,0.6277992277992278
987,1627,2614,0.6066379840196681
988,1525,2513,0.6478688524590164
1030,1568,2598,0.6568877551020408
1137,1678,2815,0.6775923718712753
1150,1894,3044,0.6071805702217529
929,1342,2271,0.6922503725782414
987,1530,2517,0.6450980392156863
858,1498,2356,0.5727636849132176
913,1370,2283,0.6664233576642336
932,1437,2369,0.6485734168406402
997,1663,2660,0.5995189416716777
776,1085,1861,0.7152073732718894
945,1409,2354,0.6706884315117104
1009,1478,2487,0.6826792963464141
816,1308,2124,0.6238532110091743
789,1417,2206,0.5568101623147494
621,975,1596,0.6369230769230769
884,1233,2117,0.7169505271695052
986,1417,2403,0.6958362738179252
809,1281,2090,0.6315378610460578
920,1430,2350,0.6433566433566433
929,1349,2278,0.6886582653817642
915,1350,2265,0.6777777777777778
876,1350,2226,0.6488888888888888
931,1580,2511,0.589240506329114
976,1567,2543,0.6228462029355456
839,1425,2264,0.5887719298245614
971,1587,2558,0.6118462507876496
952,1521,2473,0.6259040105193951
787,1324,2111,0.5944108761329305
1080,1657,2737,0.651780325890163
767,1150,1917,0.6669565217391304
931,1421,2352,0.6551724137931034
880,1343,2223,0.6552494415487714
733,994,1727,0.7374245472837022
728,1061,1789,0.6861451460885957
811,1267,2078,0.6400947119179163
473,858,1331,0.5512820512820513
1010,1733,2743,0.582804385458742
745,1023,1768,0.7282502443792767
637,1046,1683,0.6089866156787763
975,1559,2534,0.6254008980115459
821,1363,2184,0.6023477622890683
731,1097,1828,0.6663628076572471
937,1292,2229,0.7252321981424149
963,1291,2254,0.7459333849728892
981,1480,2461,0.6628378378378378
1102,1455,2557,0.7573883161512027
1020,1544,2564,0.6606217616580311
829,1450,2279,0.5717241379310345
805,1277,2082,0.6303837118245889
980,1520,2500,0.6447368421052632
1097,1661,2758,0.6604455147501506
1066,1772,2838,0.6015801354401806
943,1239,2182,0.7610976594027441
950,1532,2482,0.6201044386422977
830,1269,2099,0.6540583136327817
934,1525,2459,0.6124590163934426
848,1282,2130,0.6614664586583463
927,1401,2328,0.6616702355460385
1042,1492,2534,0.6983914209115282
859,1353,2212,0.6348854397634885
1065,1579,2644,0.6744775174160861
945,1425,2370,0.6631578947368421
946,1472,2418,0.6426630434782609
1018,1484,2502,0.6859838274932615
1039,1534,2573,0.6773142112125163
695,1077,1772,0.6453110492107706
853,1354,2207,0.6299852289512555
1056,1622,2678,0.6510480887792849
1050,1671,2721,0.6283662477558348
870,1387,2257,0.6272530641672674
811,1357,2168,0.5976418570375829
1028,1585,2613,0.6485804416403785
1151,1649,2800,0.6979987871437234
977,1580,2557,0.6183544303797468
865,1370,2235,0.6313868613138686
905,1238,2143,0.7310177705977383
989,1364,2353,0.7250733137829912
1100,1481,2581,0.7427413909520594
955,1464,2419,0.6523224043715847
845,1372,2217,0.6158892128279884
967,1628,2595,0.5939803439803439
867,1276,2143,0.6794670846394985
1006,1387,2393,0.7253064167267483
1012,1600,2612,0.6325
715,1077,1792,0.6638811513463324
1002,1471,2473,0.681169272603671
1157,1481,2638,0.7812288993923024
906,1101,2007,0.8228882833787466
1127,1720,2847,0.6552325581395348
1035,1667,2702,0.620875824835033
951,1468,2419,0.6478201634877384
977,1627,2604,0.6004917025199754
1097,1701,2798,0.6449147560258671
909,1370,2279,0.6635036496350365
1006,1534,2540,0.6558018252933507
1072,1646,2718,0.6512758201701093
928,1315,2243,0.7057034220532319
964,1536,2500,0.6276041666666666
1150,1552,2702,0.740979381443299
1024,1538,2562,0.6657997399219766
758,1211,1969,0.6259289843104872
926,1377,2303,0.6724763979665941
1011,1578,2589,0.6406844106463878
1060,1488,2548,0.7123655913978495
968,1460,2428,0.663013698630137
1071,1696,2767,0.6314858490566038
851,1338,2189,0.6360239162929746
1047,1654,2701,0.6330108827085853
944,1522,2466,0.6202365308804205
974,1422,2396,0.6849507735583685
927,1398,2325,0.6630901287553648
888,1313,2201,0.6763137852246763
817,1343,2160,0.6083395383469844
987,1620,2607,0.6092592592592593
865,1375,2240,0.6290909090909091
962,1475,2437,0.6522033898305085
1006,1605,2611,0.626791277258567
579,1011,1590,0.5727002967359051
747,1243,1990,0.6009654062751408
988,1676,2664,0.5894988066825776
941,1544,2485,0.6094559585492227
948,1386,2334,0.683982683982684
1046,1649,2695,0.6343238326258338
928,1352,2280,0.6863905325443787
968,1383,2351,0.6999276934201012
966,1575,2541,0.6133333333333333
894,1458,2352,0.6131687242798354
893,1337,2230,0.6679132385938669
1053,1677,2730,0.627906976744186
1006,1472,2478,0.6834239130434783
1077,1677,2754,0.6422182468694096
673,1126,1799,0.5976909413854352
956,1540,2496,0.6207792207792208
874,1375,2249,0.6356363636363637
985,1675,2660,0.5880597014925373
994,1500,2494,0.6626666666666666
891,1534,2425,0.5808344198174706
1001,1548,2549,0.646640826873385
970,1392,2362,0.6968390804597702
1099,1708,2807,0.6434426229508197
867,1282,2149,0.6762870514820593
925,1361,2286,0.6796473181484203
914,1316,2230,0.6945288753799392
983,1497,2480,0.6566466265865063
905,1233,2138,0.7339821573398215
1021,1609,2630,0.63455562461156
1044,1616,2660,0.6460396039603961
933,1522,2455,0.6130091984231275
922,1349,2271,0.6834692364714603
817,1251,2068,0.6530775379696243
1031,1422,2453,0.7250351617440225
796,1315,2111,0.6053231939163498
1006,1609,2615,0.6252330640149161
889,1460,2349,0.6089041095890411
501,803,1304,0.6239103362391034
911,1628,2539,0.5595823095823096
766,1385,2151,0.5530685920577617
1031,1663,2694,0.6199639206253759
1065,1691,2756,0.6298048492016558
940,1080,2020,0.8703703703703703
984,1470,2454,0.6693877551020408
955,1557,2512,0.613359023763648
820,1246,2066,0.6581059390048154
868,1414,2282,0.6138613861386139
986,1617,2603,0.6097711811997526
1332,2032,3364,0.655511811023622
903,1482,2385,0.6093117408906883
836,1301,2137,0.6425826287471176
1078,1515,2593,0.7115511551155116
886,1453,2339,0.6097728836889195
812,1347,2159,0.6028210838901262
928,1318,2246,0.7040971168437026
1027,1416,2443,0.7252824858757062
568,868,1436,0.6543778801843319
1036,1411,2447,0.7342310418143161
903,1287,2190,0.7016317016317016
947,1438,2385,0.6585535465924895
1000,1442,2442,0.6934812760055479
617,972,1589,0.6347736625514403
1014,1474,2488,0.6879240162822252
1017,1516,2533,0.670844327176781
883,1335,2218,0.6614232209737828
887,1408,2295,0.6299715909090909
986,1575,2561,0.626031746031746
1047,1364,2411,0.7675953079178885
917,1356,2273,0.6762536873156342
756,1137,1893,0.6649076517150396
556,815,1371,0.6822085889570552
710,863,1573,0.8227114716106605
947,1360,2307,0.6963235294117647
932,1538,2470,0.6059817945383615
892,1496,2388,0.5962566844919787
769,1178,1947,0.6528013582342954
874,1336,2210,0.6541916167664671
795,1339,2134,0.5937266616878267
977,1596,2573,0.6121553884711779
950,1570,2520,0.6050955414012739
761,1180,1941,0.6449152542372881
764,1230,1994,0.6211382113821138
777,1109,1886,0.7006311992786294
860,1254,2114,0.6858054226475279
821,1301,2122,0.6310530361260569
933,1590,2523,0.5867924528301887
637,948,1585,0.6719409282700421
801,1345,2146,0.5955390334572491
975,1607,2582,0.6067205973864344
894,1498,2392,0.5967957276368492
959,1453,2412,0.660013764624914
740,1098,1838,0.6739526411657559
641,1080,1721,0.5935185185185186
881,1307,2188,0.6740627390971691
863,1367,2230,0.6313094367227505
838,1366,2204,0.6134699853587116
1012,1631,2643,0.6204782342121398
859,1101,1960,0.7801998183469573
702,1129,1831,0.6217891939769707
771,1022,1793,0.7544031311154599
379,630,1009,0.6015873015873016
747,1217,1964,0.6138044371405095
858,1292,2150,0.6640866873065016
881,1257,2138,0.7008750994431185
1031,1382,2413,0.7460202604920405
752,1111,1863,0.6768676867686768
813,1222,2035,0.6653027823240589
737,1297,2034,0.5682343870470317
692,1061,1753,0.6522148916116871
779,1238,2017,0.6292407108239095
1117,1523,2640,0.7334208798424163
942,1495,2437,0.6301003344481605
961,1403,2364,0.68496079828938
735,1062,1797,0.692090395480226
830,1131,1961,0.7338638373121131
1015,1369,2384,0.7414170927684441
881,1244,2125,0.7081993569131833
814,1241,2055,0.6559226430298146
955,1741,2696,0.5485353245261344
955,1508,2463,0.633289124668435
519,882,1401,0.5884353741496599
680,1013,1693,0.6712734452122409
982,1289,2271,0.7618308766485647
1021,1565,2586,0.6523961661341853
667,856,1523,0.7792056074766355
862,1461,2323,0.5900068446269678
963,1446,2409,0.6659751037344398
589,931,1520,0.6326530612244898
901,1184,2085,0.7609797297297297
1013,1632,2645,0.6207107843137255
954,1304,2258,0.7315950920245399
834,1189,2023,0.7014297729184188
849,1306,2155,0.6500765696784073
586,985,1571,0.5949238578680203
964,1263,2227,0.7632620744259699
937,1415,2352,0.662190812720848
816,1240,2056,0.6580645161290323
876,1271,2147,0.6892210857592447
934,1462,2396,0.6388508891928865
946,1464,2410,0.6461748633879781
846,1559,2405,0.5426555484284797
845,1563,2408,0.5406269993602048
691,1207,1898,0.5724937862468932
1010,1621,2631,0.6230721776681061
907,1369,2276,0.662527392257122
947,1566,2513,0.6047254150702427
1075,1710,2785,0.6286549707602339
868,1425,2293,0.6091228070175438
884,1286,2170,0.687402799377916
857,1448,2305,0.5918508287292817
637,1139,1776,0.559262510974539
3147,202,3349,15.57920792079208
1437,2625,4062,0.5474285714285714
1526,2147,3673,0.7107591988821611
2743,210,2953,13.061904761904762
2561,243,2804,10.539094650205762
1610,2139,3749,0.7526881720430108
26,68,94,0.3823529411764705
1131,2019,3150,0.5601783060921248
1205,1505,2710,0.8006644518272426
1057,1724,2781,0.6131090487238979
1410,2299,3709,0.6133101348412353
1469,2042,3511,0.7193927522037218
1589,1852,3441,0.8579913606911447
1482,2482,3964,0.59709911361805
953,1623,2576,0.5871842267406038
1418,2085,3503,0.6800959232613909
1145,1902,3047,0.6019978969505784
1310,2183,3493,0.6000916170407696
1393,2246,3639,0.6202137132680321
1519,2392,3911,0.6350334448160535
1407,2079,3486,0.6767676767676768
1512,1912,3424,0.7907949790794979
1513,2443,3956,0.6193205075726566
353,422,775,0.8364928909952607
1585,2189,3774,0.7240749200548195
1287,2065,3352,0.6232445520581114
1394,2247,3641,0.6203827325322653
634,589,1223,1.0764006791171477
1290,1648,2938,0.7827669902912622
1469,2017,3486,0.7283093703520079
1337,1343,2680,0.9955323901712584
1490,1865,3355,0.7989276139410187
1105,1650,2755,0.6696969696969697
1504,1732,3236,0.8683602771362586
1328,2170,3498,0.6119815668202765
958,1766,2724,0.5424688561721405
1660,2395,4055,0.6931106471816284
1327,2558,3885,0.5187646598905394
1168,1960,3128,0.5959183673469388
1707,1906,3613,0.8955928646379853
874,1381,2255,0.6328747284576394
1730,2228,3958,0.7764811490125674
1854,2106,3960,0.8803418803418803
1767,2184,3951,0.8090659340659341
1375,1880,3255,0.7313829787234043
1339,1747,3086,0.7664567830566685
1735,1688,3423,1.0278436018957346
1812,2199,4011,0.8240109140518418
2055,2001,4056,1.0269865067466266
1745,2299,4044,0.7590256633318835
1682,2002,3684,0.8401598401598401
1797,2213,4010,0.8120198825124265
1655,2025,3680,0.817283950617284
1749,2239,3988,0.7811523001339884
1774,2271,4045,0.7811536767943638
759,1149,1908,0.660574412532637
1690,1960,3650,0.8622448979591837
1465,2193,3658,0.6680346557227542
1704,2219,3923,0.7679134745380802
1237,1798,3035,0.6879866518353727
1573,2319,3892,0.6783096162138853
774,1543,2317,0.5016202203499676
1800,2272,4072,0.7922535211267606
1656,2408,4064,0.6877076411960132
1650,2367,4017,0.697084917617237
1002,1613,2615,0.6212027278363298
1771,2091,3862,0.846963175514108
1425,2327,3752,0.6123764503652772
1700,2275,3975,0.7472527472527473
1518,2465,3983,0.6158215010141987
566,688,1254,0.8226744186046512
280,722,1002,0.3878116343490305
785,1115,1900,0.7040358744394619
602,845,1447,0.7124260355029586
1055,1256,2311,0.839968152866242
894,1064,1958,0.8402255639097744
1205,1824,3029,0.6606359649122807
1044,1253,2297,0.8332003192338387
1061,1328,2389,0.7989457831325302
138,222,360,0.6216216216216216
1529,2130,3659,0.7178403755868544
264,347,611,0.760806916426513
373,570,943,0.6543859649122807
421,546,967,0.7710622710622711
861,1194,2055,0.7211055276381909
965,1515,2480,0.636963696369637
1350,2306,3656,0.585429314830876
822,941,1763,0.873538788522848
299,472,771,0.6334745762711864
129,259,388,0.4980694980694981
626,882,1508,0.7097505668934241
805,1089,1894,0.7392102846648301
691,998,1689,0.6923847695390781
1609,1808,3417,0.889933628318584
808,979,1787,0.8253319713993871
1538,1993,3531,0.7717009533366783
1489,2074,3563,0.7179363548698168
894,1212,2106,0.7376237623762376
1177,1651,2828,0.7129012719563901
1193,1743,2936,0.6844520940906483
1046,1310,2356,0.7984732824427481
1645,2306,3951,0.7133564614050304
993,1168,2161,0.8501712328767124
985,1404,2389,0.7015669515669516
1460,1525,2985,0.9573770491803278
531,679,1210,0.7820324005891016
1244,1676,2920,0.7422434367541766
1101,1489,2590,0.7394224311618536
993,952,1945,1.0430672268907564
816,869,1685,0.9390103567318756
831,1065,1896,0.780281690140845
1424,1342,2766,1.061102831594635
1318,1807,3125,0.7293857221914776
1371,1226,2597,1.1182707993474714
631,863,1494,0.7311703360370799
1245,1437,2682,0.8663883089770354
492,566,1058,0.8692579505300353
1029,997,2026,1.0320962888666
486,714,1200,0.680672268907563
961,1378,2339,0.6973875181422351
981,1708,2689,0.5743559718969555
1214,2048,3262,0.5927734375
1349,2282,3631,0.591148115687993
1554,2358,3912,0.6590330788804071
1491,2439,3930,0.6113161131611317
1350,2197,3547,0.6144742831133364
1519,2482,4001,0.6120064464141821
1538,2469,4007,0.6229242608343459
1530,2515,4045,0.6083499005964215
1752,1844,3596,0.9501084598698482
1714,2151,3865,0.796838679683868
1629,2364,3993,0.6890862944162437
1901,1925,3826,0.9875324675324676
1842,2104,3946,0.8754752851711026
1048,1752,2800,0.5981735159817352
954,1745,2699,0.546704871060172
974,1641,2615,0.5935405240706886
1082,1762,2844,0.6140749148694665
1081,1770,2851,0.6107344632768361
934,1528,2462,0.6112565445026178
1016,1630,2646,0.6233128834355828
925,1628,2553,0.5681818181818182
942,1512,2454,0.623015873015873
1004,1583,2587,0.6342387871130765
775,1160,1935,0.6681034482758621
1015,1800,2815,0.5638888888888889
1042,1919,2961,0.5429911412193851
1086,1671,2757,0.6499102333931778
1001,1827,2828,0.5478927203065134
1238,2099,3337,0.5898046688899476
1053,1733,2786,0.6076168493941142
990,1666,2656,0.5942376950780313
1134,1797,2931,0.6310517529215359
998,1818,2816,0.5489548954895489
1063,1737,2800,0.6119746689694876
489,861,1350,0.5679442508710801
1094,1923,3017,0.5689027561102444
1032,1603,2635,0.6437928883343731
1055,1766,2821,0.5973952434881087
1089,1696,2785,0.6420990566037735
1066,1699,2765,0.6274278987639789
982,1767,2749,0.5557441992076967
1121,1778,2899,0.6304836895388076
1104,1862,2966,0.5929108485499462
1105,1806,2911,0.6118493909191584
1152,1756,2908,0.6560364464692483
480,847,1327,0.5667060212514758
1051,1709,2760,0.614979520187244
1032,1768,2800,0.583710407239819
990,1705,2695,0.5806451612903226
996,1801,2797,0.5530260966129927
998,1787,2785,0.5584778959149412
894,1758,2652,0.5085324232081911
968,1694,2662,0.5714285714285714
804,1482,2286,0.5425101214574899
996,1803,2799,0.5524126455906821
951,1518,2469,0.6264822134387352
451,849,1300,0.5312131919905771
902,1692,2594,0.533096926713948
1075,1827,2902,0.5883962780514504
1110,1883,2993,0.5894848645778014
968,1619,2587,0.5978999382334774
873,1520,2393,0.5743421052631579
871,1615,2486,0.5393188854489164
938,1660,2598,0.5650602409638554
1087,1620,2707,0.6709876543209876
1118,1657,2775,0.6747133373566687
973,1656,2629,0.5875603864734299
620,1044,1664,0.5938697318007663
911,1542,2453,0.5907911802853437
1022,1711,2733,0.5973115137346581
994,1449,2443,0.6859903381642513
1041,1797,2838,0.5792988313856428
1006,1711,2717,0.5879602571595558
958,1643,2601,0.5830797321972002
1034,1812,2846,0.5706401766004415
942,1510,2452,0.623841059602649
1043,1766,2809,0.5906002265005662
968,1673,2641,0.5786013150029886
661,1062,1723,0.6224105461393596
916,1443,2359,0.6347886347886348
966,1757,2723,0.549800796812749
1002,1783,2785,0.5619742007851934
991,1683,2674,0.5888294711824124
994,1716,2710,0.5792540792540792
941,1506,2447,0.6248339973439575
1027,1575,2602,0.652063492063492
981,1657,2638,0.592033796016898
978,1471,2449,0.6648538409245411
958,1559,2517,0.6144964720974984
817,1523,2340,0.5364412344057781
863,1613,2476,0.5350278983261004
756,1637,2393,0.4618204031765424
896,1649,2545,0.5433596118859915
924,1851,2775,0.4991896272285251
895,1627,2522,0.5500921942224954
853,1533,2386,0.5564253098499674
868,1760,2628,0.4931818181818181
733,1479,2212,0.495605138607167
788,1544,2332,0.5103626943005182
802,1474,2276,0.5440976933514247
730,1535,2265,0.4755700325732899
919,1610,2529,0.570807453416149
780,1750,2530,0.4457142857142857
890,1794,2684,0.496098104793757
935,1819,2754,0.514018691588785
936,1663,2599,0.5628382441371016
1031,1851,2882,0.5569962182603998
997,1738,2735,0.5736478711162255
865,1365,2230,0.6336996336996337
983,1583,2566,0.6209728363866077
1039,1737,2776,0.5981577432354634
646,1004,1650,0.6434262948207171
791,1353,2144,0.5846267553584626
714,1400,2114,0.51
934,1828,2762,0.5109409190371991
1054,1898,2952,0.5553213909378293
924,1766,2690,0.5232163080407701
1016,1744,2760,0.5825688073394495
916,1798,2714,0.5094549499443827
858,1559,2417,0.5503527902501604
901,1590,2491,0.5666666666666667
1042,1770,2812,0.5887005649717514
607,1062,1669,0.571563088512241
652,1407,2059,0.4633972992181947
989,1762,2751,0.5612939841089671
1011,1828,2839,0.5530634573304157
927,1581,2508,0.5863377609108159
974,1721,2695,0.5659500290528763
876,1693,2569,0.5174246898995866
815,1282,2097,0.6357254290171607
1010,1612,2622,0.6265508684863523
1067,1641,2708,0.6502132845825715
904,1464,2368,0.6174863387978142
880,1493,2373,0.5894172806430007
702,1131,1833,0.6206896551724138
980,1719,2699,0.5700988947062245
892,1683,2575,0.5300059417706476
885,1593,2478,0.5555555555555556
852,1517,2369,0.5616348055372445
826,1723,2549,0.4793964016250725
788,1712,2500,0.4602803738317757
1007,1657,2664,0.6077248038624019
1019,1726,2745,0.5903823870220162
993,1879,2872,0.5284725918041512
792,1551,2343,0.5106382978723404
710,1087,1797,0.6531738730450782
922,1586,2508,0.5813366960907944
762,1484,2246,0.5134770889487871
852,1692,2544,0.5035460992907801
794,1729,2523,0.459224985540775
767,1630,2397,0.4705521472392638
814,1670,2484,0.4874251497005988
808,1686,2494,0.4792408066429419
911,1621,2532,0.5619987661937076
831,1660,2491,0.5006024096385542
818,1584,2402,0.5164141414141414
681,1066,1747,0.6388367729831145
936,1697,2633,0.5515615792575133
989,1633,2622,0.6056338028169014
994,1379,2373,0.7208121827411168
1022,1727,2749,0.5917776491024899
953,1447,2400,0.65860400829302
1007,1785,2792,0.5641456582633053
1047,1664,2711,0.6292067307692307
1040,1638,2678,0.6349206349206349
1108,1688,2796,0.6563981042654028
1038,1694,2732,0.6127508854781583
753,1206,1959,0.6243781094527363
991,1675,2666,0.5916417910447761
944,1495,2439,0.631438127090301
861,1227,2088,0.7017114914425427
927,1435,2362,0.645993031358885
933,1626,2559,0.5738007380073801
1018,1747,2765,0.5827132226674299
1074,1823,2897,0.5891387822270981
1075,1747,2822,0.6153405838580424
995,1584,2579,0.6281565656565656
1125,1822,2947,0.6174533479692645
577,1004,1581,0.5747011952191236
1066,1654,2720,0.6444981862152358
1025,1685,2710,0.6083086053412463
992,1714,2706,0.5787631271878646
894,1608,2502,0.5559701492537313
970,1724,2694,0.5626450116009281
932,1652,2584,0.5641646489104116
904,1542,2446,0.5862516212710766
1048,1632,2680,0.6421568627450981
928,1495,2423,0.6207357859531772
902,1739,2641,0.518688901667625
649,1087,1736,0.5970561177552898
989,1692,2681,0.58451536643026
910,1555,2465,0.5852090032154341
812,1287,2099,0.6309246309246309
960,1865,2825,0.514745308310992
1049,1554,2603,0.675032175032175
1041,1665,2706,0.6252252252252253
987,1556,2543,0.634318766066838
889,1234,2123,0.720421393841167
1046,1546,2592,0.6765847347994826
1013,1640,2653,0.6176829268292683
447,756,1203,0.5912698412698413
836,1307,2143,0.6396327467482785
1004,1608,2612,0.6243781094527363
1032,1813,2845,0.5692222835079978
974,1592,2566,0.6118090452261307
943,1653,2596,0.5704779189352692
995,1809,2804,0.5500276395798784
815,1556,2371,0.5237789203084833
865,1714,2579,0.5046674445740957
856,1753,2609,0.4883057615516258
921,1670,2591,0.551497005988024
810,1441,2251,0.5621096460791117
966,1614,2580,0.5985130111524164
919,1512,2431,0.6078042328042328
1023,1485,2508,0.6888888888888889
988,1567,2555,0.6305041480536057
1052,1716,2768,0.6130536130536131
1157,2021,3178,0.5724888668975755
870,1496,2366,0.5815508021390374
855,1470,2325,0.5816326530612245
973,1628,2601,0.5976658476658476
895,1600,2495,0.559375
756,1363,2119,0.5546588407923698
856,1506,2362,0.5683930942895087
903,1663,2566,0.5429945880938064
806,1535,2341,0.5250814332247556
711,1259,1970,0.5647339158061954
860,1601,2461,0.5371642723297939
946,1846,2792,0.5124593716143012
891,1518,2409,0.5869565217391305
853,1478,2331,0.5771312584573748
1074,1637,2711,0.6560781918142944
940,1607,2547,0.5849408836341008
556,772,1328,0.7202072538860104
441,870,1311,0.506896551724138
1019,1520,2539,0.6703947368421053
1064,1662,2726,0.6401925391095066
1219,1798,3017,0.6779755283648499
1015,1611,2626,0.6300434512725015
892,1518,2410,0.5876152832674572
940,1665,2605,0.5645645645645646
984,1567,2551,0.6279514996809189
1040,1644,2684,0.6326034063260341
995,1686,2681,0.5901542111506525
1035,1731,2766,0.5979202772963604
547,975,1522,0.561025641025641
1013,1797,2810,0.563717306622148
1003,1755,2758,0.5715099715099715
973,1694,2667,0.5743801652892562
905,1591,2496,0.5688246385920804
904,1546,2450,0.5847347994825356
1080,1821,2901,0.5930807248764415
966,1587,2553,0.6086956521739131
1066,1705,2771,0.6252199413489736
919,1500,2419,0.6126666666666667
874,1320,2194,0.6621212121212121
610,1180,1790,0.5169491525423728
1010,1626,2636,0.6211562115621156
1029,1755,2784,0.5863247863247864
1005,1622,2627,0.6196054254007398
1027,1770,2797,0.580225988700565
1003,1518,2521,0.660737812911726
893,1754,2647,0.5091220068415051
783,1631,2414,0.4800735744941753
882,1533,2415,0.5753424657534246
907,1592,2499,0.5697236180904522
950,1656,2606,0.5736714975845411
817,1199,2016,0.6814011676396997
933,1871,2804,0.498663816141101
945,1705,2650,0.5542521994134897
1079,1774,2853,0.6082299887260428
1112,1751,2863,0.6350656767561393
1097,1881,2978,0.5832004253056885
996,1771,2767,0.562394127611519
1051,1641,2692,0.6404631322364412
887,1645,2532,0.539209726443769
1048,1693,2741,0.6190194920259894
1056,1814,2870,0.5821389195148843
340,442,782,0.7692307692307693
1011,1730,2741,0.584393063583815
939,1724,2663,0.5446635730858469
921,1715,2636,0.5370262390670554
965,1782,2747,0.5415263748597082
1000,1764,2764,0.5668934240362812
820,1448,2268,0.5662983425414365
1058,1856,2914,0.5700431034482759
877,1761,2638,0.4980124929017603
955,1548,2503,0.6169250645994832
950,1767,2717,0.5376344086021505
496,698,1194,0.7106017191977078
887,1655,2542,0.5359516616314199
858,1614,2472,0.5315985130111525
1029,1851,2880,0.5559157212317666
903,1491,2394,0.6056338028169014
975,1712,2687,0.5695093457943925
887,1520,2407,0.5835526315789473
1035,1633,2668,0.6338028169014085
1050,1747,2797,0.6010303377218088
987,1645,2632,0.6
1076,1578,2654,0.6818757921419518
503,955,1458,0.5267015706806283
1042,1636,2678,0.636919315403423
1058,1667,2725,0.6346730653869226
974,1505,2479,0.6471760797342193
1036,1422,2458,0.7285513361462729
1029,1611,2640,0.638733705772812
1034,1426,2460,0.7251051893408135
763,1207,1970,0.632145816072908
715,1191,1906,0.600335852225021
486,890,1376,0.5460674157303371
297,529,826,0.5614366729678639
620,945,1565,0.656084656084656
588,1002,1590,0.5868263473053892
538,961,1499,0.5598335067637877
717,1195,1912,0.6
886,1141,2027,0.7765118317265557
526,850,1376,0.6188235294117647
631,820,1451,0.7695121951219512
1054,1581,2635,0.6666666666666666
903,1176,2079,0.7678571428571429
807,1363,2170,0.5920763022743947
982,1546,2528,0.6351875808538163
527,882,1409,0.5975056689342404
1039,1574,2613,0.6601016518424396
963,1601,2564,0.6014990630855716
1048,1675,2723,0.6256716417910447
955,1735,2690,0.5504322766570605
1054,1595,2649,0.6608150470219436
1079,1728,2807,0.6244212962962963
1055,1536,2591,0.6868489583333334
1016,1728,2744,0.5879629629629629
916,1605,2521,0.5707165109034268
983,1765,2748,0.5569405099150142
556,819,1375,0.6788766788766789
941,1579,2520,0.5959468017732742
904,1881,2785,0.480595427963849
937,1832,2769,0.5114628820960698
861,1592,2453,0.5408291457286433
956,1755,2711,0.5447293447293448
970,1733,2703,0.5597230236583959
884,1594,2478,0.5545796737766625
881,1618,2499,0.5444993819530284
917,1596,2513,0.5745614035087719
993,1649,2642,0.6021831412977562
372,683,1055,0.5446559297218155
829,1378,2207,0.6015965166908563
1078,1814,2892,0.5942668136714443
1101,1745,2846,0.6309455587392551
1074,1752,2826,0.613013698630137
996,1661,2657,0.5996387718242023
962,1681,2643,0.5722784057108864
959,1704,2663,0.562793427230047
961,1714,2675,0.5606767794632439
990,1515,2505,0.6534653465346535
995,1627,2622,0.6115550092194223
319,529,848,0.6030245746691871
938,1677,2615,0.5593321407274896
999,1700,2699,0.5876470588235294
965,1629,2594,0.5923879680785759
1081,1656,2737,0.6527777777777778
745,1179,1924,0.631891433418151
972,1760,2732,0.5522727272727272
1022,1513,2535,0.6754791804362195
536,916,1452,0.5851528384279476
991,1624,2615,0.6102216748768473
1099,1614,2713,0.6809169764560099
427,670,1097,0.6373134328358209
1043,1705,2748,0.6117302052785923
1049,1684,2733,0.6229216152019003
1077,1773,2850,0.6074450084602369
983,1648,2631,0.5964805825242718
1018,1641,2659,0.6203534430225472
976,1717,2693,0.5684333139196273
1086,1673,2759,0.6491332934847579
997,1589,2586,0.6274386406544997
1112,1722,2834,0.645760743321719
976,1677,2653,0.5819916517590936
507,646,1153,0.7848297213622291
1382,1994,3376,0.6930792377131394
1647,2428,4075,0.67833607907743
1338,2413,3751,0.5544964774140074
303,168,471,1.8035714285714288
561,548,1109,1.0237226277372262
1549,2478,4027,0.6251008878127522
1447,2207,3654,0.6556411418214771
1478,2521,3999,0.5862752875842919
1540,2538,4078,0.6067769897557131
1366,2387,3753,0.5722664432341852
777,1215,1992,0.6395061728395062
897,1150,2047,0.78
1381,2005,3386,0.6887780548628429
1128,1958,3086,0.5760980592441267
851,1431,2282,0.5946890286512928
1021,1451,2472,0.7036526533425224
1061,1599,2660,0.6635397123202001
631,904,1535,0.6980088495575221
354,528,882,0.6704545454545454
516,782,1298,0.659846547314578
1042,1800,2842,0.5788888888888889
944,1559,2503,0.605516356638871
1488,2351,3839,0.6329221607826457
1035,1488,2523,0.6955645161290323
936,1050,1986,0.8914285714285715
1208,1570,2778,0.7694267515923567
1248,1774,3022,0.7034949267192785
1281,1663,2944,0.7702946482260974
1179,1725,2904,0.6834782608695652
1262,1776,3038,0.7105855855855856
1234,1591,2825,0.77561282212445
1228,1729,2957,0.7102371312897628
1173,1640,2813,0.7152439024390244
1122,1583,2705,0.7087807959570436
1340,1871,3211,0.7161945483698557
1066,1528,2594,0.6976439790575916
1272,1511,2783,0.8418266048974189
1303,1793,3096,0.7267150027886224
1127,1487,2614,0.7579018157363819
1351,1791,3142,0.7543271915131211
1203,1527,2730,0.787819253438114
1139,1433,2572,0.7948360083740404
1259,1753,3012,0.7181973759269823
1355,1690,3045,0.8017751479289941
1221,1714,2935,0.7123687281213535
1245,1780,3025,0.699438202247191
1246,1610,2856,0.7739130434782608
1233,1471,2704,0.8382053025152957
1202,1691,2893,0.7108219988172679
1159,1738,2897,0.6668584579976985
1121,1581,2702,0.709044908285895
1105,1802,2907,0.6132075471698113
1186,1534,2720,0.7731421121251629
1188,1612,2800,0.7369727047146402
1144,1473,2617,0.7766463000678887
1268,1460,2728,0.8684931506849315
1214,1622,2836,0.7484586929716399
1312,1644,2956,0.7980535279805353
1245,1463,2708,0.8509911141490089
1216,1534,2750,0.7926988265971316
1188,1760,2948,0.675
1222,1715,2937,0.712536443148688
1156,1585,2741,0.7293375394321766
1103,1547,2650,0.7129928894634777
1139,1586,2725,0.7181588902900379
1199,1688,2887,0.7103080568720379
1201,1719,2920,0.6986620127981384
1134,1661,2795,0.6827212522576761
1106,1713,2819,0.6456509048453006
1245,1677,2922,0.7423971377459749
1213,1609,2822,0.7538844002486016
1143,1482,2625,0.771255060728745
1062,1505,2567,0.7056478405315615
1210,1640,2850,0.7378048780487805
1184,1481,2665,0.799459824442944
1272,1728,3000,0.7361111111111112
1130,1568,2698,0.7206632653061225
1189,1618,2807,0.734857849196539
1116,1677,2793,0.6654740608228981
1120,1661,2781,0.6742925948223961
1134,1484,2618,0.7641509433962265
1117,1644,2761,0.6794403892944039
1139,1621,2760,0.702652683528686
1194,1655,2849,0.7214501510574018
1256,1710,2966,0.7345029239766082
1235,1512,2747,0.8167989417989417
1155,1460,2615,0.791095890410959
1313,1550,2863,0.8470967741935483
1285,1642,2927,0.7825822168087698
1214,1701,2915,0.713697824808936
1157,1525,2682,0.7586885245901639
1258,1591,2849,0.7906976744186046
1220,1600,2820,0.7625
1143,1460,2603,0.7828767123287671
1139,1586,2725,0.7181588902900379
1112,1625,2737,0.6843076923076923
1314,1753,3067,0.7495721620079863
1194,1647,2841,0.7249544626593807
1179,1553,2732,0.759175788795879
1130,1536,2666,0.7356770833333334
1117,1631,2748,0.6848559166155732
1155,1574,2729,0.7337992376111817
1159,1639,2798,0.7071384990848079
1162,1645,2807,0.7063829787234043
1242,1636,2878,0.7591687041564792
1109,1575,2684,0.7041269841269842
1238,1715,2953,0.721865889212828
1162,1726,2888,0.6732329084588644
1226,1753,2979,0.6993725042783799
1343,1639,2982,0.8194020744356315
1239,1633,2872,0.7587262706674831
1072,1633,2705,0.6564605021432945
1263,1729,2992,0.7304800462695199
1314,1679,2993,0.782608695652174
1262,1696,2958,0.7441037735849056
1183,1511,2694,0.7829252150893448
1265,1684,2949,0.751187648456057
1315,1597,2912,0.823418910457107
1200,1772,2972,0.6772009029345373
1196,1646,2842,0.7266099635479951
1209,1461,2670,0.8275154004106776
1240,1571,2811,0.7893061744112031
1231,1630,2861,0.7552147239263803
1179,1715,2894,0.687463556851312
1233,1788,3021,0.6895973154362416
1275,1765,3040,0.7223796033994334
1115,1441,2556,0.7737682165163081
1068,1379,2447,0.7744742567077593
1187,1574,2761,0.7541296060991105
1263,1729,2992,0.7304800462695199
1261,1626,2887,0.7755227552275523
1284,1648,2932,0.779126213592233
1267,1560,2827,0.8121794871794872
1133,1515,2648,0.7478547854785479
1179,1558,2737,0.7567394094993581
1132,1519,2651,0.7452271231073074
1285,1654,2939,0.7769044740024184
1194,1704,2898,0.7007042253521126
1258,1707,2965,0.7369654364381957
1063,1411,2474,0.7533664068036854
1045,1505,2550,0.6943521594684385
1075,1477,2552,0.7278266756939743
1251,1484,2735,0.8429919137466307
1244,1622,2866,0.7669543773119606
1124,1488,2612,0.7553763440860215
1202,1633,2835,0.736068585425597
1064,1516,2580,0.7018469656992085
1242,1571,2813,0.7905792488860598
1292,1662,2954,0.7773766546329723
1276,1691,2967,0.7545830869308102
1111,1547,2658,0.718164188752424
1153,1653,2806,0.6975196612220206
1184,1602,2786,0.7390761548064919
1242,1671,2913,0.7432675044883303
1225,1651,2876,0.7419745608721987
1039,1556,2595,0.6677377892030848
1153,1490,2643,0.7738255033557047
1337,1673,3010,0.799163179916318
1227,1680,2907,0.7303571428571428
1244,1647,2891,0.7553126897389193
1253,1712,2965,0.731892523364486
1143,1476,2619,0.774390243902439
1198,1761,2959,0.6802952867688813
1246,1663,2909,0.7492483463619964
1265,1767,3032,0.7159026598754952
1141,1541,2682,0.7404282933160286
1098,1584,2682,0.6931818181818182
1125,1627,2752,0.6914566687154272
1109,1520,2629,0.7296052631578948
1212,1435,2647,0.8445993031358885
1248,1651,2899,0.7559055118110236
1162,1706,2868,0.6811254396248535
1203,1710,2913,0.7035087719298245
1101,1572,2673,0.700381679389313
1111,1534,2645,0.7242503259452412
1192,1658,2850,0.7189384800965019
1227,1757,2984,0.6983494593056346
851,1241,2092,0.6857373086220789
1191,1658,2849,0.718335343787696
1207,1688,2895,0.715047393364929
1269,1707,2976,0.7434094903339191
1276,1734,3010,0.7358708189158016
1189,1508,2697,0.7884615384615384
1127,1440,2567,0.7826388888888889
1193,1648,2841,0.7239077669902912
1168,1672,2840,0.6985645933014354
1073,1630,2703,0.658282208588957
1128,1607,2735,0.701929060360921
1118,1649,2767,0.6779866585809582
987,1408,2395,0.7009943181818182
1005,1408,2413,0.7137784090909091
1068,1463,2531,0.7300068352699932
1104,1705,2809,0.6475073313782991
1304,1659,2963,0.7860156720916215
1002,1458,2460,0.6872427983539094
1162,1589,2751,0.7312775330396476
1155,1547,2702,0.746606334841629
1096,1456,2552,0.7527472527472527
1091,1544,2635,0.7066062176165803
1026,1442,2468,0.7115117891816921
1201,1788,2989,0.6717002237136466
1094,1415,2509,0.7731448763250883
1028,1308,2336,0.7859327217125383
1235,1779,3014,0.6942102304665543
1096,1740,2836,0.6298850574712643
1046,1579,2625,0.662444585180494
1231,1571,2802,0.7835773392743476
1190,1623,2813,0.7332101047443007
930,1272,2202,0.7311320754716981
1269,1590,2859,0.7981132075471699
1263,1717,2980,0.7355853232382061
1167,1680,2847,0.6946428571428571
1178,1501,2679,0.7848101265822784
1160,1651,2811,0.7026044821320412
1043,1560,2603,0.6685897435897435
1189,1732,2921,0.6864896073903002
1168,1690,2858,0.6911242603550296
1211,1492,2703,0.811662198391421
1256,1725,2981,0.7281159420289856
1124,1528,2652,0.7356020942408377
1208,1556,2764,0.7763496143958869
1079,1329,2408,0.8118886380737397
1121,1611,2732,0.6958410924891372
1127,1647,2774,0.684274438372799
1153,1632,2785,0.7064950980392157
1183,1714,2897,0.690198366394399
1112,1545,2657,0.7197411003236246
1152,1468,2620,0.784741144414169
1223,1727,2950,0.7081644470179502
1150,1671,2821,0.6882106523040096
1133,1600,2733,0.708125
1197,1749,2946,0.6843910806174958
1050,1452,2502,0.7231404958677686
1175,1674,2849,0.7019115890083633
1212,1715,2927,0.7067055393586006
1225,1620,2845,0.7561728395061729
1166,1643,2809,0.7096774193548387
1269,1672,2941,0.7589712918660287
1124,1602,2726,0.7016229712858927
1210,1664,2874,0.7271634615384616
1188,1519,2707,0.7820934825543121
1176,1567,2743,0.7504786215698788
1214,1694,2908,0.7166469893742621
1123,1506,2629,0.7456839309428951
1202,1664,2866,0.7223557692307693
1105,1835,2940,0.6021798365122616
968,1365,2333,0.7091575091575092
1120,1613,2733,0.69435833849969
1092,1639,2731,0.6662599145820622
1104,1624,2728,0.6798029556650246
1113,1607,2720,0.6925948973242066
967,1504,2471,0.6429521276595744
1037,1779,2816,0.582911748173131
960,1523,2483,0.6303348653972423
776,1337,2113,0.5804038893044129
1009,1606,2615,0.6282689912826899
1213,1688,2901,0.7186018957345972
905,1628,2533,0.5558968058968059
1020,1570,2590,0.6496815286624203
1115,1679,2794,0.6640857653365099
1098,1568,2666,0.7002551020408163
1024,1676,2700,0.6109785202863962
1050,1525,2575,0.6885245901639344
1091,1685,2776,0.6474777448071216
1042,1434,2476,0.7266387726638772
1098,1568,2666,0.7002551020408163
1018,1419,2437,0.7174066243833686
937,1336,2273,0.7013473053892215
1198,1618,2816,0.7404202719406675
1142,1603,2745,0.7124142233312539
1076,1611,2687,0.6679081315952824
1159,1596,2755,0.7261904761904762
1187,1555,2742,0.7633440514469454
1077,1567,2644,0.6873005743458839
1114,1704,2818,0.653755868544601
1084,1644,2728,0.6593673965936739
1134,1605,2739,0.7065420560747664
1254,1246,2500,1.0064205457463884
1079,1636,2715,0.6595354523227384
1138,1610,2748,0.7068322981366459
1017,1543,2560,0.6591056383668179
1025,1611,2636,0.6362507759155804
1062,1586,2648,0.669609079445145
1043,1366,2409,0.7635431918008785
1076,1539,2615,0.6991552956465237
985,1284,2269,0.7671339563862928
1113,1549,2662,0.7185280826339574
1009,1471,2480,0.6859279401767505
1104,1573,2677,0.7018436109345201
984,1386,2370,0.70995670995671
1121,1657,2778,0.6765238382619191
1063,1465,2528,0.7255972696245734
860,1279,2139,0.6724003127443315
1065,1543,2608,0.6902138690861958
1085,1609,2694,0.6743318831572406
1204,1613,2817,0.7464352138871667
1086,1578,2664,0.688212927756654
1061,1537,2598,0.690305790500976
1014,1476,2490,0.6869918699186992
1147,1629,2776,0.7041129527317372
1112,1577,2689,0.7051363348129359
898,1534,2432,0.5853976531942634
1131,1627,2758,0.6951444376152428
804,1587,2391,0.5066162570888468
995,1686,2681,0.5901542111506525
1078,1749,2827,0.6163522012578616
1022,1556,2578,0.6568123393316195
1017,1818,2835,0.5594059405940595
889,1699,2588,0.5232489699823426
900,1543,2443,0.5832793259883344
1287,1758,3045,0.7320819112627986
1006,1441,2447,0.6981263011797363
976,1731,2707,0.5638359329867129
873,1419,2292,0.6152219873150105
1060,1708,2768,0.6206088992974239
1117,1768,2885,0.6317873303167421
1072,1717,2789,0.6243447874199185
792,1278,2070,0.6197183098591549
971,1482,2453,0.655195681511471
921,1291,2212,0.713400464756003
1060,1568,2628,0.6760204081632653
1134,1651,2785,0.6868564506359782
1043,1540,2583,0.6772727272727272
1064,1479,2543,0.7194050033806626
1001,1446,2447,0.6922544951590595
962,1333,2295,0.7216804201050263
1126,1429,2555,0.787963610916725
1098,1640,2738,0.6695121951219513
1025,1336,2361,0.7672155688622755
1149,1517,2666,0.7574159525379037
1036,1358,2394,0.7628865979381443
1053,1504,2557,0.7001329787234043
1123,1636,2759,0.6864303178484108
1067,1616,2683,0.6602722772277227
1102,1516,2618,0.7269129287598944
1034,1633,2667,0.6331904470300062
1069,1458,2527,0.733196159122085
1038,1481,2519,0.700877785280216
1027,1283,2310,0.8004676539360873
1082,1490,2572,0.7261744966442953
979,1394,2373,0.7022955523672884
948,1566,2514,0.6053639846743295
1000,1178,2178,0.8488964346349746
1030,1500,2530,0.6866666666666666
1096,1463,2559,0.7491455912508544
1000,1468,2468,0.6811989100817438
1103,1606,2709,0.686799501867995
1132,1512,2644,0.7486772486772487
1027,1491,2518,0.6887994634473508
1195,1645,2840,0.7264437689969605
1147,1698,2845,0.6755005889281508
1100,1587,2687,0.6931316950220542
977,1478,2455,0.6610284167794317
1096,1480,2576,0.7405405405405405
1187,1775,2962,0.6687323943661971
1107,1322,2429,0.8373676248108926
1055,1538,2593,0.6859557867360208
938,1488,2426,0.6303763440860215
1062,1608,2670,0.6604477611940298
849,1316,2165,0.6451367781155015
1036,1627,2663,0.6367547633681623
883,1476,2359,0.5982384823848238
964,1528,2492,0.6308900523560209
1041,1576,2617,0.6605329949238579
1036,1405,2441,0.7373665480427046
1019,1563,2582,0.6519513755598209
1121,1638,2759,0.6843711843711844
1022,1530,2552,0.6679738562091503
993,1343,2336,0.7393894266567387
943,1353,2296,0.696969696969697
1034,1439,2473,0.718554551772064
953,1310,2263,0.7274809160305343
1075,1546,2621,0.6953428201811126
958,1601,2559,0.5983760149906309
915,1465,2380,0.6245733788395904
821,1651,2472,0.4972743791641429
933,1602,2535,0.5823970037453183
1010,1535,2545,0.6579804560260586
937,1718,2655,0.5454016298020955
819,1598,2417,0.5125156445556946
1015,1480,2495,0.6858108108108109
806,1517,2323,0.5313117996044825
926,1591,2517,0.5820238843494657
953,1530,2483,0.6228758169934641
809,1252,2061,0.6461661341853036
867,1507,2374,0.5753151957531519
956,1527,2483,0.6260641781270465
766,1207,1973,0.6346313173156587
1253,1574,2827,0.7960609911054638
998,1556,2554,0.6413881748071979
1126,1588,2714,0.7090680100755667
974,1536,2510,0.6341145833333334
933,1475,2408,0.632542372881356
902,1576,2478,0.5723350253807107
1019,1713,2732,0.5948628137769995
832,1362,2194,0.6108663729809104
948,1529,2477,0.6200130804447351
964,1531,2495,0.6296538210320052
849,1289,2138,0.6586501163692785
1202,1627,2829,0.7387830362630609
835,1165,2000,0.7167381974248928
962,1497,2459,0.642618570474282
961,1416,2377,0.6786723163841808
1000,1739,2739,0.5750431282346176
866,1396,2262,0.6203438395415473
851,1335,2186,0.6374531835205992
923,1354,2277,0.6816838995568686
909,1311,2220,0.6933638443935927
1018,1435,2453,0.7094076655052265
911,1371,2282,0.6644784828592268
1195,1620,2815,0.7376543209876543
1025,1623,2648,0.6315465187923598
904,1615,2519,0.5597523219814241
914,1457,2371,0.6273164035689773
736,1259,1995,0.5845909451945989
1051,1568,2619,0.670280612244898
1041,1550,2591,0.6716129032258065
1002,1557,2559,0.6435452793834296
859,1271,2130,0.6758457907159717
1057,1665,2722,0.6348348348348348
969,1410,2379,0.6872340425531915
1191,1733,2924,0.6872475476053087
1009,1559,2568,0.6472097498396407
1001,1494,2495,0.6700133868808568
1004,1713,2717,0.5861062463514303
755,1487,2242,0.50773369199731
640,1109,1749,0.5770964833183048
1007,1615,2622,0.6235294117647059
955,1550,2505,0.6161290322580645
930,1528,2458,0.6086387434554974
958,1563,2521,0.6129238643634037
925,1416,2341,0.6532485875706214
1247,1759,3006,0.7089255258669699
967,1598,2565,0.6051314142678348
914,1485,2399,0.6154882154882155
730,1276,2006,0.5721003134796239
1048,1345,2393,0.779182156133829
981,1526,2507,0.6428571428571429
1003,1545,2548,0.6491909385113268
864,1186,2050,0.7284991568296796
928,1504,2432,0.6170212765957447
765,1261,2026,0.6066613798572561
895,1375,2270,0.6509090909090909
1214,1674,2888,0.7252090800477897
974,1640,2614,0.5939024390243902
918,1406,2324,0.6529160739687055
953,1471,2424,0.6478585995921142
941,1366,2307,0.6888726207906296
774,1286,2060,0.6018662519440124
822,1470,2292,0.5591836734693878
801,1430,2231,0.5601398601398602
1021,1516,2537,0.6734828496042217
961,1539,2500,0.6244314489928525
868,1495,2363,0.5806020066889632
1206,1825,3031,0.6608219178082192
927,1611,2538,0.5754189944134078
874,1448,2322,0.6035911602209945
974,1594,2568,0.6110414052697616
869,1416,2285,0.6137005649717514
1049,1494,2543,0.7021419009370816
952,1447,2399,0.6579129232895646
975,1464,2439,0.6659836065573771
940,1392,2332,0.6752873563218391
952,1644,2596,0.5790754257907542
1069,1639,2708,0.6522269676632093
1140,1488,2628,0.7661290322580645
877,1387,2264,0.6322999279019467
967,1490,2457,0.648993288590604
929,1427,2356,0.6510161177295024
1017,1527,2544,0.6660117878192534
996,1496,2492,0.6657754010695187
933,1450,2383,0.643448275862069
838,1329,2167,0.6305492851768246
788,1212,2000,0.6501650165016502
1089,1528,2617,0.712696335078534
871,1425,2296,0.6112280701754386
934,1520,2454,0.6144736842105263
1015,1508,2523,0.6730769230769231
1027,1547,2574,0.6638655462184874
972,1592,2564,0.6105527638190955
954,1561,2515,0.6111467008327995
1000,1569,2569,0.6373486297004461
996,1480,2476,0.672972972972973
977,1560,2537,0.6262820512820513
871,1456,2327,0.5982142857142857
946,1492,2438,0.6340482573726541
978,1486,2464,0.65814266487214
822,1309,2131,0.6279602750190986
1218,1615,2833,0.7541795665634675
1028,1639,2667,0.6272117144600367
988,1513,2501,0.6530072703238599
1024,1615,2639,0.6340557275541796
1013,1656,2669,0.6117149758454107
957,1545,2502,0.6194174757281553
998,1611,2609,0.6194909993792675
987,1476,2463,0.6686991869918699
915,1380,2295,0.6630434782608695
942,1653,2595,0.5698729582577132
978,1602,2580,0.6104868913857678
902,1657,2559,0.544357272178636
917,1693,2610,0.5416420555227407
890,1574,2464,0.565438373570521
883,1432,2315,0.6166201117318436
939,1521,2460,0.6173570019723866
874,1524,2398,0.573490813648294
971,1449,2420,0.6701173222912353
976,1516,2492,0.6437994722955145
1011,1522,2533,0.664257555847569
893,1393,2286,0.6410624551328069
1166,1570,2736,0.7426751592356687
996,1607,2603,0.6197884256378344
1117,1605,2722,0.6959501557632399
1009,1697,2706,0.5945786682380672
1002,1667,2669,0.6010797840431914
972,1528,2500,0.6361256544502618
940,1553,2493,0.6052801030264006
860,1511,2371,0.5691594970218399
946,1470,2416,0.6435374149659864
997,1413,2410,0.7055909412597311
1040,1573,2613,0.6611570247933884
1152,1586,2738,0.7263556116015133
904,1365,2269,0.6622710622710622
985,1573,2558,0.6261919898283534
1074,1619,2693,0.663372452130945
1042,1482,2524,0.7031039136302294
1077,1523,2600,0.7071569271175312
994,1515,2509,0.6561056105610561
923,1562,2485,0.5909090909090909
898,1586,2484,0.5662042875157629
983,1345,2328,0.7308550185873606
997,1555,2552,0.6411575562700965
1164,1489,2653,0.7817327065144393
1056,1550,2606,0.6812903225806451
1017,1468,2485,0.6927792915531336
1021,1536,2557,0.6647135416666666
951,1348,2299,0.7054896142433235
1041,1534,2575,0.6786179921773142
983,1467,2450,0.6700749829584185
1036,1575,2611,0.6577777777777778
1010,1559,2569,0.6478511866581141
1023,1522,2545,0.6721419185282523
1099,1632,2731,0.6734068627450981
1201,1612,2813,0.7450372208436724
1037,1489,2526,0.6964405641370047
957,1436,2393,0.6664345403899722
886,1386,2272,0.6392496392496393
913,1511,2424,0.6042356055592323
1021,1619,2640,0.6306361951822113
965,1424,2389,0.6776685393258427
992,1575,2567,0.6298412698412699
1046,1586,2632,0.6595208070617906
1054,1554,2608,0.6782496782496783
1004,1404,2408,0.7150997150997151
1058,1568,2626,0.6747448979591837
965,1517,2482,0.6361239288068556
1127,1646,2773,0.6846901579586877
1022,1622,2644,0.6300863131935882
1064,1480,2544,0.7189189189189189
1014,1576,2590,0.6434010152284264
1110,1562,2672,0.7106274007682458
928,1525,2453,0.6085245901639345
976,1560,2536,0.6256410256410256
1063,1615,2678,0.6582043343653251
806,1076,1882,0.7490706319702602
1098,1517,2615,0.7237969676994067
1028,1550,2578,0.6632258064516129
947,1266,2213,0.7480252764612955
1092,1563,2655,0.6986564299424184
940,1641,2581,0.5728214503351615
1062,1638,2700,0.6483516483516484
1001,1569,2570,0.6379859783301466
1024,1527,2551,0.6705959397511461
1034,1637,2671,0.6316432498472816
964,1562,2526,0.617157490396927
1025,1703,2728,0.6018790369935408
1219,1491,2710,0.8175720992622401
1176,1639,2815,0.7175106772422208
471,655,1126,0.7190839694656489
911,1400,2311,0.6507142857142857
994,1593,2587,0.6239799121155053
1022,1700,2722,0.6011764705882353
936,1472,2408,0.6358695652173914
930,1479,2409,0.6288032454361054
984,1573,2557,0.6255562619198983
888,1484,2372,0.5983827493261455
958,1550,2508,0.6180645161290322
1020,1583,2603,0.6443461781427668
1231,1509,2740,0.8157720344599072
986,1713,2699,0.5755983654407473
1072,1673,2745,0.6407650926479378
1041,1629,2670,0.6390423572744015
912,1500,2412,0.608
946,1554,2500,0.6087516087516087
799,1203,2002,0.6641729010806318
850,1735,2585,0.4899135446685879
1182,1686,2868,0.701067615658363
1227,1638,2865,0.7490842490842491
1097,1388,2485,0.7903458213256485
1248,1653,2901,0.7549909255898367
1131,1675,2806,0.6752238805970149
1271,1725,2996,0.7368115942028985
1057,1499,2556,0.705136757838559
1130,1358,2488,0.8321060382916053
1034,1499,2533,0.6897931954636425
1049,1531,2580,0.6851730894839974
1105,1596,2701,0.6923558897243107
1183,1715,2898,0.689795918367347
1314,1817,3131,0.7231700605393506
1165,1483,2648,0.7855697909642616
1269,1609,2878,0.7886886264760721
1264,1580,2844,0.8
1310,1509,2819,0.8681245858184228
1359,1680,3039,0.8089285714285714
1180,1602,2782,0.7365792759051186
1238,1682,2920,0.7360285374554102
1168,1557,2725,0.7501605651894669
1238,1658,2896,0.7466827503015682
1156,1525,2681,0.7580327868852459
1041,1442,2483,0.7219140083217753
1101,1574,2675,0.6994917407878017
1152,1689,2841,0.6820603907637656
1121,1634,2755,0.686046511627907
1100,1617,2717,0.6802721088435374
1142,1414,2556,0.8076379066478077
1125,1699,2824,0.6621542083578575
1162,1684,2846,0.6900237529691211
1214,1680,2894,0.7226190476190476
1149,1553,2702,0.7398583386992917
1140,1531,2671,0.744611365120836
1238,1767,3005,0.7006225240520656
1106,1593,2699,0.6942875078468299
1065,1577,2642,0.6753329105897273
1176,1588,2764,0.7405541561712846
1170,1570,2740,0.7452229299363057
1155,1668,2823,0.6924460431654677
1289,1887,3176,0.6830948595654478
1088,1636,2724,0.6650366748166259
1096,1650,2746,0.6642424242424242
1502,2345,3847,0.6405117270788913
1393,2037,3430,0.6838487972508591
1424,2401,3825,0.5930862140774678
1244,1996,3240,0.6232464929859719
1274,2207,3481,0.577254191209787
1470,2353,3823,0.624734381640459
1532,2428,3960,0.6309719934102141
884,1454,2338,0.6079779917469051
1496,2393,3889,0.6251567070622649
1713,2377,4090,0.7206562894404712
1419,2539,3958,0.5588814493895234
1449,2563,4012,0.5653531018337885
1820,2198,4018,0.8280254777070064
681,1118,1799,0.6091234347048301
1247,1970,3217,0.632994923857868
1331,2212,3543,0.6017179023508138
785,1319,2104,0.5951478392721758
998,1707,2705,0.5846514352665495
1246,1827,3073,0.6819923371647509
1267,1881,3148,0.6735778841041999
1094,1721,2815,0.6356769320162696
1332,1842,3174,0.7231270358306189
1062,1791,2853,0.592964824120603
1269,2044,3313,0.6208414872798435
1163,1666,2829,0.698079231692677
976,1698,2674,0.574793875147232
1171,1930,3101,0.6067357512953367
1292,1957,3249,0.6601941747572816
1085,1835,2920,0.5912806539509536
1259,1809,3068,0.6959646213377557
1115,1821,2936,0.6123009335529929
1197,1795,2992,0.6668523676880223
1018,1594,2612,0.6386449184441656
1197,1843,3040,0.6494845360824743
975,1502,2477,0.6491344873501997
1241,1961,3202,0.6328403875573687
1227,1866,3093,0.657556270096463
926,1581,2507,0.5857052498418722
1061,1342,2403,0.7906110283159463
1189,1922,3111,0.6186264308012487
1245,1668,2913,0.7464028776978417
1114,1791,2905,0.621998883305416
1067,1694,2761,0.6298701298701299
1204,1969,3173,0.611477907567293
1216,1852,3068,0.6565874730021598
1149,1747,2896,0.6576989124212936
824,1403,2227,0.5873129009265858
1245,1727,2972,0.7209033005211349
1073,1635,2708,0.6562691131498471
1240,1718,2958,0.7217694994179278
1243,1765,3008,0.7042492917847025
1263,1753,3016,0.7204791785510554
1258,1728,2986,0.7280092592592593
1198,1882,3080,0.6365568544102019
1263,1809,3072,0.6981757877280266
1107,1555,2662,0.7118971061093248
1219,1963,3182,0.6209882832399388
1200,1910,3110,0.6282722513089005
1215,1818,3033,0.6683168316831684
1133,1802,2935,0.6287458379578247
1214,1955,3169,0.6209718670076726
1087,1763,2850,0.6165626772546795
1144,1930,3074,0.5927461139896373
1177,1845,3022,0.637940379403794
1158,1762,2920,0.6572077185017026
1123,1798,2921,0.6245828698553949
1193,1806,2999,0.6605758582502769
1145,1738,2883,0.6588032220943614
1074,1668,2742,0.6438848920863309
1126,1711,2837,0.6580946814728229
1249,1731,2980,0.7215482380127094
968,1417,2385,0.6831333803810868
1198,1739,2937,0.6889016676250719
1240,1720,2960,0.7209302325581395
1316,1858,3174,0.7082884822389667
1067,1795,2862,0.5944289693593314
1048,1714,2762,0.6114352392065344
1052,2045,3097,0.5144254278728606
1161,1844,3005,0.6296095444685467
1128,1816,2944,0.6211453744493393
1191,1894,3085,0.6288278775079198
1099,1844,2943,0.5959869848156182
1066,1743,2809,0.6115892139988526
958,1552,2510,0.6172680412371134
1120,1843,2963,0.6077048290830168
1222,1760,2982,0.6943181818181818
1278,1891,3169,0.6758328926493918
983,1598,2581,0.6151439299123905
1264,1825,3089,0.6926027397260274
1125,1733,2858,0.6491633006347375
1221,1780,3001,0.6859550561797753
1058,1674,2732,0.6320191158900836
1134,1847,2981,0.6139685977260422
1115,1854,2969,0.6014023732470335
1022,1653,2675,0.6182698124621899
1200,1903,3103,0.6305832895428272
983,1549,2532,0.6346029696578438
1193,1702,2895,0.700940070505288
1118,1670,2788,0.6694610778443114
1042,1528,2570,0.6819371727748691
1132,1760,2892,0.6431818181818182
1289,1837,3126,0.7016875340228633
1150,1743,2893,0.6597819850831899
1250,1914,3164,0.6530825496342738
1082,1636,2718,0.6613691931540342
1045,1679,2724,0.6223942823108993
950,1485,2435,0.6397306397306397
1007,1670,2677,0.6029940119760479
1203,1893,3096,0.6354992076069731
1167,1626,2793,0.7177121771217713
1024,1690,2714,0.6059171597633136
1121,1794,2915,0.624860646599777
1124,1637,2761,0.6866218692730605
1074,1828,2902,0.587527352297593
987,1646,2633,0.5996354799513973
975,1697,2672,0.5745433117265764
1024,1665,2689,0.615015015015015
1067,1868,2935,0.5711991434689507
1164,1788,2952,0.6510067114093959
1082,1741,2823,0.6214819069500287
801,1371,2172,0.5842450765864332
1088,1697,2785,0.6411314083677078
1117,1650,2767,0.676969696969697
1376,1840,3216,0.7478260869565218
636,1082,1718,0.5878003696857671
1176,1815,2991,0.6479338842975206
1229,1760,2989,0.6982954545454545
1117,1710,2827,0.6532163742690058
1192,1781,2973,0.6692869174620999
1044,1608,2652,0.6492537313432836
957,1592,2549,0.6011306532663316
1079,1707,2786,0.6321031048623316
1057,1595,2652,0.6626959247648903
996,1710,2706,0.5824561403508772
1013,1660,2673,0.6102409638554217
1261,1786,3047,0.706047032474804
1094,1836,2930,0.5958605664488017
1128,1758,2886,0.6416382252559727
1068,1780,2848,0.6
1155,1843,2998,0.626695604991861
994,1693,2687,0.5871234494979327
1007,1712,2719,0.5882009345794392
1176,1789,2965,0.6573504751257686
1130,1877,3007,0.6020245071923281
1129,1821,2950,0.6199890170236134
1007,1629,2636,0.61817065684469
1173,1795,2968,0.6534818941504178
1018,1549,2567,0.657198192382182
1269,1898,3167,0.6685985247629084
707,1395,2102,0.5068100358422939
1075,1754,2829,0.612884834663626
1146,1875,3021,0.6112
989,1449,2438,0.6825396825396826
1220,1818,3038,0.671067106710671
1011,1936,2947,0.5222107438016529
1045,1716,2761,0.6089743589743589
1363,2246,3609,0.6068566340160285
1097,1706,2803,0.6430246189917936
1304,2182,3486,0.5976168652612283
1176,1886,3062,0.623541887592789
1090,1872,2962,0.5822649572649573
1215,1985,3200,0.6120906801007556
1160,1758,2918,0.6598407281001137
991,1610,2601,0.615527950310559
1140,1727,2867,0.6601042269832079
1115,1959,3074,0.5691679428279734
1081,1863,2944,0.5802469135802469
1181,1639,2820,0.7205613178767541
1142,1869,3011,0.6110219368646335
1064,1914,2978,0.5559038662486938
1076,1892,2968,0.5687103594080338
1478,1885,3363,0.7840848806366048
1040,1441,2481,0.7217210270645386
1227,1787,3014,0.6866256295467263
1083,1597,2680,0.678146524733876
471,701,1172,0.6718972895863052
841,1439,2280,0.5844336344683808
1280,1918,3198,0.6673618352450469
1083,1519,2602,0.7129690585911784
1184,1557,2741,0.76043673731535
1171,1560,2731,0.7506410256410256
1586,2186,3772,0.7255260750228728
1090,1708,2798,0.6381733021077284
1251,1809,3060,0.6915422885572139
861,1335,2196,0.6449438202247191
1077,1685,2762,0.6391691394658754
1353,1939,3292,0.6977823620422898
908,1424,2332,0.6376404494382022
1150,1848,2998,0.6222943722943723
1059,1892,2951,0.5597251585623678
1297,1821,3118,0.7122460186710599
1230,1965,3195,0.6259541984732825
972,1483,2455,0.655428186109238
1283,1796,3079,0.7143652561247216
1247,1832,3079,0.6806768558951966
1293,1740,3033,0.743103448275862
1126,1602,2728,0.7028714107365793
1441,1989,3430,0.7244846656611362
1367,2137,3504,0.6396817969115582
1306,1690,2996,0.7727810650887574
1034,1774,2808,0.5828635851183765
1008,1725,2733,0.5843478260869566
757,1164,1921,0.6503436426116839
1141,1746,2887,0.6534936998854525
1274,1770,3044,0.7197740112994351
988,1434,2422,0.6889818688981869
1252,1686,2938,0.7425860023724793
1218,1792,3010,0.6796875
1384,1937,3321,0.7145069695405266
1093,1738,2831,0.6288837744533947
1274,1854,3128,0.6871628910463862
1130,1652,2782,0.6840193704600485
1200,1862,3062,0.644468313641246
1106,1895,3001,0.5836411609498681
1179,1827,3006,0.645320197044335
1108,1735,2843,0.6386167146974063
1104,1859,2963,0.5938676707907478
1237,1875,3112,0.6597333333333333
1318,2057,3375,0.6407389402041809
1153,1881,3034,0.6129718234981393
1133,1906,3039,0.5944386149003148
1257,1855,3112,0.6776280323450135
941,1584,2525,0.5940656565656566
1207,1878,3085,0.6427050053248137
1129,1636,2765,0.6900977995110025
991,1594,2585,0.6217063989962359
1235,1811,3046,0.6819436775262286
1446,2044,3490,0.7074363992172211
1285,1825,3110,0.7041095890410959
1281,1908,3189,0.6713836477987422
1341,1916,3257,0.6998956158663883
1127,1985,3112,0.5677581863979849
1242,1613,2855,0.7699938003719777
1184,1936,3120,0.6115702479338843
1040,1707,2747,0.6092560046865847
1056,1789,2845,0.5902738960313024
1061,1912,2973,0.5549163179916318
1012,1986,2998,0.5095669687814703
1095,1733,2828,0.6318522792844777
1022,1852,2874,0.5518358531317494
1218,1864,3082,0.6534334763948498
1193,1862,3055,0.6407089151450054
1489,2089,3578,0.7127812350406894
1094,1883,2977,0.580987785448752
1320,2024,3344,0.6521739130434783
1358,1941,3299,0.6996393611540443
1181,1967,3148,0.6004067107269955
882,1465,2347,0.6020477815699659
864,1388,2252,0.622478386167147
1456,2465,3921,0.5906693711967546
495,1089,1584,0.4545454545454545
697,1479,2176,0.4712643678160919
988,1682,2670,0.5873959571938169
1263,1775,3038,0.7115492957746479
1723,2279,4002,0.7560333479596314
1613,1958,3571,0.823799795709908
1112,1555,2667,0.715112540192926
639,651,1290,0.9815668202764976
1195,1539,2734,0.7764782326185835
188,296,484,0.6351351351351351
186,126,312,1.4761904761904765
1021,1142,2163,0.8940455341506129
276,385,661,0.7168831168831169
574,1027,1601,0.5589094449853943
868,1071,1939,0.8104575163398693
221,339,560,0.6519174041297935
192,171,363,1.1228070175438596
321,227,548,1.4140969162995596
166,255,421,0.6509803921568628
111,166,277,0.6686746987951807
215,161,376,1.3354037267080745
544,541,1085,1.0055452865064696
774,805,1579,0.9614906832298136
1046,1022,2068,1.0234833659491194
622,716,1338,0.8687150837988827
1712,1707,3419,1.0029291154071471
1240,2266,3506,0.5472197705207414
2176,1903,4079,1.1434576983709932
1652,2324,3976,0.7108433734939759
1566,2163,3729,0.723994452149792
1315,1938,3253,0.6785345717234262
1081,1683,2764,0.6423054070112894
802,1153,1955,0.6955767562879445
655,975,1630,0.6717948717948717
1498,2597,4095,0.5768194070080862
1242,1748,2990,0.7105263157894737
1321,1978,3299,0.6678463094034378
1470,2069,3539,0.7104881585306911
1370,2078,3448,0.6592877767083735
801,1207,2008,0.6636288318144159
1046,1843,2889,0.5675529028757461
1091,1659,2750,0.6576250753465943
926,1419,2345,0.6525722339675828
1156,2159,3315,0.5354330708661418
1341,2149,3490,0.6240111679851094
991,1637,2628,0.6053756872327428
1260,1874,3134,0.6723585912486659
878,1435,2313,0.6118466898954704
1340,2501,3841,0.5357856857257097
1076,1982,3058,0.5428859737638748
1312,1926,3238,0.6812045690550363
1376,2015,3391,0.68287841191067
1339,1790,3129,0.7480446927374301
1403,2390,3793,0.5870292887029289
1619,2239,3858,0.7230906654756588
1491,2502,3993,0.5959232613908872
962,1787,2749,0.5383324006715166
1307,1785,3092,0.7322128851540616
1671,2393,4064,0.69828666945257
1090,1795,2885,0.6072423398328691
857,1514,2371,0.5660501981505944
988,1321,2309,0.7479182437547313
1354,1915,3269,0.7070496083550913
1376,1855,3231,0.7417789757412399
1215,1785,3000,0.680672268907563
1535,1987,3522,0.7725213890286865
916,1823,2739,0.5024684585847504
1138,2188,3326,0.520109689213894
1162,1829,2991,0.6353198469108803
1071,1772,2843,0.6044018058690744
1402,2453,3855,0.5715450468813698
742,1256,1998,0.5907643312101911
1354,2517,3871,0.5379419944378228
1582,2328,3910,0.679553264604811
1590,2234,3824,0.711727842435094
1496,2171,3667,0.6890833717181023
1555,2458,4013,0.6326281529698943
1654,2370,4024,0.6978902953586498
1655,2438,4093,0.6788351107465135
260,583,843,0.4459691252144082
1358,2411,3769,0.563251762754044
1326,2087,3413,0.635361763296598
1422,2460,3882,0.5780487804878048
1099,1543,2642,0.712248865845755
1700,2365,4065,0.718816067653277
1538,2350,3888,0.654468085106383
1060,1837,2897,0.5770277626565051
1351,2584,3935,0.5228328173374613
1276,2545,3821,0.5013752455795678
1266,2379,3645,0.532156368221942
1803,2211,4014,0.8154681139755766
1559,2164,3723,0.7204251386321626
1531,2418,3949,0.6331679073614558
1695,2324,4019,0.7293459552495697
1783,2193,3976,0.8130414956680346
2006,1917,3923,1.0464267083985397
1682,2083,3765,0.8074891982717235
1042,1657,2699,0.6288473144236573
1377,2268,3645,0.6071428571428571
1698,1459,3157,1.163810829335161
1749,1993,3742,0.877571500250878
1636,1847,3483,0.8857606930157012
1541,1799,3340,0.8565869927737632
1561,2244,3805,0.6956327985739751
1830,2232,4062,0.8198924731182796
1674,2308,3982,0.7253032928942807
1575,1908,3483,0.8254716981132075
1296,1594,2890,0.8130489335006273
758,945,1703,0.8021164021164021
1464,1990,3454,0.735678391959799
1915,1799,3714,1.0644802668148972
1479,2059,3538,0.7183098591549296
1746,2081,3827,0.8390197020663143
1913,2046,3959,0.9349951124144672
1694,2012,3706,0.841948310139165
1596,2303,3899,0.6930091185410334
1065,1635,2700,0.6513761467889908
1449,1772,3221,0.8177200902934537
1682,2405,4087,0.6993762993762994
1100,2018,3118,0.5450941526263627
896,1299,2195,0.6897613548883756
934,1833,2767,0.5095471903982542
1557,2123,3680,0.7333961375412152
932,1524,2456,0.6115485564304461
1041,1840,2881,0.5657608695652174
1240,2011,3251,0.6166086524117355
1754,2273,4027,0.7716673999120106
1057,1895,2952,0.5577836411609499
995,1603,2598,0.620711166562695
999,1719,2718,0.581151832460733
875,1344,2219,0.6510416666666666
888,1586,2474,0.5598991172761665
1054,1692,2746,0.6229314420803782
1440,2557,3997,0.5631599530700039
1387,2628,4015,0.5277777777777778
1443,2535,3978,0.5692307692307692
973,1621,2594,0.6002467612584824
1027,2075,3102,0.4949397590361445
878,1429,2307,0.6144156752974108
1470,1964,3434,0.7484725050916496
1184,2630,3814,0.450190114068441
1193,2042,3235,0.5842311459353575
667,1359,2026,0.4908020603384841
1443,2365,3808,0.6101479915433404
1271,2154,3425,0.5900649953574745
1194,2262,3456,0.5278514588859416
969,1663,2632,0.5826819001803969
1104,2406,3510,0.4588528678304239
1076,1977,3053,0.5442589782498736
1213,2232,3445,0.5434587813620072
1213,2663,3876,0.4555013143071724
1459,1575,3034,0.9263492063492064
1459,2611,4070,0.5587897357334355
6,9,15,0.6666666666666666
48,6,54,8.0
1276,2048,3324,0.623046875
711,757,1468,0.9392338177014532
1222,1466,2688,0.8335607094133697
1701,1474,3175,1.1540027137042062
1516,1456,2972,1.0412087912087913
1786,1942,3728,0.9196704428424304
1756,1902,3658,0.9232386961093586
1334,2290,3624,0.5825327510917031
971,1432,2403,0.678072625698324
475,612,1087,0.7761437908496732
1740,2195,3935,0.7927107061503417
1676,2140,3816,0.7831775700934579
1531,1672,3203,0.9156698564593302
1409,1671,3080,0.8432076600837821
1756,2055,3811,0.8545012165450122
1111,1601,2712,0.6939412866958151
1349,1690,3039,0.7982248520710059
1467,2535,4002,0.578698224852071
1430,2591,4021,0.5519104592821305
439,641,1080,0.6848673946957878
948,1353,2301,0.7006651884700665
1298,2454,3752,0.5289323553382234
1416,2402,3818,0.5895087427144047
1422,2365,3787,0.6012684989429176
1177,2381,3558,0.494330113397732
1327,2379,3706,0.5577973938629677
1446,2617,4063,0.5525410775697364
1411,2672,4083,0.5280688622754491
1435,2545,3980,0.5638506876227898
1319,2192,3511,0.6017335766423357
1227,1977,3204,0.6206373292867982
1440,2591,4031,0.5557699729834041
1394,2563,3957,0.5438938743659774
1305,2350,3655,0.5553191489361702
1503,2563,4066,0.5864221615294577
1388,2387,3775,0.5814830330959363
1580,2495,4075,0.6332665330661322
1373,2360,3733,0.5817796610169491
1347,2322,3669,0.5801033591731266
1465,2148,3613,0.6820297951582868
1515,2453,3968,0.6176110884631064
1571,2477,4048,0.6342349616471538
1557,2443,4000,0.637331150225133
1485,2254,3739,0.6588287488908607
1406,2331,3737,0.6031746031746031
1499,2487,3986,0.6027342179332529
1536,2427,3963,0.6328800988875154
1426,1933,3359,0.7377133988618727
1200,1918,3118,0.6256517205422315
1285,2056,3341,0.625
1490,2478,3968,0.6012913640032284
1554,2373,3927,0.6548672566371682
1465,2254,3719,0.6499556344276841
1417,2435,3852,0.5819301848049281
1156,1704,2860,0.6784037558685446
1264,2072,3336,0.61003861003861
1319,2197,3516,0.6003641329085116
1296,2429,3725,0.5335529024289831
1201,2489,3690,0.4825231016472479
1158,2282,3440,0.5074496056091148
1487,2456,3943,0.6054560260586319
1092,2054,3146,0.5316455696202531
1453,2382,3835,0.6099916036943744
1451,2481,3932,0.58484482063684
1401,2329,3730,0.6015457277801631
1441,2465,3906,0.5845841784989858
1619,2447,4066,0.661626481405803
1343,2250,3593,0.5968888888888889
1635,2310,3945,0.7077922077922078
1528,2245,3773,0.6806236080178174
1605,2244,3849,0.7152406417112299
1058,1693,2751,0.6249261665682221
1462,2341,3803,0.6245194361384024
1425,2133,3558,0.6680731364275668
1445,2158,3603,0.669601482854495
1685,2318,4003,0.7269197584124245
1536,2352,3888,0.6530612244897959
1362,2164,3526,0.6293900184842883
1612,2452,4064,0.6574225122349103
1091,1775,2866,0.6146478873239437
960,1542,2502,0.622568093385214
832,1410,2242,0.5900709219858156
1364,2025,3389,0.6735802469135802
1341,2131,3472,0.6292820272172689
1188,1910,3098,0.6219895287958115
936,1282,2218,0.7301092043681747
825,1100,1925,0.75
1239,2193,3432,0.5649794801641587
1432,2103,3535,0.6809320019020447
1003,1435,2438,0.6989547038327526
819,1148,1967,0.7134146341463414
857,1136,1993,0.7544014084507042
1399,1916,3315,0.7301670146137788
574,995,1569,0.5768844221105528
827,1052,1879,0.7861216730038023
1381,1773,3154,0.7789058093626622
741,1108,1849,0.6687725631768953
1234,1652,2886,0.7469733656174334
810,1277,2087,0.6342991386061081
831,1482,2313,0.5607287449392713
1245,1727,2972,0.7209033005211349
987,1502,2489,0.6571238348868176
1441,1667,3108,0.8644271145770845
1131,1861,2992,0.6077377753895755
1308,1703,3011,0.7680563711098062
1582,2241,3823,0.7059348505131637
1543,2526,4069,0.6108471892319873
1516,2393,3909,0.6335144170497283
1335,2250,3585,0.5933333333333334
1770,2129,3899,0.8313762329732268
1741,2235,3976,0.7789709172259508
1138,1506,2644,0.7556440903054449
1740,2069,3809,0.8409859835669405
904,1107,2011,0.8166214995483289
1423,2048,3471,0.69482421875
1171,1441,2612,0.8126301179736294
1359,1861,3220,0.7302525523911876
1673,1995,3668,0.8385964912280702
942,1166,2108,0.8078902229845626
1433,1754,3187,0.8169897377423033
1320,1509,2829,0.8747514910536779
1488,2503,3991,0.5944866160607272
1114,1508,2622,0.7387267904509284
1444,1923,3367,0.750910036401456
1563,2327,3890,0.6716802750322304
1482,2382,3864,0.6221662468513854
1600,1950,3550,0.8205128205128205
601,1007,1608,0.5968222442899702
1757,2068,3825,0.8496131528046421
1616,2005,3621,0.8059850374064838
1594,2061,3655,0.7734109655507035
2164,348,2512,6.218390804597701
799,1176,1975,0.6794217687074829
1778,1988,3766,0.8943661971830986
1839,2141,3980,0.8589444184960299
1676,2107,3783,0.7954437588989084
1764,2069,3833,0.8525857902368293
1805,2204,4009,0.8189655172413793
1576,2270,3846,0.694273127753304
1012,983,1995,1.029501525940997
1458,1998,3456,0.7297297297297297
1632,2317,3949,0.7043590850237376
1376,1837,3213,0.749047359825803
1319,1716,3035,0.7686480186480187
1393,2038,3431,0.68351324828263
932,1436,2368,0.649025069637883
1462,1867,3329,0.7830744509908945
836,1438,2274,0.5813630041724618
1181,1514,2695,0.7800528401585205
1236,1474,2710,0.8385345997286295
1572,1955,3527,0.8040920716112532
1197,1577,2774,0.7590361445783133
1449,2031,3480,0.7134416543574594
1593,2176,3769,0.7320772058823529
1220,1615,2835,0.7554179566563467
1454,2557,4011,0.5686351192804068
1104,1947,3051,0.5670261941448382
1372,2265,3637,0.6057395143487859
1217,1760,2977,0.6914772727272728
1194,1811,3005,0.6593042517945886
1297,2111,3408,0.6144007579346281
1563,2506,4069,0.6237031125299282
1360,1911,3271,0.7116692830978545
1178,2156,3334,0.5463821892393321
1166,1888,3054,0.6175847457627118
1334,2170,3504,0.6147465437788019
1624,2102,3726,0.7725975261655567
1119,1703,2822,0.6570757486788021
1218,1719,2937,0.7085514834205934
1362,2087,3449,0.6526114039290848
1405,1923,3328,0.7306292251690067
1404,1891,3295,0.7424643046007403
1493,1751,3244,0.8526556253569388
295,338,633,0.8727810650887574
1735,1737,3472,0.9988485895221646
1423,2275,3698,0.6254945054945055
1670,2289,3959,0.7295762341633901
1266,2047,3313,0.618466047874939
1357,1706,3063,0.7954279015240329
911,1286,2197,0.7083981337480559
1619,2390,4009,0.6774058577405858
1553,2457,4010,0.6320716320716321
1614,2479,4093,0.6510689794271883
1568,2169,3737,0.722913785154449
1065,2057,3122,0.5177442877977637
1692,2345,4037,0.7215351812366738
1553,2215,3768,0.7011286681715576
84,154,238,0.5454545454545454
1645,2241,3886,0.7340473003123605
1404,2564,3968,0.5475819032761311
1411,1722,3133,0.8193960511033682
125,219,344,0.5707762557077626
458,698,1156,0.6561604584527221
1071,1032,2103,1.037790697674419
266,393,659,0.6768447837150128
286,397,683,0.7204030226700252
867,1303,2170,0.6653875671527245
1153,1533,2686,0.7521200260926288
861,1154,2015,0.7461005199306759
826,1168,1994,0.7071917808219178
242,553,795,0.4376130198915009
750,1201,1951,0.6244796003330558
516,736,1252,0.7010869565217391
560,819,1379,0.6837606837606838
1467,2114,3581,0.6939451277199622
1637,2335,3972,0.7010706638115631
1548,1849,3397,0.8372093023255814
601,975,1576,0.6164102564102564
1688,2232,3920,0.7562724014336918
1605,2046,3651,0.7844574780058651
1604,2485,4089,0.6454728370221328
1495,2360,3855,0.6334745762711864
1454,2558,4012,0.5684128225175918
588,1035,1623,0.5681159420289855
894,1653,2547,0.5408348457350273
1011,1503,2514,0.6726546906187625
1124,1670,2794,0.6730538922155689
847,1338,2185,0.633034379671151
771,1313,2084,0.5872048743335873
765,1213,1978,0.6306677658697445
693,1246,1939,0.5561797752808989
1125,1168,2293,0.9631849315068494
1031,2001,3032,0.5152423788105946
974,1721,2695,0.5659500290528763
751,1236,1987,0.6076051779935275
1191,2016,3207,0.5907738095238095
1154,1882,3036,0.6131774707757705
922,1306,2228,0.7059724349157733
875,1386,2261,0.6313131313131313
755,1268,2023,0.5954258675078864
782,1282,2064,0.609984399375975
1011,1777,2788,0.5689364096792346
832,987,1819,0.8429584599797366
815,1435,2250,0.5679442508710801
693,1273,1966,0.5443833464257659
644,1196,1840,0.5384615384615384
729,1499,2228,0.486324216144096
729,1110,1839,0.6567567567567567
551,815,1366,0.6760736196319018
664,1026,1690,0.6471734892787524
771,1137,1908,0.6781002638522428
822,1347,2169,0.6102449888641426
496,784,1280,0.6326530612244898
952,1497,2449,0.635938543754175
701,1216,1917,0.5764802631578947
868,1185,2053,0.7324894514767932
376,659,1035,0.5705614567526556
1191,1799,2990,0.6620344635908838
908,1415,2323,0.6416961130742049
613,952,1565,0.6439075630252101
722,1061,1783,0.6804901036757776
621,877,1498,0.7080957810718358
812,1315,2127,0.617490494296578
1113,1997,3110,0.557336004006009
625,1142,1767,0.5472854640980735
854,1540,2394,0.5545454545454546
800,1098,1898,0.7285974499089253
814,1124,1938,0.7241992882562278
770,1042,1812,0.7389635316698656
918,1485,2403,0.6181818181818182
1045,1611,2656,0.6486654252017381
942,1543,2485,0.61049902786779
1130,1536,2666,0.7356770833333334
820,1618,2438,0.5067985166872683
776,1425,2201,0.5445614035087719
623,1087,1710,0.5731370745170193
696,1131,1827,0.6153846153846154
610,997,1607,0.6118355065195586
811,1416,2227,0.5727401129943502
926,1484,2410,0.623989218328841
650,1107,1757,0.5871725383920506
998,1582,2580,0.6308470290771175
880,1290,2170,0.6821705426356589
1169,1865,3034,0.6268096514745308
765,1269,2034,0.6028368794326241
766,1179,1945,0.6497031382527566
886,1262,2148,0.7020602218700476
1239,1513,2752,0.8189028420356906
953,1357,2310,0.7022844509948416
803,1607,2410,0.4996888612321095
776,1073,1849,0.723205964585275
487,828,1315,0.5881642512077294
999,1666,2665,0.5996398559423769
599,953,1552,0.6285414480587618
624,1029,1653,0.6064139941690962
564,933,1497,0.6045016077170418
917,1549,2466,0.591994835377663
589,1175,1764,0.5012765957446809
648,1016,1664,0.6377952755905512
668,1073,1741,0.6225535880708295
973,1323,2296,0.7354497354497355
628,1116,1744,0.5627240143369175
663,917,1580,0.7230098146128681
1310,1715,3025,0.7638483965014577
1056,1560,2616,0.676923076923077
596,1556,2152,0.3830334190231362
917,1366,2283,0.671303074670571
675,998,1673,0.6763527054108216
688,900,1588,0.7644444444444445
647,985,1632,0.6568527918781726
850,787,1637,1.0800508259212198
464,884,1348,0.5248868778280543
559,598,1157,0.9347826086956522
556,558,1114,0.996415770609319
612,894,1506,0.6845637583892618
417,596,1013,0.6996644295302014
762,938,1700,0.8123667377398721
841,1039,1880,0.809432146294514
716,1154,1870,0.6204506065857885
501,712,1213,0.7036516853932584
860,1158,2018,0.7426597582037997
854,1226,2080,0.6965742251223491
1082,1371,2453,0.7892049598832969
484,819,1303,0.590964590964591
601,1048,1649,0.5734732824427481
944,1604,2548,0.5885286783042394
450,859,1309,0.5238649592549476
889,1431,2320,0.6212438853948288
753,1306,2059,0.5765696784073507
1464,2577,4041,0.5681024447031432
1503,2507,4010,0.5995213402473075
2119,194,2313,10.922680412371134
1633,2419,4052,0.6750723439437785
503,683,1186,0.7364568081991215
1541,2093,3634,0.7362637362637363
177,261,438,0.6781609195402298
761,585,1346,1.300854700854701
1542,2235,3777,0.6899328859060403
1789,2207,3996,0.8106026280018124
1499,2025,3524,0.740246913580247
1948,1614,3562,1.2069392812887236
1709,548,2257,3.1186131386861318
1826,1733,3559,1.053664166185805
1559,2369,3928,0.6580835795694386
979,1582,2561,0.6188369152970923
1274,2224,3498,0.572841726618705
1318,1725,3043,0.7640579710144928
1095,1370,2465,0.7992700729927007
1529,2518,4047,0.6072279586973789
1240,1875,3115,0.6613333333333333
1203,1617,2820,0.7439703153988868
1427,2162,3589,0.6600370027752082
955,1508,2463,0.633289124668435
1119,1559,2678,0.7177677998717127
1831,1939,3770,0.9443011861784424
1623,2207,3830,0.7353874037154509
1497,1976,3473,0.7575910931174089
1420,2669,4089,0.532034469838891
1718,2020,3738,0.8504950495049505
1288,1898,3186,0.678609062170706
1309,1879,3188,0.6966471527408196
1883,2195,4078,0.8578587699316629
1100,1445,2545,0.7612456747404844
1364,1807,3171,0.7548422800221362
1619,2369,3988,0.6834107218235542
874,1078,1952,0.8107606679035251
1532,2307,3839,0.6640658864325965
1023,1693,2716,0.6042528056704075
1213,1684,2897,0.7203087885985748
1135,1396,2531,0.8130372492836676
1889,2206,4095,0.8563009972801451
1598,2393,3991,0.6677810279983285
1555,2446,4001,0.6357318070318888
1627,2331,3958,0.697983697983698
1584,2497,4081,0.6343612334801763
1481,2301,3782,0.6436332029552368
1263,2050,3313,0.6160975609756097
462,859,1321,0.5378346915017462
421,633,1054,0.665086887835703
1559,2497,4056,0.6243492190628754
1722,2362,4084,0.729043183742591
1294,2239,3533,0.5779365788298347
1535,2217,3752,0.6923770861524583
1607,2444,4051,0.6575286415711947
1187,1647,2834,0.7207043108682453
137,147,284,0.9319727891156464
446,720,1166,0.6194444444444445
122,101,223,1.207920792079208
409,550,959,0.7436363636363637
92,124,216,0.7419354838709677
582,687,1269,0.8471615720524017
115,131,246,0.8778625954198473
48,59,107,0.8135593220338984
193,203,396,0.9507389162561576
326,430,756,0.7581395348837209
169,164,333,1.0304878048780488
931,1190,2121,0.7823529411764706
1335,2067,3402,0.6458635703918723
1636,2231,3867,0.7333034513671
957,1605,2562,0.5962616822429907
1456,2570,4026,0.5665369649805447
1270,1832,3102,0.6932314410480349
821,1638,2459,0.5012210012210012
1245,1341,2586,0.9284116331096196
907,1534,2441,0.5912646675358539
1096,1381,2477,0.7936278059377263
1505,2385,3890,0.6310272536687631
1469,1438,2907,1.021557719054242
1109,1984,3093,0.5589717741935484
1386,2687,4073,0.5158168961667287
1152,1811,2963,0.6361126449475428
1616,2466,4082,0.6553122465531225
1447,2358,3805,0.6136556403731976
1136,1869,3005,0.6078116639914393
1033,1903,2936,0.5428271150814503
1080,1718,2798,0.6286379511059371
1085,1676,2761,0.6473747016706444
1022,1751,2773,0.5836664762992576
1099,1585,2684,0.6933753943217665
1079,1713,2792,0.6298890834792761
869,1525,2394,0.5698360655737705
1018,1603,2621,0.6350592638802246
1192,1921,3113,0.6205101509630401
1176,1995,3171,0.5894736842105263
1011,1814,2825,0.5573318632855567
982,1728,2710,0.5682870370370371
802,1140,1942,0.7035087719298245
921,1378,2299,0.6683599419448476
1102,1755,2857,0.627920227920228
1118,1737,2855,0.6436384571099597
978,1496,2474,0.6537433155080213
1052,1722,2774,0.610917537746806
1104,1764,2868,0.6258503401360545
1145,1753,2898,0.6531660011409013
1065,1867,2932,0.5704338510980183
1080,1603,2683,0.6737367436057392
1206,1819,3025,0.663001649257834
994,1562,2556,0.6363636363636364
1116,1841,2957,0.6061922868006518
951,1684,2635,0.5647268408551069
1121,1553,2674,0.7218287186091435
1181,1669,2850,0.70760934691432
991,1688,2679,0.5870853080568721
1197,1794,2991,0.6672240802675585
1077,1493,2570,0.7213663764233088
1098,1890,2988,0.580952380952381
1073,1759,2832,0.6100056850483229
1215,1807,3022,0.6723851687880464
1174,1931,3105,0.6079751424132573
1092,1831,2923,0.596395412342982
1085,1656,2741,0.6551932367149759
1095,1876,2971,0.5836886993603412
1052,1669,2721,0.6303175554224086
1007,1688,2695,0.5965639810426541
1167,1736,2903,0.6722350230414746
1034,1594,2628,0.6486825595984943
1104,1738,2842,0.6352128883774454
1128,1908,3036,0.5911949685534591
1046,1697,2743,0.6163818503241013
1102,1699,2801,0.6486168334314303
1045,1645,2690,0.6352583586626139
939,1471,2410,0.6383412644459552
1090,1650,2740,0.6606060606060606
1132,1695,2827,0.6678466076696166
1016,1553,2569,0.6542176432710882
1111,1696,2807,0.6550707547169812
940,1516,2456,0.6200527704485488
1086,1706,2792,0.6365767878077374
1105,1753,2858,0.6303479749001711
1177,1840,3017,0.6396739130434783
1030,1599,2629,0.6441525953721076
1199,1916,3115,0.6257828810020877
1005,1557,2562,0.6454720616570327
1091,1694,2785,0.6440377804014168
1076,1725,2801,0.623768115942029
1091,1683,2774,0.6482471776589424
1192,1829,3021,0.6517222525970475
1189,1623,2812,0.7325939617991374
1141,1771,2912,0.6442687747035574
1019,1616,2635,0.630569306930693
1092,1643,2735,0.664637857577602
1112,1756,2868,0.6332574031890661
1037,1348,2385,0.7692878338278932
1084,1726,2810,0.6280417149478563
1063,1648,2711,0.6450242718446602
1152,1727,2879,0.6670526925303996
1076,1694,2770,0.6351829988193625
913,1586,2499,0.5756620428751577
1112,1768,2880,0.6289592760180995
1167,1907,3074,0.6119559517566859
1062,1749,2811,0.6072041166380789
1062,1729,2791,0.6142278773857721
1110,1583,2693,0.7012002526847757
1051,1708,2759,0.6153395784543325
1161,1818,2979,0.6386138613861386
1021,1556,2577,0.6561696658097687
1189,1742,2931,0.682548794489093
1037,1685,2722,0.6154302670623145
1105,1885,2990,0.5862068965517241
1091,1817,2908,0.600440286186021
1056,1743,2799,0.6058519793459552
1061,1781,2842,0.5957327344188658
936,1682,2618,0.5564803804994055
848,1361,2209,0.6230712711241734
800,1288,2088,0.6211180124223602
933,1561,2494,0.5976937860345932
1073,1572,2645,0.6825699745547074
1107,1589,2696,0.6966645689112649
973,1606,2579,0.6058530510585305
962,1512,2474,0.6362433862433863
862,1406,2268,0.6130867709815079
768,1160,1928,0.6620689655172414
1000,1593,2593,0.6277463904582549
846,1396,2242,0.6060171919770774
1005,1617,2622,0.62152133580705
799,1329,2128,0.6012039127163281
851,1398,2249,0.6087267525035766
841,1359,2200,0.6188373804267844
1248,1873,3121,0.6663107314468767
1162,1942,3104,0.5983522142121525
844,1198,2042,0.7045075125208681
912,1438,2350,0.6342141863699583
1047,1509,2556,0.6938369781312127
967,1453,2420,0.6655196145905025
1065,1692,2757,0.6294326241134752
968,1600,2568,0.605
989,1492,2481,0.6628686327077749
635,1098,1733,0.5783242258652095
824,1404,2228,0.5868945868945868
1001,1572,2573,0.6367684478371501
763,1326,2089,0.5754147812971342
810,1307,2117,0.6197398622800306
689,1118,1807,0.6162790697674418
637,1049,1686,0.6072449952335558
617,899,1516,0.6863181312569522
979,1737,2716,0.563615428900403
1060,1670,2730,0.6347305389221557
1084,1768,2852,0.6131221719457014
884,1635,2519,0.5406727828746177
1113,1771,2884,0.6284584980237155
979,1662,2641,0.589049338146811
948,1502,2450,0.6311584553928096
953,1623,2576,0.5871842267406038
1022,1645,2667,0.6212765957446809
1052,1652,2704,0.6368038740920097
994,1640,2634,0.6060975609756097
942,1545,2487,0.6097087378640776
980,1618,2598,0.6056860321384425
1031,1669,2700,0.6177351707609346
1020,1675,2695,0.608955223880597
873,1373,2246,0.6358339402767662
792,1300,2092,0.6092307692307692
769,1341,2110,0.5734526472781506
878,1639,2517,0.5356924954240391
772,1476,2248,0.5230352303523035
737,1180,1917,0.6245762711864407
861,1455,2316,0.5917525773195876
936,1454,2390,0.6437414030261348
838,1499,2337,0.5590393595730487
938,1477,2415,0.6350710900473934
952,1550,2502,0.6141935483870967
1013,1887,2900,0.5368309485956545
867,1510,2377,0.5741721854304636
1007,1663,2670,0.6055321707757065
994,1515,2509,0.6561056105610561
949,1611,2560,0.5890751086281812
1116,1688,2804,0.6611374407582938
1020,1781,2801,0.5727119595732735
1123,1756,2879,0.6395216400911162
961,1534,2495,0.6264667535853976
1111,1652,2763,0.6725181598062954
1077,1651,2728,0.6523319200484555
926,1542,2468,0.6005188067444877
811,1297,2108,0.6252891287586738
853,1511,2364,0.5645268034414295
870,1313,2183,0.6626047220106626
809,1248,2057,0.6482371794871795
876,1610,2486,0.5440993788819876
874,1462,2336,0.5978112175102599
875,1396,2271,0.6267908309455588
880,1502,2382,0.5858854860186418
1134,1837,2971,0.6173108328796951
919,1674,2593,0.548984468339307
844,1436,2280,0.5877437325905293
848,1480,2328,0.572972972972973
816,1305,2121,0.6252873563218391
840,1427,2267,0.5886475122634899
854,1493,2347,0.5720026791694575
987,1711,2698,0.5768556399766218
1052,1756,2808,0.5990888382687927
1060,1691,2751,0.6268480189237138
949,1618,2567,0.5865265760197775
1427,2127,3554,0.6708979783732957
1063,1715,2778,0.6198250728862974
956,1615,2571,0.5919504643962848
935,1672,2607,0.5592105263157895
915,1561,2476,0.5861627162075592
845,1406,2251,0.60099573257468
857,1516,2373,0.5653034300791556
811,1220,2031,0.6647540983606557
887,1358,2245,0.6531664212076583
761,1281,2042,0.5940671350507416
755,1236,1991,0.61084142394822
1174,1598,2772,0.7346683354192741
789,1190,1979,0.6630252100840336
766,1279,2045,0.5989053948397185
699,1238,1937,0.5646203554119548
674,1100,1774,0.6127272727272727
734,1127,1861,0.6512866015971606
472,861,1333,0.5481997677119629
911,1520,2431,0.5993421052631579
776,1326,2102,0.5852187028657617
675,1206,1881,0.5597014925373134
705,1155,1860,0.6103896103896104
1220,1835,3055,0.6648501362397821
1013,1578,2591,0.6419518377693283
1014,1657,2671,0.611949305974653
920,1411,2331,0.6520198440822113
962,1592,2554,0.6042713567839196
845,1267,2112,0.6669297553275454
678,1107,1785,0.6124661246612466
851,1420,2271,0.5992957746478873
814,1323,2137,0.6152683295540439
806,1269,2075,0.6351457840819543
859,1249,2108,0.6877502001601281
1172,1787,2959,0.6558477895914941
1223,2007,3230,0.6093672147483806
637,1033,1670,0.616650532429816
885,1251,2136,0.7074340527577938
879,1458,2337,0.602880658436214
894,1463,2357,0.6110731373889269
975,1515,2490,0.6435643564356436
863,1384,2247,0.6235549132947977
819,1244,2063,0.6583601286173634
977,1455,2432,0.6714776632302405
1035,1680,2715,0.6160714285714286
1009,1654,2663,0.6100362756952842
1101,1740,2841,0.6327586206896552
937,1463,2400,0.6404647983595352
877,1525,2402,0.5750819672131148
922,1502,2424,0.6138482023968043
894,1528,2422,0.5850785340314136
887,1518,2405,0.5843214756258235
878,1329,2207,0.6606471030850264
869,1500,2369,0.5793333333333334
846,1468,2314,0.5762942779291553
767,1326,2093,0.5784313725490197
979,1577,2556,0.6207989854153456
1095,1802,2897,0.6076581576026637
944,1485,2429,0.6356902356902356
887,1470,2357,0.6034013605442177
920,1483,2403,0.6203641267700607
959,1527,2486,0.6280288146692862
966,1455,2421,0.6639175257731958
1022,1495,2517,0.6836120401337793
898,1290,2188,0.6961240310077519
912,1605,2517,0.5682242990654206
871,1578,2449,0.5519645120405576
957,1555,2512,0.6154340836012862
1209,1896,3105,0.6376582278481012
859,1396,2255,0.6153295128939829
973,1611,2584,0.6039726877715704
882,1421,2303,0.6206896551724138
857,1502,2359,0.570572569906791
931,1687,2618,0.5518672199170125
951,1440,2391,0.6604166666666667
1020,1558,2578,0.6546854942233633
971,1621,2592,0.5990129549660703
967,1558,2525,0.6206675224646984
920,1585,2505,0.580441640378549
1202,1998,3200,0.6016016016016016
831,1406,2237,0.5910384068278806
755,1287,2042,0.5866355866355867
759,1254,2013,0.6052631578947368
993,1676,2669,0.5924821002386634
980,1710,2690,0.5730994152046783
977,1456,2433,0.6710164835164835
855,1483,2338,0.576534052596089
899,1567,2466,0.5737077217613273
985,1606,2591,0.6133250311332503
1011,1538,2549,0.6573472041612484
978,1652,2630,0.5920096852300242
1063,1551,2614,0.685364281108962
996,1505,2501,0.6617940199335548
1021,1528,2549,0.6681937172774869
844,1379,2223,0.612037708484409
925,1406,2331,0.6578947368421053
1080,1691,2771,0.638675340035482
1114,1780,2894,0.6258426966292134
866,1370,2236,0.6321167883211679
741,1183,1924,0.6263736263736264
910,1446,2356,0.6293222683264177
1052,1538,2590,0.6840052015604682
982,1739,2721,0.5646923519263944
1025,1832,2857,0.5594978165938864
981,1324,2305,0.7409365558912386
1018,1695,2713,0.6005899705014749
985,1876,2861,0.5250533049040512
954,1741,2695,0.5479609419873636
931,1454,2385,0.640302613480055
950,1383,2333,0.6869125090383225
809,1385,2194,0.584115523465704
942,1462,2404,0.6443228454172366
1045,1685,2730,0.6201780415430267
1082,1697,2779,0.637595757218621
935,1556,2491,0.6008997429305912
962,1572,2534,0.6119592875318066
960,1451,2411,0.6616126809097175
1128,1741,2869,0.6479035037334865
1039,1647,2686,0.6308439587128112
1047,1573,2620,0.6656071201525747
1034,1562,2596,0.6619718309859155
1023,1706,2729,0.5996483001172332
975,1415,2390,0.6890459363957597
1114,1655,2769,0.6731117824773414
1029,1628,2657,0.6320638820638821
969,1700,2669,0.57
937,1626,2563,0.576260762607626
954,1615,2569,0.5907120743034056
972,1676,2648,0.5799522673031027
954,1650,2604,0.5781818181818181
990,1745,2735,0.5673352435530086
854,1580,2434,0.540506329113924
1057,1764,2821,0.5992063492063492
973,1704,2677,0.5710093896713615
1126,1842,2968,0.6112920738327905
882,1494,2376,0.5903614457831325
967,1786,2753,0.5414333706606943
1038,1735,2773,0.5982708933717579
1054,1789,2843,0.5891559530463947
1060,1583,2643,0.6696146557169931
1017,1639,2656,0.6205003050640635
1018,1538,2556,0.6618985695708712
1017,1643,2660,0.6189896530736457
1056,1662,2718,0.6353790613718412
993,1475,2468,0.6732203389830509
1062,1643,2705,0.6463785757760194
1537,2524,4061,0.6089540412044374
1103,1648,2751,0.6692961165048543
1003,1529,2532,0.6559843034663179
1049,1588,2637,0.6605793450881612
1052,1649,2701,0.6379624014554275
1084,1756,2840,0.6173120728929385
958,1349,2307,0.7101556708673091
1028,1670,2698,0.615568862275449
1078,1716,2794,0.6282051282051282
1113,1809,2922,0.615257048092869
800,1281,2081,0.624512099921936
1015,1454,2469,0.6980742778541953
938,1593,2531,0.5888261142498431
1056,1682,2738,0.6278240190249703
919,1392,2311,0.6602011494252874
1011,1554,2565,0.6505791505791506
1070,1589,2659,0.6733794839521712
1160,1732,2892,0.6697459584295612
1007,1625,2632,0.6196923076923077
1028,1596,2624,0.6441102756892231
1026,1592,2618,0.6444723618090452
970,1530,2500,0.6339869281045751
1015,1532,2547,0.662532637075718
1069,1656,2725,0.6455314009661836
1066,1625,2691,0.656
1053,1655,2708,0.6362537764350453
1100,1822,2922,0.6037321624588364
1123,1630,2753,0.688957055214724
997,1538,2535,0.6482444733420026
1085,1760,2845,0.6164772727272727
1098,1651,2749,0.6650514839491217
1060,1643,2703,0.6451612903225806
1343,1869,3212,0.7185660781166399
1025,1653,2678,0.6200846944948578
1071,1678,2749,0.6382598331346842
998,1607,2605,0.6210329807093964
1019,1736,2755,0.5869815668202765
1095,1753,2848,0.6246434683399886
1070,1595,2665,0.670846394984326
1083,1660,2743,0.6524096385542169
930,1455,2385,0.6391752577319587
1082,1711,2793,0.6323787258912916
1051,1635,2686,0.6428134556574924
1067,1615,2682,0.6606811145510836
1114,1640,2754,0.6792682926829269
1048,1623,2671,0.6457178065311152
1054,1674,2728,0.6296296296296297
1077,1677,2754,0.6422182468694096
933,1632,2565,0.5716911764705882
1062,1679,2741,0.6325193567599762
1079,1622,2701,0.6652281134401973
1056,1542,2598,0.6848249027237354
1089,1698,2787,0.6413427561837456
1128,1764,2892,0.6394557823129252
964,1400,2364,0.6885714285714286
1078,1671,2749,0.6451226810293238
1037,1664,2701,0.6231971153846154
1048,1726,2774,0.6071842410196987
1083,1731,2814,0.6256499133448874
1144,1780,2924,0.6426966292134831
1032,1671,2703,0.6175942549371634
1135,1771,2906,0.6408808582721626
1141,1783,2924,0.6399326977005048
1089,1681,2770,0.6478286734086853
1057,1697,2754,0.6228638774307602
1083,1796,2879,0.6030066815144766
1088,1805,2893,0.602770083102493
1110,1869,2979,0.593900481540931
1147,1806,2953,0.6351052048726468
1189,1954,3143,0.6084953940634595
1087,1708,2795,0.6364168618266979
1153,1804,2957,0.6391352549889135
1120,1543,2663,0.7258587167854829
1165,1860,3025,0.6263440860215054
1215,1775,2990,0.6845070422535211
1086,1602,2688,0.6779026217228464
955,1415,2370,0.6749116607773852
1077,1664,2741,0.6472355769230769
1104,1772,2876,0.6230248306997742
1083,1710,2793,0.6333333333333333
1065,1719,2784,0.6195462478184991
1095,1803,2898,0.6073211314475874
1058,1707,2765,0.619800820152314
1085,1749,2834,0.6203544882790166
1108,1753,2861,0.6320593268682259
1056,1691,2747,0.6244825547013602
1028,1698,2726,0.6054181389870436
1111,1872,2983,0.593482905982906
1100,1787,2887,0.6155567991046447
996,1707,2703,0.5834797891036907
1075,1831,2906,0.5871108683779356
1013,1810,2823,0.5596685082872929
1109,1803,2912,0.6150859678313921
918,1602,2520,0.5730337078651685
1086,1776,2862,0.6114864864864865
1087,1699,2786,0.6397881106533255
1041,1719,2760,0.6055846422338569
1038,1631,2669,0.6364193746167995
1143,1655,2798,0.6906344410876133
1228,1883,3111,0.6521508231545406
1026,1619,2645,0.6337245213094502
1126,1647,2773,0.6836672738312083
1020,1650,2670,0.6181818181818182
1018,1494,2512,0.6813922356091031
957,1593,2550,0.60075329566855
1111,1738,2849,0.6392405063291139
1132,1685,2817,0.6718100890207716
1383,2162,3545,0.6396854764107308
958,1573,2531,0.6090273363000636
1025,1503,2528,0.6819693945442449
1042,1627,2669,0.6404425322679779
1039,1612,2651,0.6445409429280397
982,1515,2497,0.6481848184818482
1029,1707,2736,0.6028119507908611
1025,1644,2669,0.6234793187347932
1069,1667,2736,0.6412717456508699
1142,1843,2985,0.619641888225719
1018,1716,2734,0.5932400932400932
1030,1603,2633,0.6425452276980661
1013,1669,2682,0.6069502696225285
1043,1687,2730,0.6182572614107884
1080,1687,2767,0.6401896858328393
1036,1543,2579,0.6714193130265717
1095,1615,2710,0.6780185758513931
1026,1536,2562,0.66796875
1209,1877,3086,0.6441129461907299
1041,1648,2689,0.6316747572815534
1123,1736,2859,0.646889400921659
1023,1756,2779,0.5825740318906606
1139,1767,2906,0.6445953593661573
1039,1721,2760,0.6037187681580476
1039,1653,2692,0.6285541439806412
918,1352,2270,0.6789940828402367
1037,1542,2579,0.6725032425421531
1061,1626,2687,0.6525215252152522
1055,1627,2682,0.6484326982175783
1099,1695,2794,0.6483775811209439
1069,1541,2610,0.6937053861129137
1059,1693,2752,0.6255168340224454
1072,1739,2811,0.61644623346751
1087,1660,2747,0.6548192771084337
1138,1759,2897,0.6469584991472428
1025,1716,2741,0.5973193473193473
1097,1858,2955,0.5904198062432723
975,1439,2414,0.6775538568450312
1156,1822,2978,0.6344676180021954
1089,1680,2769,0.6482142857142857
1146,1751,2897,0.6544831524842947
1040,1704,2744,0.6103286384976526
1171,1783,2954,0.656758272574313
1043,1747,2790,0.5970234688036634
1156,1801,2957,0.6418656302054414
1090,1850,2940,0.5891891891891892
982,1679,2661,0.5848719475878499
1123,1719,2842,0.6532867946480512
998,1640,2638,0.6085365853658536
1033,1703,2736,0.6065766294773929
1136,1742,2878,0.6521239954075775
1130,1717,2847,0.6581246359930111
1177,1807,2984,0.6513558384061982
1023,1575,2598,0.6495238095238095
1208,2014,3222,0.5998013902681232
1172,1821,2993,0.6436024162548051
1026,1695,2721,0.6053097345132743
1104,1824,2928,0.6052631578947368
1151,1806,2957,0.6373200442967885
1115,1899,3014,0.5871511321748288
949,1647,2596,0.5761991499696417
1064,1790,2854,0.5944134078212291
1089,1647,2736,0.6612021857923497
1005,1799,2804,0.5586436909394108
977,1525,2502,0.640655737704918
1325,2039,3364,0.6498283472290338
894,1517,2411,0.5893210283454186
1124,1653,2777,0.6799758015728977
1121,1606,2727,0.6980074719800747
1009,1696,2705,0.5949292452830188
1062,1858,2920,0.5715823466092572
1105,1732,2837,0.6379907621247113
894,1495,2389,0.5979933110367893
962,1601,2563,0.6008744534665834
989,1626,2615,0.6082410824108241
964,1558,2522,0.6187419768934531
1269,2221,3490,0.5713642503376857
884,1592,2476,0.5552763819095478
1036,1711,2747,0.6054938632378726
1101,1824,2925,0.6036184210526315
1043,1637,2680,0.6371411117898595
998,1681,2679,0.5936942296252231
1080,1705,2785,0.6334310850439883
1087,1809,2896,0.6008844665561084
1049,1843,2892,0.5691806836679327
976,1586,2562,0.6153846153846154
1287,1875,3162,0.6864
1034,1828,2862,0.5656455142231948
1003,1664,2667,0.6027644230769231
946,1592,2538,0.5942211055276382
975,1683,2658,0.5793226381461676
1043,1711,2754,0.6095850379894798
950,1649,2599,0.5761067313523347
1042,1855,2897,0.5617250673854447
1118,1833,2951,0.6099290780141844
1049,1856,2905,0.5651939655172413
1254,1846,3100,0.6793066088840737
998,1487,2485,0.6711499663752521
918,1275,2193,0.72
1006,1315,2321,0.7650190114068441
985,1165,2150,0.8454935622317596
965,1229,2194,0.7851912123677787
1074,1402,2476,0.7660485021398002
1252,1517,2769,0.8253131179960448
1180,1606,2786,0.7347447073474471
1080,1479,2559,0.7302231237322515
1231,1633,2864,0.7538273116962645
1041,1374,2415,0.75764192139738
1221,1471,2692,0.8300475866757308
856,1145,2001,0.7475982532751092
1004,1440,2444,0.6972222222222222
1088,1391,2479,0.7821710999281093
733,1124,1857,0.652135231316726
1074,1222,2296,0.8788870703764321
910,1187,2097,0.7666385846672283
723,1084,1807,0.6669741697416974
1015,1117,2132,0.908683974932856
901,1084,1985,0.8311808118081181
676,851,1527,0.7943595769682726
1020,1353,2373,0.753880266075388
712,912,1624,0.7807017543859649
810,1049,1859,0.7721639656816015
845,1116,1961,0.757168458781362
1066,1312,2378,0.8125
906,1107,2013,0.8184281842818428
1232,1605,2837,0.767601246105919
955,1310,2265,0.7290076335877863
793,1025,1818,0.7736585365853659
955,1292,2247,0.7391640866873065
1048,1755,2803,0.5971509971509972
971,1436,2407,0.6761838440111421
917,1404,2321,0.6531339031339032
762,1176,1938,0.6479591836734694
922,1338,2260,0.6890881913303438
987,1460,2447,0.6760273972602739
1020,1306,2326,0.781010719754977
1030,1537,2567,0.6701366297983083
1154,1580,2734,0.730379746835443
1055,1465,2520,0.7201365187713311
1166,1621,2787,0.7193090684762492
1071,1550,2621,0.6909677419354838
844,1155,1999,0.7307359307359307
1209,1538,2747,0.7860858257477243
950,1389,2339,0.6839452843772498
892,1161,2053,0.768303186907838
1096,1559,2655,0.7030147530468249
951,1142,2093,0.8327495621716288
804,1118,1922,0.7191413237924866
1010,1367,2377,0.7388441843452817
1006,1353,2359,0.7435328898743533
599,837,1436,0.7156511350059738
772,1185,1957,0.6514767932489451
994,1242,2236,0.8003220611916264
944,1411,2355,0.669029057406095
919,1363,2282,0.6742479823917829
1002,1422,2424,0.7046413502109705
1202,1868,3070,0.6434689507494646
866,1303,2169,0.6646201074443592
915,1231,2146,0.743298131600325
921,1341,2262,0.6868008948545862
943,1267,2210,0.744277821625888
895,1272,2167,0.7036163522012578
1088,1545,2633,0.7042071197411003
1253,1592,2845,0.7870603015075377
846,1196,2042,0.7073578595317725
981,1228,2209,0.7988599348534202
829,1066,1895,0.7776735459662288
876,1160,2036,0.7551724137931034
736,1065,1801,0.6910798122065728
837,927,1764,0.9029126213592232
1135,1600,2735,0.709375
1010,1363,2373,0.7410124724871606
1140,1517,2657,0.7514831905075807
808,1167,1975,0.6923736075407027
1196,1645,2841,0.7270516717325228
1096,1416,2512,0.7740112994350282
936,1508,2444,0.6206896551724138
910,1374,2284,0.6622998544395924
934,1452,2386,0.6432506887052342
902,1394,2296,0.6470588235294118
1071,1447,2518,0.7401520387007602
1110,1508,2618,0.7360742705570292
1096,1593,2689,0.6880100439422473
814,1074,1888,0.7579143389199255
1175,1595,2770,0.7366771159874608
993,1183,2176,0.8393913778529163
1160,1498,2658,0.774365821094793
861,1356,2217,0.6349557522123894
1231,1749,2980,0.703830760434534
894,1379,2273,0.6482958665699783
1064,1509,2573,0.7051027170311465
908,1365,2273,0.6652014652014652
951,1476,2427,0.6443089430894309
955,1598,2553,0.5976220275344181
692,1053,1745,0.6571699905033238
859,1341,2200,0.6405667412378822
986,1375,2361,0.7170909090909091
954,1298,2252,0.7349768875192604
970,1414,2384,0.685997171145686
998,1436,2434,0.6949860724233984
960,1374,2334,0.6986899563318777
849,1272,2121,0.6674528301886793
910,1366,2276,0.6661786237188873
883,1271,2154,0.6947285601888277
1147,1399,2546,0.8198713366690493
1050,1505,2555,0.6976744186046512
980,1261,2241,0.7771609833465504
1127,1331,2458,0.8467317806160781
1194,1658,2852,0.7201447527141134
931,1215,2146,0.7662551440329218
1055,1356,2411,0.778023598820059
813,1255,2068,0.6478087649402391
1059,1540,2599,0.6876623376623376
765,1199,1964,0.6380316930775647
1174,1718,2892,0.6833527357392316
1005,1509,2514,0.6660039761431411
977,1511,2488,0.6465916611515553
1114,1593,2707,0.6993094789704959
952,1518,2470,0.6271409749670619
972,1370,2342,0.7094890510948905
888,1306,2194,0.6799387442572741
1075,1448,2523,0.7424033149171271
1064,1480,2544,0.7189189189189189
1068,1651,2719,0.6468806783767413
944,1231,2175,0.7668562144597888
995,1298,2293,0.7665639445300462
958,1403,2361,0.6828225231646472
945,1335,2280,0.7078651685393258
902,1377,2279,0.6550472040668119
1034,1488,2522,0.6948924731182796
1019,1411,2430,0.7221828490432317
1071,1486,2557,0.7207267833109018
1133,1762,2895,0.6430192962542566
958,1425,2383,0.6722807017543859
1009,1579,2588,0.6390120329322356
982,1409,2391,0.6969481902058198
1028,1514,2542,0.678996036988111
1102,1705,2807,0.6463343108504399
1126,1226,2352,0.9184339314845024
1071,1609,2680,0.6656308266003729
914,1281,2195,0.7135050741608119
1067,1439,2506,0.7414871438498958
987,1334,2321,0.739880059970015
1125,1631,2756,0.6897608828939301
1084,1454,2538,0.7455295735900963
826,1176,2002,0.7023809523809523
881,1257,2138,0.7008750994431185
1177,1499,2676,0.7851901267511674
969,1296,2265,0.7476851851851852
1057,1430,2487,0.7391608391608392
1042,1519,2561,0.6859776168531929
1187,1654,2841,0.7176541717049577
1148,1488,2636,0.771505376344086
829,1080,1909,0.7675925925925926
1052,1479,2531,0.711291413116971
1071,1393,2464,0.7688442211055276
958,1337,2295,0.7165295437546746
952,1300,2252,0.7323076923076923
1123,1563,2686,0.7184900831733845
552,848,1400,0.6509433962264151
942,1368,2310,0.6885964912280702
1167,1515,2682,0.7702970297029703
1100,1623,2723,0.6777572396796057
1161,1492,2653,0.7781501340482574
1086,1390,2476,0.781294964028777
892,1280,2172,0.696875
1102,1516,2618,0.7269129287598944
930,1305,2235,0.7126436781609196
1049,1660,2709,0.6319277108433735
658,1040,1698,0.6326923076923077
1087,1355,2442,0.8022140221402214
833,1153,1986,0.7224631396357328
1064,1157,2221,0.91961970613656
920,1435,2355,0.6411149825783972
795,1096,1891,0.7253649635036497
1102,1206,2308,0.913764510779436
1085,1375,2460,0.7890909090909091
926,1297,2223,0.7139552814186585
944,1413,2357,0.6680820948336872
734,975,1709,0.7528205128205128
1085,1370,2455,0.791970802919708
1080,1390,2470,0.7769784172661871
1086,1245,2331,0.8722891566265061
1007,1200,2207,0.8391666666666666
1018,1304,2322,0.7806748466257669
955,1361,2316,0.7016899338721528
1022,1467,2489,0.6966598500340832
989,1242,2231,0.7962962962962963
1039,1269,2308,0.8187549251379038
1099,1524,2623,0.7211286089238845
1092,1392,2484,0.7844827586206896
866,1071,1937,0.8085901027077498
892,1249,2141,0.7141713370696557
1094,1367,2461,0.8002926115581566
902,1168,2070,0.7722602739726028
1047,1215,2262,0.8617283950617284
996,1313,2309,0.7585681645087585
1089,1351,2440,0.8060695780903034
947,1425,2372,0.6645614035087719
1051,1207,2258,0.8707539353769677
1168,1492,2660,0.7828418230563002
986,1196,2182,0.8244147157190636
1196,1521,2717,0.7863247863247863
1112,1461,2573,0.7611225188227242
890,1215,2105,0.7325102880658436
917,1139,2056,0.8050921861281826
748,1158,1906,0.6459412780656304
1018,1408,2426,0.7230113636363636
917,1396,2313,0.6568767908309455
1110,1525,2635,0.7278688524590164
952,1397,2349,0.6814602720114531
839,1090,1929,0.7697247706422018
972,1213,2185,0.8013190436933223
1100,1383,2483,0.7953723788864787
881,1284,2165,0.6861370716510904
1047,1299,2346,0.8060046189376443
1127,1297,2424,0.8689282960678488
1196,1440,2636,0.8305555555555556
1012,1306,2318,0.774885145482389
1068,1372,2440,0.7784256559766763
1154,1500,2654,0.7693333333333333
887,1034,1921,0.8578336557059961
930,1195,2125,0.7782426778242678
886,1318,2204,0.6722306525037937
669,973,1642,0.6875642343268242
750,1038,1788,0.7225433526011561
1079,1473,2552,0.7325186693822132
1054,1600,2654,0.65875
817,1171,1988,0.6976942783945346
940,1235,2175,0.7611336032388664
1196,1428,2624,0.8375350140056023
990,1340,2330,0.7388059701492538
917,1215,2132,0.7547325102880659
832,1268,2100,0.6561514195583596
990,1340,2330,0.7388059701492538
1065,1273,2338,0.8366064414768264
908,1007,1915,0.9016881827209532
490,702,1192,0.698005698005698
753,933,1686,0.8070739549839229
1323,1436,2759,0.9213091922005572
1007,1430,2437,0.7041958041958042
840,1076,1916,0.7806691449814126
1110,1463,2573,0.758714969241285
1045,1349,2394,0.7746478873239436
990,1333,2323,0.7426856714178545
836,1171,2007,0.7139197267292912
820,1146,1966,0.7155322862129145
1099,1241,2340,0.8855761482675262
996,1404,2400,0.7094017094017094
966,1343,2309,0.7192851824274014
739,1024,1763,0.7216796875
958,1173,2131,0.8167092924126172
1048,1462,2510,0.7168262653898769
861,1165,2026,0.7390557939914163
942,1037,1979,0.9083895853423336
927,1199,2126,0.7731442869057548
1007,1351,2358,0.7453737971872687
1031,1363,2394,0.7564196625091709
1060,1428,2488,0.742296918767507
1057,1316,2373,0.8031914893617021
912,1058,1970,0.8620037807183365
677,1104,1781,0.6132246376811594
1054,1526,2580,0.690694626474443
1119,1503,2622,0.7445109780439122
979,1392,2371,0.7033045977011494
855,1281,2136,0.667447306791569
1051,1527,2578,0.6882776686313032
1127,1583,2710,0.7119393556538218
975,1296,2271,0.7523148148148148
1080,1585,2665,0.6813880126182965
1195,1686,2881,0.7087781731909846
1170,1520,2690,0.7697368421052632
1152,1376,2528,0.8372093023255814
1009,1119,2128,0.9016979445933868
1028,1424,2452,0.7219101123595506
1045,1578,2623,0.6622306717363752
980,1624,2604,0.603448275862069
1017,1357,2374,0.7494473102431835
892,1290,2182,0.6914728682170542
1133,1676,2809,0.6760143198090692
1139,1551,2690,0.7343649258542876
916,1133,2049,0.8084730803177406
960,1326,2286,0.7239819004524887
1024,1551,2575,0.6602192134107028
1159,1558,2717,0.7439024390243902
1018,1551,2569,0.6563507414571245
996,1254,2250,0.7942583732057417
1021,1228,2249,0.8314332247557004
964,1154,2118,0.8353552859618717
1058,1587,2645,0.6666666666666666
716,1040,1756,0.6884615384615385
1041,1540,2581,0.675974025974026
954,1527,2481,0.6247544204322201
740,1189,1929,0.6223717409587889
944,1525,2469,0.6190163934426229
993,1457,2450,0.6815374056280027
1151,1574,2725,0.7312579415501906
975,1353,2328,0.720620842572062
1172,1576,2748,0.7436548223350253
926,1265,2191,0.7320158102766798
924,1453,2377,0.6359256710254646
1097,1557,2654,0.7045600513808606
1052,1460,2512,0.7205479452054795
1009,1432,2441,0.7046089385474861
860,1230,2090,0.6991869918699187
1027,1467,2494,0.700068166325835
1064,1530,2594,0.6954248366013072
1207,1396,2603,0.8646131805157593
892,1337,2229,0.6671652954375468
1205,1607,2812,0.7498444306160548
1027,1532,2559,0.6703655352480418
1082,1672,2754,0.6471291866028708
1123,1571,2694,0.7148313176320815
1027,1530,2557,0.6712418300653594
1039,1564,2603,0.6643222506393862
839,1322,2161,0.6346444780635401
1094,1696,2790,0.6450471698113207
1113,1420,2533,0.7838028169014084
774,950,1724,0.8147368421052632
1048,1312,2360,0.7987804878048781
1076,1424,2500,0.7556179775280899
1028,1335,2363,0.7700374531835206
1044,1309,2353,0.7975553857906799
1084,1226,2310,0.8841761827079935
1015,1358,2373,0.7474226804123711
992,1302,2294,0.7619047619047619
1007,1415,2422,0.711660777385159
924,1386,2310,0.6666666666666666
1027,1360,2387,0.7551470588235294
975,1237,2212,0.788197251414713
982,1342,2324,0.7317436661698957
933,1142,2075,0.8169877408056042
982,1341,2323,0.732289336316182
1177,1656,2833,0.7107487922705314
1074,1556,2630,0.6902313624678663
956,1427,2383,0.6699369306236861
897,1309,2206,0.6852559205500381
945,1239,2184,0.7627118644067796
1137,1273,2410,0.8931657501963864
1038,1474,2512,0.7042062415196744
853,1151,2004,0.741094700260643
888,1214,2102,0.7314662273476112
861,1314,2175,0.6552511415525114
907,1331,2238,0.681442524417731
853,1257,2110,0.6785998408910103
905,1482,2387,0.6106612685560054
961,1368,2329,0.702485380116959
1064,1503,2567,0.7079174983366601
1238,1324,2562,0.9350453172205438
881,1137,2018,0.7748460861917327
981,1138,2119,0.8620386643233744
1168,1242,2410,0.9404186795491144
787,1036,1823,0.7596525096525096
981,1319,2300,0.7437452615617892
1023,1616,2639,0.6330445544554455
1032,1619,2651,0.6374305126621371
1025,1665,2690,0.6156156156156156
940,1530,2470,0.6143790849673203
880,1304,2184,0.6748466257668712
1010,1528,2538,0.6609947643979057
932,1353,2285,0.688839615668884
917,1538,2455,0.5962288686605982
810,1349,2159,0.6004447739065975
863,1067,1930,0.8088097469540768
1006,1503,2509,0.669328010645376
943,1385,2328,0.6808664259927798
974,1427,2401,0.6825508058864751
1092,1619,2711,0.6744904261890056
918,1353,2271,0.6784922394678492
994,1383,2377,0.7187274041937817
796,1299,2095,0.6127790608160123
1043,1622,2665,0.6430332922318126
922,1530,2452,0.6026143790849673
911,1544,2455,0.5900259067357513
874,1303,2177,0.6707597851112816
913,1456,2369,0.6270604395604396
934,1483,2417,0.6298044504383007
974,1494,2468,0.6519410977242303
948,1391,2339,0.6815240833932422
1062,1405,2467,0.7558718861209964
763,1170,1933,0.6521367521367522
1025,1365,2390,0.7509157509157509
911,1392,2303,0.6544540229885057
686,1168,1854,0.5873287671232876
831,1449,2280,0.5734989648033126
1046,1475,2521,0.7091525423728814
1033,1593,2626,0.6484620213433773
890,1356,2246,0.6563421828908554
868,1430,2298,0.606993006993007
990,1692,2682,0.5851063829787234
1061,1433,2494,0.7404047452896022
1030,1372,2402,0.750728862973761
1007,1224,2231,0.8227124183006536
1186,1664,2850,0.7127403846153846
970,1322,2292,0.7337367624810892
1010,1063,2073,0.9501411100658512
1072,1252,2324,0.8562300319488818
1131,1374,2505,0.8231441048034934
1015,1357,2372,0.7479734708916728
1219,1509,2728,0.807819748177601
1022,1268,2290,0.805993690851735
1086,1503,2589,0.7225548902195609
863,1349,2212,0.6397331356560415
969,1003,1972,0.9661016949152542
882,1273,2155,0.6928515318146111
1076,1274,2350,0.8445839874411303
1255,1234,2489,1.0170178282009723
1044,1168,2212,0.8938356164383562
873,1412,2285,0.6182719546742209
786,1084,1870,0.7250922509225092
821,1210,2031,0.6785123966942149
980,1376,2356,0.7122093023255814
871,1346,2217,0.6471025260029718
879,1271,2150,0.6915814319433516
757,1211,1968,0.6251032204789431
572,918,1490,0.6230936819172114
805,1095,1900,0.7351598173515982
1223,1606,2829,0.7615193026151931
910,1338,2248,0.680119581464873
925,1422,2347,0.650492264416315
1054,1598,2652,0.6595744680851063
893,1199,2092,0.7447873227689742
1090,1547,2637,0.7045895281189399
933,1468,2401,0.635558583106267
707,851,1558,0.8307873090481787
750,1080,1830,0.6944444444444444
1098,1528,2626,0.7185863874345549
1002,1432,2434,0.6997206703910615
1261,1381,2642,0.9131064446053584
939,1473,2412,0.6374745417515275
963,1210,2173,0.7958677685950413
880,1349,2229,0.6523350630096367
1024,1370,2394,0.7474452554744525
843,1151,1994,0.7324066029539531
1061,1277,2338,0.8308535630383712
957,1415,2372,0.6763250883392227
1059,1324,2383,0.7998489425981873
856,1106,1962,0.7739602169981917
1004,1539,2543,0.6523716699155295
1189,1430,2619,0.8314685314685315
1006,1390,2396,0.7237410071942446
802,967,1769,0.8293691830403309
925,1341,2266,0.6897837434750187
1008,1410,2418,0.7148936170212766
797,1156,1953,0.6894463667820069
993,1428,2421,0.6953781512605042
683,1019,1702,0.6702649656526006
962,1214,2176,0.7924217462932455
984,1244,2228,0.7909967845659164
961,1204,2165,0.7981727574750831
1329,1255,2584,1.0589641434262949
1596,2357,3953,0.677131947390751
1562,2385,3947,0.6549266247379455
1668,2417,4085,0.6901117087298304
1815,2281,4096,0.795703638754932
1379,2343,3722,0.5885616730687153
1104,1861,2965,0.5932294465341215
1522,2136,3658,0.7125468164794008
1234,2327,3561,0.5302965191233348
977,2022,2999,0.483184965380811
1237,2026,3263,0.6105626850937809
995,1559,2554,0.6382296343810134
1586,2098,3684,0.7559580552907531
1295,1867,3162,0.693626138189609
815,1430,2245,0.5699300699300699
1256,2232,3488,0.5627240143369175
1184,2362,3546,0.5012701100762066
1260,1858,3118,0.6781485468245425
1296,2319,3615,0.5588615782664942
1561,2226,3787,0.7012578616352201
1446,2376,3822,0.6085858585858586
987,1504,2491,0.65625
828,1305,2133,0.6344827586206897
1323,1569,2892,0.8432122370936902
1122,1741,2863,0.6444572085008615
1470,2124,3594,0.692090395480226
1416,2390,3806,0.5924686192468619
762,1593,2355,0.4783427495291902
1442,2541,3983,0.5674931129476584
1111,1679,2790,0.6617033948779035
1530,2408,3938,0.6353820598006644
1519,2411,3930,0.6300290335960183
1606,2401,4007,0.6688879633486048
1495,2411,3906,0.6200746578183326
1069,1586,2655,0.6740226986128626
936,1642,2578,0.5700365408038977
1281,2060,3341,0.6218446601941747
998,2012,3010,0.4960238568588469
982,1587,2569,0.6187775677378702
970,1734,2704,0.5594002306805075
1192,2173,3365,0.548550391164289
1646,2426,4072,0.6784830997526793
956,1486,2442,0.6433378196500673
1383,2470,3853,0.559919028340081
1558,1932,3490,0.8064182194616977
1568,1740,3308,0.9011494252873564
1274,2181,3455,0.584135717560752
1462,2352,3814,0.6215986394557823
1405,2045,3450,0.687041564792176
1304,2611,3915,0.4994255074684029
1037,1466,2503,0.7073669849931787
1634,2452,4086,0.666394779771615
1420,2267,3687,0.6263784737538597
903,1379,2282,0.6548223350253807
1348,1955,3303,0.6895140664961636
946,1800,2746,0.5255555555555556
1239,1673,2912,0.7405857740585774
768,1196,1964,0.6421404682274248
1515,1684,3199,0.899643705463183
1022,1338,2360,0.7638266068759342
1180,2115,3295,0.557919621749409
1374,2589,3963,0.5307068366164542
1092,1764,2856,0.6190476190476191
1244,2312,3556,0.5380622837370242
1450,2283,3733,0.6351292159439335
1701,2264,3965,0.7513250883392226
1143,1935,3078,0.5906976744186047
1224,1633,2857,0.7495407225964482
1419,2489,3908,0.5701084773001205
1047,1986,3033,0.527190332326284
1508,2313,3821,0.6519671422395158
1339,2226,3565,0.6015274034141959
1125,1960,3085,0.5739795918367347
1537,2390,3927,0.6430962343096235
1465,2197,3662,0.6668183887118798
915,1710,2625,0.5350877192982456
1190,1917,3107,0.6207616066770997
926,1667,2593,0.555488902219556
1194,2100,3294,0.5685714285714286
981,1807,2788,0.5428887659103486
1433,2375,3808,0.6033684210526316
1331,2663,3994,0.4998122418325197
1144,1896,3040,0.6033755274261603
839,1762,2601,0.4761634506242905
1422,2295,3717,0.6196078431372549
995,1601,2596,0.6214865708931917
1223,1941,3164,0.6300875837197321
1303,2410,3713,0.5406639004149377
993,1326,2319,0.748868778280543
1346,2405,3751,0.5596673596673597
1588,2409,3997,0.6591946865919469
1384,1930,3314,0.7170984455958549
1430,2242,3672,0.6378233719892953
1437,2405,3842,0.5975051975051975
959,1788,2747,0.5363534675615212
1273,1985,3258,0.6413098236775818
1329,2453,3782,0.5417855686913983
1361,2143,3504,0.6350909939337378
1353,2190,3543,0.6178082191780822
1258,1944,3202,0.647119341563786
1054,1948,3002,0.5410677618069816
1184,2571,3755,0.4605211979774407
1448,2082,3530,0.6954851104707013
1256,2026,3282,0.6199407699901284
1268,1873,3141,0.6769887880405766
1393,2564,3957,0.5432917316692668
1475,2149,3624,0.6863657515123314
1113,1882,2995,0.5913921360255048
1199,2019,3218,0.5938583457157008
1475,2424,3899,0.6084983498349835
975,1806,2781,0.5398671096345515
1009,2505,3514,0.4027944111776447
1133,2052,3185,0.5521442495126706
830,1309,2139,0.6340718105423988
1204,2129,3333,0.5655237200563645
1417,2594,4011,0.5462606013878181
1489,2060,3549,0.7228155339805825
1158,2570,3728,0.4505836575875486
1154,1747,2901,0.6605609616485404
1703,2202,3905,0.7733878292461399
900,1752,2652,0.5136986301369864
930,1559,2489,0.5965362411802437
1278,2049,3327,0.623718887262079
898,1454,2352,0.6176066024759285
1337,2293,3630,0.5830789358918448
1421,2246,3667,0.6326803205699021
1660,2411,4071,0.6885109912899212
1042,1882,2924,0.5536663124335813
1285,2179,3464,0.5897200550711336
1234,2324,3558,0.5309810671256454
1220,1756,2976,0.6947608200455581
1248,2741,3989,0.4553082816490332
1330,2416,3746,0.5504966887417219
1298,2343,3641,0.5539906103286385
1344,1952,3296,0.6885245901639344
1219,2666,3885,0.4572393098274568
1351,2342,3693,0.5768573868488471
1293,1805,3098,0.7163434903047091
1347,2315,3662,0.5818574514038877
1421,2122,3543,0.6696512723845429
1135,2384,3519,0.4760906040268456
940,1929,2869,0.4872991187143597
1216,1638,2854,0.7423687423687424
1720,2118,3838,0.8120868744098206
1434,2498,3932,0.5740592473979184
1014,1754,2768,0.5781071835803877
1267,2365,3632,0.5357293868921776
1099,1831,2930,0.600218459858001
1499,2190,3689,0.6844748858447488
1404,2606,4010,0.5387567152724482
1093,1769,2862,0.6178631995477671
1281,2194,3475,0.5838650865998177
1631,2376,4007,0.6864478114478114
1387,2237,3624,0.6200268216361198
1019,1687,2706,0.6040308239478364
1278,1926,3204,0.6635514018691588
944,1598,2542,0.590738423028786
1208,2014,3222,0.5998013902681232
969,1462,2431,0.6627906976744186
905,1445,2350,0.6262975778546713
1392,2401,3793,0.5797584339858393
942,1667,2609,0.5650869826034793
1241,2203,3444,0.5633227417158421
1199,2453,3652,0.4887892376681614
821,1340,2161,0.6126865671641791
1050,1509,2559,0.6958250497017893
1550,2517,4067,0.6158124751688518
1014,1898,2912,0.5342465753424658
1102,1937,3039,0.568921011874032
1030,1587,2617,0.6490233144297417
1258,2434,3692,0.5168447000821693
1401,2172,3573,0.6450276243093923
1344,2735,4079,0.4914076782449725
914,1340,2254,0.682089552238806
1356,2499,3855,0.5426170468187275
1086,2346,3432,0.4629156010230179
519,811,1330,0.6399506781750924
1385,2059,3444,0.672656629431763
1045,2321,3366,0.4502369668246445
1240,2789,4029,0.4446038006453926
764,1412,2176,0.5410764872521246
974,1891,2865,0.5150713907985193
974,1363,2337,0.714600146735143
1197,2242,3439,0.5338983050847458
1193,2091,3284,0.5705404112864658
857,1196,2053,0.7165551839464883
869,1390,2259,0.625179856115108
885,1408,2293,0.6285511363636364
1228,1995,3223,0.6155388471177945
1227,1801,3028,0.6812881732370905
1193,2852,4045,0.4183029453015428
1322,2009,3331,0.658038825286212
1135,1970,3105,0.5761421319796954
1106,1547,2653,0.7149321266968326
930,1718,2648,0.5413271245634459
783,1707,2490,0.4586994727592267
730,1482,2212,0.4925775978407557
1222,1606,2828,0.7608966376089664
1014,1544,2558,0.6567357512953368
1352,2164,3516,0.6247689463955638
1438,2322,3760,0.6192937123169682
1437,2495,3932,0.5759519038076152
1051,1760,2811,0.5971590909090909
870,2086,2956,0.4170661553211889
1375,2563,3938,0.5364806866952789
1312,1935,3247,0.6780361757105943
1482,2525,4007,0.5869306930693069
1294,2063,3357,0.6272418807561804
754,1097,1851,0.6873290793072014
1108,1620,2728,0.6839506172839506
1032,1609,2641,0.6413921690490988
852,1600,2452,0.5325
1059,1540,2599,0.6876623376623376
1336,2049,3385,0.6520253782332845
1322,2150,3472,0.6148837209302326
1258,1934,3192,0.6504653567735263
1382,2386,3768,0.5792120704107293
714,1022,1736,0.6986301369863014
817,1835,2652,0.4452316076294278
1081,1972,3053,0.5481744421906694
806,1425,2231,0.5656140350877193
939,1370,2309,0.6854014598540146
1424,2597,4021,0.5483249903735079
1265,2446,3711,0.5171708912510221
1305,2357,3662,0.5536699193890539
684,1098,1782,0.6229508196721312
764,1421,2185,0.5376495425756509
1153,2041,3194,0.5649191572758452
1586,2437,4023,0.6508001641362331
894,1629,2523,0.5488029465930019
1574,2349,3923,0.6700723712217965
1244,2332,3576,0.5334476843910806
1082,1892,2974,0.5718816067653277
1129,1965,3094,0.5745547073791348
1163,2224,3387,0.522931654676259
840,1296,2136,0.6481481481481481
1165,2212,3377,0.5266726943942134
1541,2548,4089,0.6047880690737834
1339,2298,3637,0.582680591818973
1102,2454,3556,0.4490627546862266
1151,1984,3135,0.5801411290322581
1278,2800,4078,0.4564285714285714
914,1912,2826,0.4780334728033473
1202,1837,3039,0.6543277082199238
547,872,1419,0.6272935779816514
1177,2024,3201,0.5815217391304348
1340,2152,3492,0.6226765799256505
1474,2241,3715,0.6577420794288265
1308,2005,3313,0.6523690773067332
1511,2145,3656,0.7044289044289044
1192,1845,3037,0.646070460704607
847,1431,2278,0.5918937805730259
1179,1393,2572,0.8463747307968413
1235,1904,3139,0.6486344537815126
891,1559,2450,0.5715202052597819
1001,1753,2754,0.5710211066742726
986,1738,2724,0.567318757192175
1231,1999,3230,0.615807903951976
1458,1973,3431,0.7389761784085149
1353,2731,4084,0.495422922006591
1194,2066,3260,0.5779283639883833
1384,1833,3217,0.7550463720676487
1220,1895,3115,0.6437994722955145
1252,2515,3767,0.4978131212723658
1086,1977,3063,0.5493171471927162
1060,1953,3013,0.5427547363031234
1069,1953,3022,0.547363031233999
1318,1599,2917,0.8242651657285803
657,955,1612,0.6879581151832461
1566,2359,3925,0.6638406104281476
1251,2224,3475,0.5625
1533,2464,3997,0.6221590909090909
882,1290,2172,0.6837209302325581
1168,1529,2697,0.7638979725310661
980,1801,2781,0.5441421432537479
1321,2450,3771,0.5391836734693878
1313,1965,3278,0.6681933842239186
1180,2058,3238,0.5733722060252673
1221,1891,3112,0.6456901110523533
1440,2412,3852,0.5970149253731343
1528,2384,3912,0.6409395973154363
1390,1622,3012,0.8569667077681874
683,1035,1718,0.659903381642512
1331,2519,3850,0.5283842794759825
977,1622,2599,0.6023427866831073
1615,2436,4051,0.6629720853858785
834,1556,2390,0.5359897172236504
1393,2440,3833,0.5709016393442623
1347,2466,3813,0.5462287104622872
1043,1689,2732,0.6175251628182357
1238,1602,2840,0.7727840199750312
1088,1931,3019,0.5634386328327291
1094,1780,2874,0.6146067415730337
992,1674,2666,0.5925925925925926
1088,2094,3182,0.5195797516714422
1184,1938,3122,0.6109391124871001
1535,2436,3971,0.6301313628899836
1500,2490,3990,0.6024096385542169
1172,2052,3224,0.571150097465887
1358,2585,3943,0.5253384912959381
1273,2365,3638,0.5382663847780127
1090,2115,3205,0.5153664302600472
976,2234,3210,0.4368845120859445
1322,2481,3803,0.5328496573962112
1274,2528,3802,0.5039556962025317
917,1740,2657,0.5270114942528735
1127,1946,3073,0.579136690647482
1363,2235,3598,0.6098434004474272
1096,2125,3221,0.5157647058823529
1243,2277,3520,0.5458937198067633
1686,2328,4014,0.7242268041237113
1536,2512,4048,0.6114649681528662
1421,2566,3987,0.553780202650039
704,1137,1841,0.6191732629727352
1161,2089,3250,0.5557683101962662
923,1563,2486,0.5905310300703774
1134,2019,3153,0.5616641901931649
1534,2390,3924,0.6418410041841004
982,1865,2847,0.5265415549597855
1200,1776,2976,0.6756756756756757
842,1476,2318,0.5704607046070461
1324,2541,3865,0.5210547028728847
1409,2344,3753,0.6011092150170648
968,2054,3022,0.4712755598831548
1624,2339,3963,0.6943138093202224
1328,2274,3602,0.5839929639401935
1286,2031,3317,0.6331856228458888
969,2220,3189,0.4364864864864864
1062,2586,3648,0.4106728538283062
1300,1893,3193,0.6867406233491812
1497,2345,3842,0.6383795309168443
1228,2470,3698,0.497165991902834
1207,1781,2988,0.6777091521617069
1200,1912,3112,0.6276150627615062
1301,2434,3735,0.5345110928512736
971,1497,2468,0.648630594522378
1148,1582,2730,0.7256637168141593
1411,2297,3708,0.6142794949934698
1049,1655,2704,0.6338368580060423
1319,2188,3507,0.6028336380255942
1360,2411,3771,0.5640812940688511
1495,2540,4035,0.5885826771653543
1540,2130,3670,0.7230046948356808
1002,1421,2423,0.705137227304715
1148,1979,3127,0.5800909550277918
1142,1882,3024,0.6068012752391073
1112,1748,2860,0.6361556064073226
1014,1568,2582,0.6466836734693877
1393,2270,3663,0.6136563876651983
1338,2148,3486,0.6229050279329609
1227,2736,3963,0.4484649122807017
1402,1980,3382,0.7080808080808081
1224,2282,3506,0.5363716038562665
1320,2176,3496,0.6066176470588235
1011,1822,2833,0.5548847420417125
1100,1625,2725,0.676923076923077
1166,1697,2863,0.6870948733058339
1283,1920,3203,0.6682291666666667
961,1957,2918,0.4910577414409811
926,1416,2342,0.653954802259887
1537,2209,3746,0.695789950203712
1084,1797,2881,0.6032276015581525
806,1274,2080,0.6326530612244898
1544,2175,3719,0.7098850574712644
783,1285,2068,0.6093385214007782
814,1263,2077,0.6444972288202692
1191,2499,3690,0.4765906362545018
1354,2191,3545,0.6179826563213144
1489,2200,3689,0.6768181818181818
1302,1914,3216,0.6802507836990596
1428,2189,3617,0.652352672453175
1093,1862,2955,0.5870032223415682
1081,1647,2728,0.6563448694596236
1244,2133,3377,0.583216127519925
1382,2214,3596,0.6242095754290876
982,1742,2724,0.563719862227325
1041,1768,2809,0.5888009049773756
1156,2331,3487,0.4959244959244959
1695,2268,3963,0.7473544973544973
1261,2420,3681,0.5210743801652893
1391,2164,3555,0.6427911275415896
1074,2068,3142,0.5193423597678917
1279,2396,3675,0.5338063439065108
743,1802,2545,0.4123196448390677
1393,2059,3452,0.6765420106847985
1132,2244,3376,0.5044563279857398
1146,1935,3081,0.5922480620155038
1473,2271,3744,0.6486129458388376
1046,1908,2954,0.5482180293501048
997,1646,2643,0.6057108140947752
682,1051,1733,0.6489058039961941
1422,2667,4089,0.5331833520809899
911,1525,2436,0.5973770491803279
922,1669,2591,0.5524266027561414
1339,2361,3700,0.5671325709445151
1458,2428,3886,0.600494233937397
1187,1824,3011,0.6507675438596491
1389,2549,3938,0.5449195763044331
945,1697,2642,0.5568650559811432
1453,2055,3508,0.7070559610705596
1050,1987,3037,0.5284348263714141
1110,2480,3590,0.4475806451612903
1092,1795,2887,0.6083565459610027
1368,2153,3521,0.6353924756154203
1287,2146,3433,0.5997204100652377
1553,2447,4000,0.6346546791990192
1067,1825,2892,0.5846575342465753
1212,1964,3176,0.6171079429735234
1231,1895,3126,0.6496042216358839
1231,1931,3162,0.6374935266701192
802,1560,2362,0.514102564102564
1132,2064,3196,0.5484496124031008
1503,2070,3573,0.7260869565217392
1164,2364,3528,0.4923857868020304
1086,1894,2980,0.573389651531151
1342,1985,3327,0.6760705289672544
893,1727,2620,0.5170816444701795
1170,1984,3154,0.5897177419354839
1008,1749,2757,0.5763293310463122
1139,2588,3727,0.4401081916537867
1239,1989,3228,0.6229260935143288
1451,2590,4041,0.5602316602316603
1332,2343,3675,0.5685019206145967
1145,1594,2739,0.7183186951066499
1147,1746,2893,0.656930126002291
1360,2333,3693,0.5829404200600086
1267,1772,3039,0.7150112866817155
1446,2089,3535,0.6921972235519387
1048,1570,2618,0.6675159235668789
1307,2123,3430,0.6156382477626001
998,1574,2572,0.6340533672172808
1447,2064,3511,0.7010658914728682
1418,2004,3422,0.7075848303393214
1406,2158,3564,0.6515291936978684
1103,1812,2915,0.6087196467991169
931,1316,2247,0.7074468085106383
1143,2223,3366,0.5141700404858299
1523,2336,3859,0.6519691780821918
1317,2516,3833,0.5234499205087441
1306,2033,3339,0.6424003935071323
1344,2364,3708,0.5685279187817259
1096,1478,2574,0.7415426251691475
1035,1733,2768,0.5972302365839585
1318,2132,3450,0.6181988742964353
563,1617,2180,0.3481756338899196
1149,2160,3309,0.5319444444444444
1036,1357,2393,0.763448784082535
884,1716,2600,0.5151515151515151
1227,1850,3077,0.6632432432432432
1283,2272,3555,0.5647007042253521
977,1935,2912,0.5049095607235142
1436,2297,3733,0.6251632564214192
1148,1809,2957,0.6346047540077391
1125,2433,3558,0.4623921085080148
1016,1622,2638,0.6263871763255241
1395,2532,3927,0.5509478672985783
966,1640,2606,0.5890243902439024
1560,2242,3802,0.695807314897413
1215,1788,3003,0.6795302013422819
1517,1840,3357,0.8244565217391304
945,1162,2107,0.8132530120481928
1533,2176,3709,0.7045036764705882
812,1498,2310,0.5420560747663551
1201,2028,3229,0.5922090729783037
1270,2180,3450,0.5825688073394495
1447,2393,3840,0.6046803175929796
955,1481,2436,0.6448345712356516
1392,1974,3366,0.7051671732522796
1386,2402,3788,0.5770191507077436
1131,1672,2803,0.6764354066985646
1234,1889,3123,0.6532556908417152
1459,2415,3874,0.6041407867494824
1434,2213,3647,0.6479891549932218
1094,1750,2844,0.6251428571428571
754,1195,1949,0.6309623430962343
1416,2650,4066,0.5343396226415095
1318,1981,3299,0.6653205451792025
1124,1952,3076,0.5758196721311475
1282,2533,3815,0.5061192262139755
1498,2534,4032,0.5911602209944752
871,2044,2915,0.4261252446183953
1320,1967,3287,0.6710726995424504
780,1179,1959,0.6615776081424937
1336,2052,3388,0.6510721247563352
1606,2386,3992,0.6730930427493713
1438,1499,2937,0.9593062041360908
1211,2027,3238,0.5974346324617662
1157,1802,2959,0.6420643729189789
1514,2549,4063,0.5939584150647312
763,1244,2007,0.6133440514469454
1036,1827,2863,0.5670498084291188
865,1277,2142,0.6773688332028192
1057,1397,2454,0.7566213314244811
838,2513,3351,0.3334659769200159
975,1926,2901,0.5062305295950156
1156,1764,2920,0.655328798185941
930,1213,2143,0.7666941467436109
1347,2404,3751,0.5603161397670549
792,1557,2349,0.5086705202312138
913,1777,2690,0.5137872819358469
1041,1639,2680,0.6351433801098231
1231,2149,3380,0.5728245695672406
1194,2484,3678,0.4806763285024155
1488,2210,3698,0.6733031674208145
798,1301,2099,0.6133743274404304
1454,2333,3787,0.6232318902700386
1259,1965,3224,0.6407124681933842
863,1326,2189,0.6508295625942685
764,1161,1925,0.6580534022394487
1179,1406,2585,0.8385490753911806
754,1288,2042,0.5854037267080745
900,1493,2393,0.6028131279303416
786,1351,2137,0.5817912657290896
1012,1742,2754,0.5809414466130884
1087,1809,2896,0.6008844665561084
1160,2088,3248,0.5555555555555556
1038,1967,3005,0.5277071682765633
1436,2452,3888,0.5856443719412724
1590,2268,3858,0.701058201058201
982,1736,2718,0.565668202764977
1004,1888,2892,0.5317796610169492
1136,1799,2935,0.631461923290717
825,1540,2365,0.5357142857142857
927,1419,2346,0.653276955602537
1345,2605,3950,0.5163147792706334
1279,2138,3417,0.59822263797942
779,1277,2056,0.6100234925606891
1075,2012,3087,0.5342942345924453
1395,2604,3999,0.5357142857142857
1121,1893,3014,0.5921817221341785
705,1345,2050,0.5241635687732342
972,1713,2685,0.5674255691768827
900,1557,2457,0.5780346820809249
1216,1780,2996,0.6831460674157304
871,1611,2482,0.5406579764121664
1234,1860,3094,0.6634408602150538
1486,1971,3457,0.7539320142059868
537,820,1357,0.6548780487804878
1227,2086,3313,0.5882070949185043
1480,2203,3683,0.6718111665910123
1533,2241,3774,0.6840696117804551
1634,2088,3722,0.7825670498084292
1086,2027,3113,0.5357671435619141
800,1293,2093,0.6187161639597835
952,1561,2513,0.6098654708520179
738,1086,1824,0.6795580110497238
1136,2391,3527,0.4751150146382267
1269,1962,3231,0.6467889908256881
1433,2300,3733,0.6230434782608696
1271,1773,3044,0.7168640721940215
1506,2078,3584,0.7247353224254091
1085,1613,2698,0.6726596404215747
912,1943,2855,0.4693772516726711
1193,2306,3499,0.5173460537727667
1233,2748,3981,0.4486899563318777
1049,1715,2764,0.611661807580175
1367,2524,3891,0.5416006339144216
1294,1681,2975,0.7697798929208804
1414,2394,3808,0.5906432748538012
1271,1585,2856,0.8018927444794953
1462,2506,3968,0.5833998403830806
836,1338,2174,0.624813153961136
1559,2532,4091,0.6157187993680885
1209,1676,2885,0.7213603818615751
1249,2349,3598,0.5317156236696466
1456,2308,3764,0.6308492201039861
1381,2263,3644,0.6102518780380026
1156,2464,3620,0.4691558441558441
1283,1621,2904,0.7914867365823566
1118,1703,2821,0.6564885496183206
1146,1753,2899,0.6537364517969195
1372,2148,3520,0.638733705772812
1374,1926,3300,0.7133956386292835
1423,2235,3658,0.6366890380313199
1114,2044,3158,0.5450097847358122
1224,2075,3299,0.5898795180722891
1485,2422,3907,0.6131296449215524
1146,1934,3080,0.5925542916235781
1298,2109,3407,0.6154575628259839
1433,2341,3774,0.6121315677061085
1456,2020,3476,0.7207920792079208
1456,1957,3413,0.743995912110373
856,2113,2969,0.4051112162801704
1326,2376,3702,0.5580808080808081
1260,2082,3342,0.6051873198847262
1445,2219,3664,0.651194231635872
1170,1912,3082,0.6119246861924686
1392,2508,3900,0.5550239234449761
1211,2341,3552,0.5173002990175138
1616,2472,4088,0.6537216828478964
1395,2022,3417,0.6899109792284867
1212,1890,3102,0.6412698412698413
1076,2024,3100,0.5316205533596838
901,1578,2479,0.5709759188846641
1486,2454,3940,0.6055419722901385
1229,1906,3135,0.6448058761804827
1047,2055,3102,0.5094890510948905
1027,1973,3000,0.5205271160669032
1180,1583,2763,0.7454200884396716
1316,2478,3794,0.5310734463276836
1263,1516,2779,0.83311345646438
1166,1998,3164,0.5835835835835835
1348,2410,3758,0.5593360995850623
1295,2362,3657,0.548264182895851
902,1606,2508,0.5616438356164384
1503,2107,3610,0.7133364973896535
1394,1985,3379,0.7022670025188917
1134,2010,3144,0.564179104477612
1444,2650,4094,0.5449056603773584
1457,2341,3798,0.6223835967535242
817,1883,2700,0.4338821030270844
1155,2022,3177,0.5712166172106825
465,865,1330,0.5375722543352601
1225,2140,3365,0.572429906542056
1425,2263,3688,0.6296950950066283
1509,2377,3886,0.6348338241480859
1451,2574,4025,0.5637140637140637
1311,2239,3550,0.5855292541313086
1634,2418,4052,0.6757650951199339
1532,2258,3790,0.6784765279007972
1442,2445,3887,0.5897750511247444
1576,2456,4032,0.6416938110749185
1605,2238,3843,0.7171581769436998
1604,2327,3931,0.6892995272883541
1576,2229,3805,0.7070435172723194
1231,1918,3149,0.6418143899895725
1558,2280,3838,0.6833333333333333
1477,2355,3832,0.627176220806794
1395,2220,3615,0.6283783783783784
1490,2358,3848,0.631891433418151
1616,2161,3777,0.7478019435446552
1280,2230,3510,0.5739910313901345
1522,2530,4052,0.6015810276679842
1605,2380,3985,0.6743697478991597
1456,2255,3711,0.6456762749445676
1326,2220,3546,0.5972972972972973
1516,2422,3938,0.6259289843104872
1520,2261,3781,0.6722689075630253
1566,2525,4091,0.6201980198019802
1278,2237,3515,0.5713008493518105
1479,2452,3931,0.6031810766721044
1368,2200,3568,0.6218181818181818
1420,2281,3701,0.6225339763261727
1735,2280,4015,0.7609649122807017
1087,1625,2712,0.668923076923077
1619,2392,4011,0.6768394648829431
1703,2315,4018,0.7356371490280778
1339,1912,3251,0.7003138075313807
1093,1570,2663,0.6961783439490445
1150,1788,2938,0.6431767337807607
127,99,226,1.2828282828282829
128,194,322,0.6597938144329897
1479,2288,3767,0.646416083916084
1458,2215,3673,0.6582392776523702
745,1176,1921,0.6335034013605442
1221,1936,3157,0.6306818181818182
1876,1703,3579,1.1015854374633
15,21,36,0.7142857142857143
368,627,995,0.5869218500797448
1557,2352,3909,0.6619897959183674
952,1347,2299,0.7067557535263549
1498,2325,3823,0.6443010752688172
1206,2201,3407,0.5479327578373466
624,876,1500,0.7123287671232876
1620,2227,3847,0.7274360125729681
974,1535,2509,0.634527687296417
1360,2337,3697,0.5819426615318785
1492,2360,3852,0.6322033898305085
1533,2398,3931,0.6392827356130109
1418,2220,3638,0.6387387387387388
1148,1765,2913,0.6504249291784703
1538,2361,3899,0.6514188903007201
1119,2084,3203,0.5369481765834933
1247,2179,3426,0.5722808627810922
1337,2474,3811,0.5404203718674212
1516,2475,3991,0.6125252525252525
1191,2440,3631,0.4881147540983606
1254,2430,3684,0.5160493827160494
1460,2441,3901,0.5981155264235969
1473,2544,4017,0.5790094339622641
1469,2428,3897,0.6050247116968699
1436,2622,4058,0.547673531655225
1557,2393,3950,0.6506477225240285
1354,2589,3943,0.5229818462726922
1241,1997,3238,0.6214321482223335
1301,2370,3671,0.5489451476793249
1604,2407,4011,0.6663896967179062
1335,2303,3638,0.5796786799826313
1398,2671,4069,0.523399475851741
1514,2558,4072,0.5918686473807663
1449,2449,3898,0.5916700694160882
1256,2278,3534,0.5513608428446005
1300,2279,3579,0.5704256252742431
1109,1871,2980,0.5927311598075895
1192,2227,3419,0.5352492141894926
1599,2313,3912,0.6913099870298314
1185,2239,3424,0.5292541313086199
1425,2261,3686,0.6302521008403361
1233,2119,3352,0.5818782444549315
1449,2276,3725,0.6366432337434095
1296,2466,3762,0.5255474452554745
1375,2540,3915,0.5413385826771654
1341,2433,3774,0.5511713933415536
1404,2454,3858,0.5721271393643031
941,1460,2401,0.6445205479452055
1204,1843,3047,0.6532826912642431
1524,2148,3672,0.7094972067039106
1438,2097,3535,0.6857415355269433
1058,1742,2800,0.6073478760045924
1432,2285,3717,0.6266958424507658
1314,2162,3476,0.6077705827937095
1070,1531,2601,0.6988896146309601
1376,2436,3812,0.5648604269293924
1416,2487,3903,0.5693606755126659
1475,2471,3946,0.5969243221367867
1187,1955,3142,0.6071611253196931
1033,1729,2762,0.5974551764025449
1231,1639,2870,0.7510677242220867
1292,2142,3434,0.6031746031746031
766,1181,1947,0.6486028789161727
1133,1861,2994,0.6088124664159055
949,1742,2691,0.5447761194029851
1267,2278,3545,0.5561896400351185
1225,1891,3116,0.6478053939714437
961,1695,2656,0.5669616519174041
1076,1608,2684,0.6691542288557214
1008,1797,2805,0.5609348914858097
1183,1893,3076,0.6249339672477549
1114,1847,2961,0.6031402273957769
711,1164,1875,0.6108247422680413
275,372,647,0.739247311827957
488,875,1363,0.5577142857142857
747,1331,2078,0.5612321562734786
1017,1717,2734,0.5923121723937099
924,1623,2547,0.5693160813308688
777,1339,2116,0.5802837938760269
1129,1617,2746,0.6982065553494124
1345,2439,3784,0.5514555145551455
1388,2338,3726,0.5936698032506416
1100,2043,3143,0.5384238864415076
1107,1615,2722,0.6854489164086688
1193,1829,3022,0.6522689994532531
984,1622,2606,0.6066584463625154
984,1731,2715,0.5684575389948007
1550,2325,3875,0.6666666666666666
1012,1506,2518,0.6719787516600265
1223,2150,3373,0.5688372093023256
1231,2299,3530,0.535450195737277
1229,2062,3291,0.596023278370514
1479,2122,3601,0.6969839773798303
1452,2123,3575,0.6839378238341969
1341,2050,3391,0.6541463414634147
1315,1992,3307,0.660140562248996
430,912,1342,0.4714912280701754
1219,2377,3596,0.5128312999579302
1287,2212,3499,0.5818264014466547
1407,2227,3634,0.6317916479568927
1297,2086,3383,0.62176414189837
1288,2191,3479,0.5878594249201278
837,1658,2495,0.5048250904704463
1281,1819,3100,0.7042330951072018
1093,1597,2690,0.6844082654978084
1399,2280,3679,0.6135964912280701
1374,2202,3576,0.6239782016348774
926,1433,2359,0.6461967899511515
989,1793,2782,0.5515895147796989
1126,2092,3218,0.5382409177820268
753,1304,2057,0.5774539877300614
814,1351,2165,0.6025166543301258
788,1397,2185,0.5640658554044381
1341,2249,3590,0.5962650066696309
1160,1958,3118,0.59244126659857
1033,1781,2814,0.5800112296462662
1512,2402,3914,0.6294754371357202
1465,2454,3919,0.5969845150774246
1264,2050,3314,0.6165853658536585
1510,2476,3986,0.6098546042003231
1115,1861,2976,0.5991402471789361
1355,2052,3407,0.6603313840155945
890,1241,2131,0.717163577759871
1563,2442,4005,0.64004914004914
1429,2442,3871,0.5851760851760852
1286,2119,3405,0.6068900424728646
1278,1837,3115,0.6956995100707676
1550,2436,3986,0.6362889983579638
1439,2310,3749,0.6229437229437229
1500,2387,3887,0.6284038542103059
1369,1775,3144,0.7712676056338028
1538,2460,3998,0.6252032520325204
1164,2007,3171,0.5799701046337817
982,1421,2403,0.6910626319493315
924,1455,2379,0.6350515463917525
1098,1879,2977,0.584353379457158
745,1237,1982,0.6022635408245756
1041,1826,2867,0.5700985761226726
1489,2606,4095,0.5713737528779739
1275,2515,3790,0.5069582504970179
1406,2595,4001,0.5418111753371869
825,1631,2456,0.5058246474555488
1506,2501,4007,0.6021591363454618
1380,2665,4045,0.5178236397748592
1540,2423,3963,0.6355757325629385
1500,2209,3709,0.679040289723857
1415,2281,3696,0.6203419552827707
1532,2337,3869,0.6555412922550278
1444,2523,3967,0.5723345223939754
1549,2481,4030,0.6243450221684804
1598,2453,4051,0.6514472075010191
1505,2319,3824,0.6489866321690384
1520,2302,3822,0.6602953953084274
1207,2507,3714,0.4814519345831671
1169,2086,3255,0.5604026845637584
1383,2628,4011,0.526255707762557
1429,2291,3720,0.6237450894805762
1254,2277,3531,0.5507246376811594
1428,2375,3803,0.6012631578947368
1241,2424,3665,0.511963696369637
1441,2268,3709,0.6353615520282186
1303,2228,3531,0.5848294434470377
1357,2172,3529,0.6247697974217311
1516,2515,4031,0.6027833001988071
1570,2375,3945,0.6610526315789473
1577,2186,3763,0.7214089661482159
1295,1961,3256,0.660377358490566
1238,2526,3764,0.4901029295328583
1205,2368,3573,0.5088682432432432
1280,2041,3321,0.6271435570798628
1197,2053,3250,0.5830491962981004
1519,2538,4057,0.5985027580772262
1355,2133,3488,0.6352555086732302
1308,2305,3613,0.5674620390455531
1002,1869,2871,0.536115569823435
1211,2129,3340,0.5688116486613434
916,1736,2652,0.5276497695852534
1366,2655,4021,0.5145009416195857
1507,2452,3959,0.6146003262642741
1508,2459,3967,0.6132574217161447
940,1398,2338,0.6723891273247496
1446,2246,3692,0.6438112199465716
1373,2188,3561,0.6275137111517367
1298,2335,3633,0.5558886509635974
1375,2278,3653,0.6035996488147498
1229,2044,3273,0.6012720156555773
1280,2006,3286,0.638085742771685
1282,2041,3323,0.6281234688878001
1486,2278,3764,0.6523266022827041
1262,2087,3349,0.6046957355055103
1160,2022,3182,0.5736894164193868
1383,2353,3736,0.5877603059923502
1509,2401,3910,0.6284881299458559
1383,2419,3802,0.5717238528317486
1372,2398,3770,0.5721434528773979
1421,2483,3904,0.5722915827627869
1341,2575,3916,0.5207766990291263
1461,2228,3689,0.6557450628366248
1183,2212,3395,0.5348101265822784
1305,2154,3459,0.6058495821727019
1277,2530,3807,0.5047430830039525
1253,2190,3443,0.5721461187214611
1394,2166,3560,0.6435826408125577
1413,2479,3892,0.5699878983461073
1326,1961,3287,0.676185619581846
1448,2628,4076,0.5509893455098934
1381,2577,3958,0.5358944509119131
1416,2346,3762,0.6035805626598465
1406,2047,3453,0.6868588177821202
1585,2322,3907,0.6826012058570198
1562,2498,4060,0.6253002401921537
1362,2404,3766,0.5665557404326124
1441,2312,3753,0.6232698961937716
1452,2402,3854,0.604496253122398
1352,2637,3989,0.5127038301099734
1362,2371,3733,0.574441164065795
1446,2625,4071,0.5508571428571428
1361,2650,4011,0.5135849056603774
1125,1946,3071,0.5781089414182939
1508,2580,4088,0.5844961240310077
1150,2091,3241,0.549976087996174
1407,2059,3466,0.6833414278776105
1521,2444,3965,0.6223404255319149
1095,1983,3078,0.5521936459909228
1411,2255,3666,0.6257206208425721
1464,2332,3796,0.62778730703259
1348,2534,3882,0.531965272296764
1296,2132,3428,0.6078799249530957
1429,2393,3822,0.5971583786042625
1389,2463,3852,0.5639464068209501
1543,2463,4006,0.6264717823792123
1120,1946,3066,0.5755395683453237
1430,2320,3750,0.6163793103448276
1138,1778,2916,0.6400449943757031
1436,2528,3964,0.5680379746835443
1035,1653,2688,0.6261343012704175
1465,2234,3699,0.6557743957027753
1382,2051,3433,0.673817649926865
1328,2368,3696,0.5608108108108109
1103,1988,3091,0.5548289738430584
1323,2385,3708,0.5547169811320755
1451,2619,4070,0.5540282550591829
1220,2094,3314,0.5826170009551098
1519,2188,3707,0.6942413162705667
945,2044,2989,0.4623287671232877
1241,2266,3507,0.5476610767872904
1408,2645,4053,0.5323251417769376
1403,2688,4091,0.5219494047619048
1177,2599,3776,0.4528664871104271
1493,2541,4034,0.5875639512003148
1465,2329,3794,0.6290253327608416
1568,2419,3987,0.6482017362546507
1174,2171,3345,0.54076462459696
1149,2154,3303,0.5334261838440112
1603,2409,4012,0.6654213366542133
1504,2506,4010,0.6001596169193935
1526,2451,3977,0.6226030191758466
1227,2307,3534,0.5318595578673602
1356,2393,3749,0.5666527371500208
1002,1894,2896,0.529039070749736
1263,2356,3619,0.5360780984719864
1336,2585,3921,0.5168278529980658
1238,1982,3220,0.6246215943491423
1493,2516,4009,0.5934022257551669
1441,2645,4086,0.5448015122873346
1404,2362,3766,0.594411515664691
1419,2459,3878,0.577063847092314
1394,2096,3490,0.6650763358778626
1453,2524,3977,0.5756735340729001
1313,2278,3591,0.5763827919227392
1439,2290,3729,0.6283842794759825
1220,2200,3420,0.5545454545454546
1381,2389,3770,0.5780661364587694
1383,2456,3839,0.5631107491856677
1038,1847,2885,0.5619924201407688
1551,2389,3940,0.6492256174131436
1342,2105,3447,0.6375296912114015
1357,2336,3693,0.5809075342465754
1459,2290,3749,0.637117903930131
1615,2395,4010,0.6743215031315241
1424,2638,4062,0.5398028809704322
1056,1966,3022,0.5371312309257376
1545,2287,3832,0.6755574989068649
1392,2108,3500,0.6603415559772297
1405,2218,3623,0.633453561767358
1434,2340,3774,0.6128205128205129
1471,2502,3973,0.5879296562749801
1435,2563,3998,0.5598907530238002
1284,2269,3553,0.5658880564125165
1462,2483,3945,0.5888038662907773
1388,2476,3864,0.5605815831987075
1494,2506,4000,0.596169193934557
1280,2326,3606,0.5503009458297506
1455,2185,3640,0.665903890160183
1693,2349,4042,0.7207322264793529
1610,2333,3943,0.690098585512216
1711,2380,4091,0.7189075630252101
1603,2357,3960,0.680101824352991
1738,2352,4090,0.7389455782312925
1724,2364,4088,0.7292724196277496
1610,2437,4047,0.6606483381206402
1804,2292,4096,0.787085514834206
1759,2222,3981,0.7916291629162916
1539,2263,3802,0.6800707026071586
1585,2479,4064,0.6393707139975797
1693,2393,4086,0.7074801504387798
1569,2350,3919,0.6676595744680851
1539,2312,3851,0.6656574394463668
1631,2298,3929,0.7097476066144474
1566,2517,4083,0.6221692491060786
1593,2453,4046,0.6494088870770485
1595,2459,4054,0.6486376575843839
1646,2386,4032,0.6898575020955574
1606,2392,3998,0.6714046822742475
1459,2000,3459,0.7295
1540,2216,3756,0.6949458483754513
1580,2167,3747,0.7291185971389017
1567,2260,3827,0.6933628318584071
1637,2064,3701,0.7931201550387597
1713,2279,3992,0.751645458534445
1720,2290,4010,0.7510917030567685
1508,2428,3936,0.6210873146622735
1584,2262,3846,0.7002652519893899
1518,2348,3866,0.6465076660988075
1599,1877,3476,0.851891315929675
1715,1992,3707,0.8609437751004017
1866,1943,3809,0.9603705609881626
1547,2051,3598,0.7542662116040956
1683,1967,3650,0.8556176919166243
1719,2107,3826,0.8158519221642145
1422,1990,3412,0.714572864321608
1716,2217,3933,0.774018944519621
1787,2162,3949,0.8265494912118408
1672,2105,3777,0.7942992874109264
1525,1777,3302,0.8581879572312887
2037,1927,3964,1.0570835495589
1621,2301,3922,0.7044763146458062
1696,2237,3933,0.7581582476531068
1444,2219,3663,0.6507435781883731
1804,2233,4037,0.8078817733990148
1609,2266,3875,0.7100617828773168
1678,2037,3715,0.8237604320078546
1707,2288,3995,0.7460664335664335
1616,2153,3769,0.7505805852299118
1584,2211,3795,0.7164179104477612
1597,2021,3618,0.7902028698664028
1707,2188,3895,0.7801645338208409
1718,2353,4071,0.7301317467063323
1585,2022,3607,0.7838773491592482
1674,2251,3925,0.7436694802310084
1469,1812,3281,0.8107064017660044
1761,2196,3957,0.8019125683060109
1654,2136,3790,0.7743445692883895
1638,2380,4018,0.6882352941176471
1667,2408,4075,0.6922757475083057
1636,1898,3534,0.8619599578503688
1519,2408,3927,0.6308139534883721
1672,2309,3981,0.7241229969683846
1776,2086,3862,0.8513902205177373
1349,2142,3491,0.6297852474323062
1542,2303,3845,0.6695614415979158
1747,2303,4050,0.7585757707338254
1671,2393,4064,0.69828666945257
1835,1928,3763,0.9517634854771784
1599,1950,3549,0.82
1706,2345,4051,0.7275053304904051
1637,2204,3841,0.7427404718693285
1780,2227,4007,0.7992815446789403
1639,2261,3900,0.7249004865103936
1026,1653,2679,0.6206896551724138
1060,1427,2487,0.7428170988086895
875,1249,2124,0.7005604483586869
987,1408,2395,0.7009943181818182
1190,1516,2706,0.7849604221635884
977,1431,2408,0.6827393431167016
1105,1531,2636,0.7217504898758981
1054,1630,2684,0.6466257668711657
1153,1545,2698,0.7462783171521036
883,1272,2155,0.6941823899371069
881,1325,2206,0.6649056603773585
913,1327,2240,0.6880180859080633
917,1267,2184,0.7237569060773481
994,1463,2457,0.6794258373205742
1025,1409,2434,0.7274662881476224
977,1336,2313,0.7312874251497006
1159,1732,2891,0.6691685912240185
864,1279,2143,0.6755277560594214
994,1492,2486,0.6662198391420912
791,1209,2000,0.6542597187758478
802,1148,1950,0.6986062717770035
1085,1439,2524,0.753995830437804
992,1509,2501,0.6573889993373094
854,1241,2095,0.6881547139403706
1078,1540,2618,0.7
973,1458,2431,0.6673525377229081
587,760,1347,0.7723684210526316
1143,1560,2703,0.7326923076923076
891,1331,2222,0.6694214876033058
884,1253,2137,0.7055067837190743
738,1192,1930,0.6191275167785235
1137,1575,2712,0.7219047619047619
1077,1461,2538,0.7371663244353183
936,1370,2306,0.6832116788321168
941,1308,2249,0.7194189602446484
833,1234,2067,0.6750405186385737
1229,1579,2808,0.7783407219759342
907,1389,2296,0.6529877609791217
811,1022,1833,0.7935420743639922
1106,1557,2663,0.7103403982016698
1037,1484,2521,0.6987870619946092
1199,1699,2898,0.7057092407298411
999,1451,2450,0.6884906960716747
1018,1388,2406,0.7334293948126801
975,1542,2517,0.632295719844358
1217,1688,2905,0.7209715639810427
1061,1588,2649,0.6681360201511335
849,1333,2182,0.6369092273068268
1110,1572,2682,0.7061068702290076
1097,1684,2781,0.6514251781472684
994,1424,2418,0.6980337078651685
1140,1361,2501,0.8376193975018369
1025,1482,2507,0.6916329284750338
1011,1484,2495,0.681266846361186
898,1142,2040,0.7863397548161121
858,1389,2247,0.6177105831533477
999,1300,2299,0.7684615384615384
1015,1215,2230,0.8353909465020576
1102,1459,2561,0.7553118574366005
769,1166,1935,0.6595197255574614
995,1351,2346,0.7364914877868246
978,1238,2216,0.789983844911147
1062,1513,2575,0.7019167217448777
1031,1549,2580,0.6655907036797934
822,1276,2098,0.6442006269592476
957,1270,2227,0.7535433070866142
862,1380,2242,0.6246376811594203
699,1041,1740,0.6714697406340058
1080,1591,2671,0.6788183532369579
1117,1644,2761,0.6794403892944039
1167,1465,2632,0.7965870307167235
1025,1590,2615,0.6446540880503144
820,1188,2008,0.6902356902356902
945,1261,2206,0.7494052339413164
1097,1390,2487,0.7892086330935252
1198,1534,2732,0.7809647979139505
1044,1647,2691,0.6338797814207651
827,1269,2096,0.6516942474389283
949,1456,2405,0.6517857142857143
1019,1475,2494,0.6908474576271186
979,1497,2476,0.6539746158984636
771,1231,2002,0.6263200649878148
1110,1669,2779,0.6650689035350509
976,1301,2277,0.7501921598770177
1173,1646,2819,0.712636695018226
1132,1321,2453,0.8569265707797123
929,1305,2234,0.7118773946360153
928,1370,2298,0.6773722627737226
846,1274,2120,0.6640502354788069
938,1071,2009,0.8758169934640523
762,1027,1789,0.7419668938656281
792,1172,1964,0.6757679180887372
895,1139,2034,0.7857769973661106
863,1310,2173,0.6587786259541984
1008,1489,2497,0.6769644056413701
941,978,1919,0.9621676891615542
787,1137,1924,0.6921723834652594
1177,1558,2735,0.7554557124518614
945,1489,2434,0.6346541302887844
946,1130,2076,0.8371681415929203
1128,1501,2629,0.7514990006662225
650,1051,1701,0.6184586108468125
894,1174,2068,0.7614991482112436
1182,1550,2732,0.7625806451612903
1014,1277,2291,0.7940485512920908
1105,1669,2774,0.6620730976632714
852,1232,2084,0.6915584415584416
1197,1484,2681,0.8066037735849056
1125,1428,2553,0.7878151260504201
1028,1485,2513,0.6922558922558922
1040,1453,2493,0.7157604955264969
1154,1679,2833,0.6873138773079214
947,1189,2136,0.7964676198486123
653,785,1438,0.8318471337579618
889,1034,1923,0.8597678916827853
707,881,1588,0.8024971623155505
907,1080,1987,0.8398148148148148
1095,1477,2572,0.7413676371022343
905,1305,2210,0.6934865900383141
938,1276,2214,0.7351097178683386
1099,1467,2566,0.7491479209270621
889,1222,2111,0.7274959083469722
1053,1518,2571,0.6936758893280632
1090,1554,2644,0.7014157014157014
793,1071,1864,0.7404295051353875
1039,1499,2538,0.6931287525016678
1007,1528,2535,0.6590314136125655
1066,1486,2552,0.7173620457604307
711,972,1683,0.7314814814814815
960,1307,2267,0.7345065034429993
1035,1542,2577,0.6712062256809338
778,1121,1899,0.6940231935771632
915,1339,2254,0.6833457804331591
1068,1562,2630,0.6837387964148528
1036,1335,2371,0.7760299625468164
817,1018,1835,0.8025540275049116
1041,1502,2543,0.6930758988015979
889,1272,2161,0.6988993710691824
895,1075,1970,0.8325581395348837
1186,1856,3042,0.6390086206896551
1116,1647,2763,0.6775956284153005
1223,1858,3081,0.6582346609257266
1039,1501,2540,0.6922051965356429
830,1131,1961,0.7338638373121131
938,1514,2452,0.619550858652576
1062,1462,2524,0.7264021887824897
886,1154,2040,0.7677642980935875
1034,1518,2552,0.6811594202898551
734,946,1680,0.7758985200845666
806,1157,1963,0.6966292134831461
957,1370,2327,0.6985401459854015
1027,1414,2441,0.7263083451202264
727,1080,1807,0.6731481481481482
861,1257,2118,0.684964200477327
1127,1553,2680,0.7256922086284611
1097,1777,2874,0.6173325830050647
741,1147,1888,0.6460331299040977
1078,1601,2679,0.6733291692692067
1009,1408,2417,0.7166193181818182
908,1202,2110,0.7554076539101497
521,684,1205,0.7616959064327485
970,1383,2353,0.7013738250180767
858,1339,2197,0.6407766990291263
1093,1529,2622,0.7148463047743623
894,1065,1959,0.8394366197183099
1073,1426,2499,0.7524544179523142
791,1272,2063,0.6218553459119497
672,863,1535,0.7786790266512167
606,810,1416,0.7481481481481481
1212,1647,2859,0.7358834244080146
984,1484,2468,0.6630727762803235
1061,1585,2646,0.6694006309148265
895,1355,2250,0.6605166051660517
931,1440,2371,0.6465277777777778
826,1324,2150,0.6238670694864048
758,1237,1995,0.6127728375101051
1071,1560,2631,0.6865384615384615
703,1073,1776,0.6551724137931034
832,1166,1998,0.7135506003430532
1059,1530,2589,0.692156862745098
1034,1525,2559,0.6780327868852459
1051,1531,2582,0.6864794252122796
718,1043,1761,0.6883988494726749
806,1085,1891,0.7428571428571429
843,1123,1966,0.7506678539626002
975,1311,2286,0.7437070938215103
1083,1470,2553,0.736734693877551
927,1355,2282,0.6841328413284132
884,1344,2228,0.6577380952380952
1027,1514,2541,0.678335535006605
939,1360,2299,0.6904411764705882
1135,1724,2859,0.6583526682134571
1069,1613,2682,0.6627402355858648
953,1464,2417,0.6509562841530054
967,1367,2334,0.7073884418434528
1166,1568,2734,0.7436224489795918
1000,1136,2136,0.8802816901408451
1039,1365,2404,0.7611721611721611
1029,1580,2609,0.6512658227848102
834,1257,2091,0.6634844868735084
899,1371,2270,0.6557257476294676
961,1395,2356,0.6888888888888889
1076,1382,2458,0.7785817655571635
925,1390,2315,0.6654676258992805
869,1099,1968,0.7907188353048226
926,1319,2245,0.7020470053070508
1150,1603,2753,0.7174048658764816
879,1189,2068,0.7392767031118587
1010,1332,2342,0.7582582582582582
697,796,1493,0.8756281407035176
812,1181,1993,0.6875529212531752
947,1215,2162,0.7794238683127572
892,1162,2054,0.7676419965576592
1384,1766,3150,0.7836919592298981
800,1112,1912,0.7194244604316546
1054,1553,2607,0.678686413393432
989,1296,2285,0.7631172839506173
1008,1204,2212,0.8372093023255814
811,1161,1972,0.6985357450473729
1156,1587,2743,0.7284183994959043
877,1291,2168,0.6793183578621224
745,1011,1756,0.7368941641938674
1035,1679,2714,0.6164383561643836
1048,1478,2526,0.7090663058186739
937,1051,1988,0.8915318744053282
939,1281,2220,0.7330210772833724
963,1349,2312,0.7138621200889548
1112,1595,2707,0.69717868338558
905,1125,2030,0.8044444444444444
1259,1622,2881,0.7762022194821209
1175,1698,2873,0.6919905771495878
1083,1554,2637,0.696911196911197
801,1115,1916,0.7183856502242153
826,1333,2159,0.6196549137284321
895,1309,2204,0.6837280366692131
975,1376,2351,0.7085755813953488
1197,1612,2809,0.7425558312655087
896,1284,2180,0.6978193146417445
997,1464,2461,0.6810109289617486
1191,1624,2815,0.7333743842364532
1123,1551,2674,0.7240490006447453
950,1386,2336,0.6854256854256854
1014,1449,2463,0.6997929606625258
886,1040,1926,0.8519230769230769
983,1424,2407,0.6903089887640449
935,1399,2334,0.6683345246604717
911,1302,2213,0.6996927803379416
944,1357,2301,0.6956521739130435
834,1092,1926,0.7637362637362637
1031,1484,2515,0.694743935309973
906,1126,2032,0.8046181172291297
1048,1415,2463,0.7406360424028269
1195,1533,2728,0.7795172863666014
982,1270,2252,0.7732283464566929
964,1376,2340,0.7005813953488372
824,1316,2140,0.6261398176291794
1140,1573,2713,0.7247298156389066
1093,1641,2734,0.6660572821450336
989,1535,2524,0.644299674267101
1113,1529,2642,0.7279267495094833
1269,1506,2775,0.8426294820717132
1058,1548,2606,0.6834625322997416
810,1109,1919,0.7303877366997295
1069,1597,2666,0.6693800876643707
1092,1498,2590,0.7289719626168224
875,1147,2022,0.7628596338273758
657,1064,1721,0.6174812030075187
914,1448,2362,0.6312154696132597
861,1223,2084,0.7040065412919051
948,1347,2295,0.7037861915367484
1036,1629,2665,0.6359729895641498
1061,1613,2674,0.6577805331680099
969,1269,2238,0.7635933806146572
953,1219,2172,0.7817883511074651
1106,1649,2755,0.6707095209217707
988,1449,2437,0.6818495514147688
921,1210,2131,0.7611570247933884
909,1250,2159,0.7272
1079,1464,2543,0.7370218579234973
829,1240,2069,0.6685483870967742
978,1436,2414,0.6810584958217271
1022,1226,2248,0.833605220228385
466,524,990,0.8893129770992366
1134,1471,2605,0.7709041468388851
1044,1408,2452,0.7414772727272727
957,1392,2349,0.6875
1095,1510,2605,0.7251655629139073
895,1299,2194,0.6889915319476521
1165,1754,2919,0.6641961231470923
894,1289,2183,0.6935608999224204
923,1205,2128,0.7659751037344399
978,1218,2196,0.8029556650246306
860,987,1847,0.8713272543059777
941,1224,2165,0.7687908496732027
1177,1426,2603,0.8253856942496494
678,912,1590,0.743421052631579
980,1342,2322,0.7302533532041728
1257,1618,2875,0.776885043263288
780,1134,1914,0.6878306878306878
905,1417,2322,0.6386732533521524
966,1627,2593,0.5937307928703135
913,1297,2210,0.7039321511179646
1012,1431,2443,0.7071977638015374
1107,1521,2628,0.727810650887574
781,1243,2024,0.6283185840707964
785,1191,1976,0.6591099916036943
839,1295,2134,0.6478764478764478
768,1141,1909,0.6730937773882559
823,1239,2062,0.6642453591606134
833,1305,2138,0.6383141762452107
1227,1724,2951,0.7117169373549884
833,1256,2089,0.6632165605095541
864,1272,2136,0.6792452830188679
903,1288,2191,0.7010869565217391
1064,1384,2448,0.7687861271676301
1021,1415,2436,0.7215547703180212
841,1155,1996,0.7281385281385281
920,1301,2221,0.7071483474250576
776,1060,1836,0.7320754716981132
1196,1796,2992,0.6659242761692651
822,1224,2046,0.6715686274509803
928,1429,2357,0.6494051784464661
1136,1708,2844,0.6651053864168618
881,1592,2473,0.553391959798995
984,1478,2462,0.6657645466847091
1067,1541,2608,0.6924075275794939
839,1272,2111,0.6595911949685535
776,1261,2037,0.6153846153846154
880,1408,2288,0.625
968,1389,2357,0.6969042476601872
980,1509,2489,0.6494367130550033
1085,1546,2631,0.7018111254851229
831,1146,1977,0.725130890052356
931,1385,2316,0.672202166064982
969,1437,2406,0.6743215031315241
961,1239,2200,0.7756255044390638
1112,1614,2726,0.6889714993804213
877,1223,2100,0.7170891251022077
954,1479,2433,0.6450304259634888
1034,1517,2551,0.6816084377059987
1069,1488,2557,0.7184139784946236
889,1301,2190,0.6833205226748655
1154,1776,2930,0.6497747747747747
833,1166,1999,0.7144082332761578
1096,1533,2629,0.7149380300065231
923,1215,2138,0.7596707818930041
638,961,1599,0.663891779396462
934,1228,2162,0.760586319218241
886,1269,2155,0.698187549251379
883,1136,2019,0.7772887323943662
809,1251,2060,0.6466826538768985
976,1392,2368,0.7011494252873564
616,911,1527,0.6761800219538968
934,1421,2355,0.657283603096411
980,1344,2324,0.7291666666666666
1021,1456,2477,0.7012362637362637
745,1066,1811,0.698874296435272
935,1335,2270,0.700374531835206
827,1202,2029,0.6880199667221298
892,1044,1936,0.8544061302681992
973,1251,2224,0.7777777777777778
894,1122,2016,0.7967914438502673
817,1236,2053,0.6610032362459547
883,1263,2146,0.6991290577988916
1124,1482,2606,0.7584345479082322
966,1366,2332,0.7071742313323572
1060,1660,2720,0.6385542168674698
1256,1824,3080,0.6885964912280702
888,1330,2218,0.6676691729323309
1233,1958,3191,0.6297242083758938
1419,2500,3919,0.5676
74,104,178,0.7115384615384616
1498,2008,3506,0.7460159362549801
1325,1597,2922,0.8296806512210394
1281,1322,2603,0.9689863842662632
1279,1946,3225,0.6572456320657759
946,1416,2362,0.6680790960451978
1181,2046,3227,0.5772238514173998
1534,2271,3805,0.6754733597534126
1417,1804,3221,0.7854767184035477
1155,1358,2513,0.8505154639175257
1143,1433,2576,0.7976273551988835
792,987,1779,0.8024316109422492
1670,1856,3526,0.8997844827586207
1228,1725,2953,0.7118840579710145
673,983,1656,0.6846388606307223
895,1324,2219,0.6759818731117825
1054,1703,2757,0.6189078097475044
1406,1896,3302,0.7415611814345991
1497,2145,3642,0.6979020979020979
1344,1913,3257,0.7025614218504966
1230,1964,3194,0.6262729124236253
914,1405,2319,0.6505338078291815
1222,1992,3214,0.6134538152610441
1189,1882,3071,0.6317747077577046
1361,2238,3599,0.6081322609472744
900,1104,2004,0.8152173913043478
597,1072,1669,0.5569029850746269
1795,1616,3411,1.1107673267326732
1242,1876,3118,0.662046908315565
1011,1498,2509,0.6748998664886515
1244,1830,3074,0.6797814207650273
882,1591,2473,0.5543683218101823
1039,1664,2703,0.6243990384615384
1682,2267,3949,0.7419497132774592
1618,1899,3517,0.85202738283307
1158,1430,2588,0.8097902097902098
1397,2133,3530,0.6549460853258322
1382,1594,2976,0.8670012547051443
762,1122,1884,0.679144385026738
1905,1740,3645,1.0948275862068966
1524,1903,3427,0.8008407777193904
1588,1770,3358,0.8971751412429378
1507,1518,3025,0.9927536231884058
1702,2183,3885,0.7796610169491526
1121,1297,2418,0.8643022359290671
1492,1687,3179,0.8844101956135151
616,1018,1634,0.6051080550098232
1705,1811,3516,0.9414688017669796
1197,1422,2619,0.8417721518987342
1732,2249,3981,0.7701200533570476
1545,1843,3388,0.8383071079761258
1415,1900,3315,0.7447368421052631
1417,1846,3263,0.7676056338028169
1529,1657,3186,0.9227519613759808
1500,1687,3187,0.8891523414344991
1739,2124,3863,0.818738229755179
800,1115,1915,0.7174887892376681
1528,2095,3623,0.7293556085918854
1729,2344,4073,0.7376279863481229
1273,1757,3030,0.7245304496300512
1514,2044,3558,0.7407045009784736
1491,1875,3366,0.7952
1139,1516,2655,0.7513192612137203
1107,1423,2530,0.7779339423752635
541,918,1459,0.5893246187363834
1407,2322,3729,0.6059431524547804
1005,1370,2375,0.7335766423357665
1511,2418,3929,0.6248966087675765
1168,1571,2739,0.743475493316359
1536,2101,3637,0.7310804378867206
1638,2015,3653,0.8129032258064516
1365,2017,3382,0.6767476450173525
1434,2201,3635,0.6515220354384371
1015,1285,2300,0.7898832684824902
1036,2080,3116,0.4980769230769231
1199,2461,3660,0.4872003250711093
1539,1971,3510,0.7808219178082192
971,1501,2472,0.6469020652898068
1467,2200,3667,0.6668181818181819
1566,2255,3821,0.6944567627494457
1351,1759,3110,0.7680500284252416
1623,2000,3623,0.8115
1173,2154,3327,0.5445682451253482
909,1553,2462,0.5853187379265937
1656,1955,3611,0.8470588235294118
764,992,1756,0.7701612903225806
1056,1581,2637,0.6679316888045541
1397,1761,3158,0.7932992617830777
1533,1979,3512,0.774633653360283
1125,1624,2749,0.6927339901477833
1039,1427,2466,0.7281009110021023
1195,1133,2328,1.0547219770520742
1128,1578,2706,0.714828897338403
1276,2070,3346,0.6164251207729469
1255,1400,2655,0.8964285714285715
1067,1335,2402,0.799250936329588
1112,1617,2729,0.6876932591218305
911,1623,2534,0.5613062230437461
1605,2074,3679,0.7738669238187078
1275,1917,3192,0.6651017214397497
1372,1622,2994,0.8458692971639951
1586,1559,3145,1.0173187940987811
1171,1577,2748,0.7425491439441978
1048,1273,2321,0.8232521602513747
1537,2128,3665,0.7222744360902256
1492,1964,3456,0.7596741344195519
840,986,1826,0.8519269776876268
1834,2172,4006,0.8443830570902394
1267,1926,3193,0.657840083073728
953,1024,1977,0.9306640625
1580,1974,3554,0.8004052684903749
1219,2548,3767,0.478414442700157
1501,1976,3477,0.7596153846153846
1568,2426,3994,0.6463314097279472
1010,2111,3121,0.4784462340123164
1086,1322,2408,0.8214826021180031
1611,2040,3651,0.7897058823529411
1508,1625,3133,0.928
1264,2019,3283,0.6260525012382367
1689,2391,4080,0.7063989962358845
1359,1912,3271,0.7107740585774058
1249,1774,3023,0.7040586245772266
1206,1597,2803,0.7551659361302442
1822,2023,3845,0.9006426099851705
1750,2103,3853,0.8321445553970518
1341,1746,3087,0.7680412371134021
1252,1213,2465,1.032151690024732
1294,1760,3054,0.7352272727272727
1248,1808,3056,0.6902654867256637
693,1004,1697,0.6902390438247012
1553,2308,3861,0.6728769497400346
1287,1527,2814,0.8428290766208252
1704,2228,3932,0.7648114901256733
898,1608,2506,0.5584577114427861
1658,2050,3708,0.8087804878048781
1342,1465,2807,0.9160409556313992
1018,1399,2417,0.727662616154396
1414,1965,3379,0.7195928753180661
1560,2456,4016,0.6351791530944625
896,1745,2641,0.5134670487106017
1763,1964,3727,0.8976578411405295
1739,2244,3983,0.7749554367201426
1696,2036,3732,0.8330058939096268
2191,1846,4037,1.186890574214518
1389,2226,3615,0.623989218328841
1051,1036,2087,1.0144787644787645
1331,2111,3442,0.6305068687825675
1247,1272,2519,0.9803459119496856
1910,2152,4062,0.887546468401487
902,1148,2050,0.7857142857142857
1031,1966,2997,0.5244150559511699
1915,1984,3899,0.9652217741935484
1228,1517,2745,0.8094924192485168
1140,1791,2931,0.6365159128978225
1471,1342,2813,1.0961251862891208
1285,1599,2884,0.8036272670419012
1271,1874,3145,0.6782283884738527
1370,2358,3728,0.5810008481764207
953,1535,2488,0.6208469055374592
1371,2244,3615,0.6109625668449198
1049,1291,2340,0.8125484120836561
1065,1620,2685,0.6574074074074074
1279,1838,3117,0.6958650707290533
827,1194,2021,0.6926298157453936
1492,2201,3693,0.6778736937755566
1258,1848,3106,0.6807359307359307
1381,1656,3037,0.8339371980676329
923,1408,2331,0.6555397727272727
946,1417,2363,0.6676076217360621
1323,1794,3117,0.7374581939799331
930,1420,2350,0.6549295774647887
1342,1281,2623,1.0476190476190477
1284,1836,3120,0.6993464052287581
1606,2392,3998,0.6714046822742475
1424,2172,3596,0.6556169429097606
1495,1774,3269,0.842728297632469
1192,2087,3279,0.5711547676090082
1099,1615,2714,0.6804953560371517
969,1451,2420,0.667815299793246
1141,1672,2813,0.6824162679425837
1352,1825,3177,0.7408219178082192
784,1295,2079,0.6054054054054054
1143,1793,2936,0.637479085331846
1481,2034,3515,0.7281219272369714
943,1475,2418,0.6393220338983051
1640,2306,3946,0.7111882046834345
1419,2247,3666,0.6315086782376502
1009,1260,2269,0.8007936507936508
1474,2194,3668,0.6718322698268003
1187,1730,2917,0.6861271676300578
1546,1905,3451,0.8115485564304462
1539,2222,3761,0.6926192619261926
1485,2190,3675,0.678082191780822
1628,1998,3626,0.8148148148148148
1444,1796,3240,0.8040089086859689
1308,1978,3286,0.6612740141557129
1074,1099,2173,0.9772520473157416
1108,1990,3098,0.5567839195979899
1423,1855,3278,0.7671159029649596
1022,1455,2477,0.7024054982817869
997,1381,2378,0.721940622737147
1755,1912,3667,0.9178870292887028
960,1608,2568,0.5970149253731343
1377,2043,3420,0.6740088105726872
1148,1648,2796,0.6966019417475728
1163,1482,2645,0.7847503373819164
1195,1676,2871,0.7130071599045346
974,1366,2340,0.7130307467057101
940,1230,2170,0.7642276422764228
928,1189,2117,0.7804878048780488
817,886,1703,0.9221218961625284
1236,1670,2906,0.7401197604790419
1079,1584,2663,0.6811868686868687
1075,1448,2523,0.7424033149171271
1155,1841,2996,0.6273764258555133
1414,1551,2965,0.9116698903932946
1222,1770,2992,0.6903954802259887
794,1085,1879,0.7317972350230415
1423,2209,3632,0.6441828881846989
1414,1775,3189,0.7966197183098591
1226,1864,3090,0.657725321888412
1759,2061,3820,0.8534691897137312
1165,1765,2930,0.660056657223796
957,1580,2537,0.6056962025316456
1647,1882,3529,0.8751328374070139
1124,1482,2606,0.7584345479082322
1184,1913,3097,0.6189231573444851
1130,1202,2332,0.940099833610649
1673,2140,3813,0.7817757009345795
841,1526,2367,0.5511140235910879
1331,1869,3200,0.7121455323702515
1065,1596,2661,0.6672932330827067
1450,1993,3443,0.7275464124435524
1543,2368,3911,0.6516047297297297
1443,2224,3667,0.6488309352517986
1449,1800,3249,0.805
1336,1940,3276,0.688659793814433
879,1193,2072,0.7367979882648784
1405,2485,3890,0.5653923541247485
1551,2225,3776,0.6970786516853933
1618,1950,3568,0.8297435897435897
1297,2006,3303,0.6465603190428714
1264,1732,2996,0.7297921478060047
1364,2263,3627,0.6027397260273972
1337,2002,3339,0.6678321678321678
1510,1855,3365,0.8140161725067385
839,1315,2154,0.6380228136882129
1717,2270,3987,0.7563876651982379
1171,1859,3030,0.6299085529854761
787,934,1721,0.8426124197002142
1227,1925,3152,0.6374025974025974
1099,2356,3455,0.4664685908319185
1477,2093,3570,0.705685618729097
1066,2077,3143,0.5132402503610978
975,2020,2995,0.4826732673267326
1456,1942,3398,0.7497425334706488
1383,2011,3394,0.6877175534559921
915,1073,1988,0.8527493010251631
880,1318,2198,0.6676783004552352
1157,1701,2858,0.6801881246325691
1300,2550,3850,0.5098039215686274
833,1412,2245,0.589943342776204
1336,2041,3377,0.6545810877021068
1297,1817,3114,0.7138139790864062
1404,2046,3450,0.6862170087976539
830,1383,2213,0.6001446131597975
1226,1247,2473,0.983159582999198
687,1087,1774,0.6320147194112236
1095,1330,2425,0.8233082706766918
1345,1745,3090,0.7707736389684814
1277,1749,3026,0.7301315037164093
1162,1945,3107,0.5974293059125964
1122,1614,2736,0.6951672862453532
953,1571,2524,0.6066199872692553
1231,1636,2867,0.7524449877750611
645,627,1272,1.0287081339712918
1232,1837,3069,0.6706586826347305
1136,1444,2580,0.7867036011080333
1684,2187,3871,0.7700045724737082
1272,1809,3081,0.703150912106136
1580,1886,3466,0.8377518557794273
1874,2148,4022,0.87243947858473
1056,1814,2870,0.5821389195148843
983,2317,3300,0.4242555028053517
1201,1481,2682,0.8109385550303849
1064,1575,2639,0.6755555555555556
774,756,1530,1.0238095238095235
968,1566,2534,0.6181353767560664
1141,1657,2798,0.6885938442969222
1035,1696,2731,0.6102594339622641
1540,2090,3630,0.7368421052631579
1356,1943,3299,0.6978898610396295
1296,2436,3732,0.5320197044334976
1432,2296,3728,0.6236933797909407
1101,1672,2773,0.6584928229665071
1344,1638,2982,0.8205128205128205
769,1128,1897,0.6817375886524822
1738,2090,3828,0.8315789473684211
904,1243,2147,0.7272727272727273
511,997,1508,0.5125376128385155
1351,1823,3174,0.7410861217772902
1204,1612,2816,0.7468982630272953
1353,2589,3942,0.522595596755504
1496,2178,3674,0.6868686868686869
1612,2070,3682,0.778743961352657
1674,2199,3873,0.7612551159618008
1221,1843,3064,0.6625067824199674
1400,1958,3358,0.7150153217568948
1141,1253,2394,0.9106145251396648
1214,1481,2695,0.8197164078325456
1516,1680,3196,0.9023809523809524
1619,1871,3490,0.8653126670229824
1063,1708,2771,0.6223653395784543
1445,2136,3581,0.6764981273408239
1664,2105,3769,0.790498812351544
1384,1844,3228,0.7505422993492408
1237,1748,2985,0.7076659038901602
1493,2228,3721,0.6701077199281867
1032,1315,2347,0.7847908745247149
1480,1644,3124,0.9002433090024331
1443,1885,3328,0.7655172413793103
1188,1606,2794,0.7397260273972602
1364,1862,3226,0.7325456498388829
1755,2147,3902,0.8174196553330229
783,1382,2165,0.5665701881331404
916,1233,2149,0.7429034874290349
1277,1907,3184,0.6696381751442055
1885,2057,3942,0.9163830821584832
1272,1845,3117,0.6894308943089431
1337,1587,2924,0.8424700693131695
1172,2066,3238,0.5672797676669894
741,1207,1948,0.6139188069594035
1086,2027,3113,0.5357671435619141
1396,2026,3422,0.6890424481737414
1307,1671,2978,0.782166367444644
1119,1680,2799,0.6660714285714285
1669,2209,3878,0.7555454956994115
1203,1541,2744,0.7806619078520441
1555,2408,3963,0.645764119601329
1484,1994,3478,0.7442326980942828
960,1634,2594,0.587515299877601
1066,1417,2483,0.7522935779816514
789,1027,1816,0.7682570593963
843,2447,3290,0.3445034736411933
812,1179,1991,0.6887192536047498
1507,2561,4068,0.5884420148379539
1264,1851,3115,0.6828741220961643
978,1532,2510,0.6383812010443864
1144,1434,2578,0.797768479776848
1288,1813,3101,0.7104247104247104
907,1311,2218,0.6918382913806255
1756,2144,3900,0.8190298507462687
1044,1504,2548,0.6941489361702128
667,998,1665,0.6683366733466933
1041,1579,2620,0.6592780240658644
1110,1568,2678,0.7079081632653061
930,976,1906,0.9528688524590164
1118,1303,2421,0.8580199539524175
1093,1888,2981,0.5789194915254238
1233,1624,2857,0.7592364532019704
1076,1496,2572,0.7192513368983957
1091,1661,2752,0.6568332329921734
1195,1694,2889,0.70543093270366
1032,2034,3066,0.5073746312684366
719,991,1710,0.7255297679112008
1213,1982,3195,0.612008072653885
1076,1701,2777,0.6325690770135215
1598,2388,3986,0.669179229480737
1177,1515,2692,0.7768976897689769
1120,2077,3197,0.5392392874337988
928,1252,2180,0.7412140575079872
1045,1397,2442,0.7480314960629921
1266,2060,3326,0.6145631067961165
1026,1882,2908,0.5451647183846972
921,1291,2212,0.713400464756003
736,1103,1839,0.6672710788757933
951,1510,2461,0.6298013245033113
1176,1542,2718,0.7626459143968871
1032,1667,2699,0.6190761847630474
1569,2429,3998,0.645944833264718
1454,2135,3589,0.6810304449648712
1277,2062,3339,0.6193016488845781
1855,2129,3984,0.8713010803193988
1134,2120,3254,0.5349056603773585
1288,1821,3109,0.7073036792970895
1338,1778,3116,0.7525309336332958
1585,2159,3744,0.7341361741547012
1280,1670,2950,0.7664670658682635
1081,1578,2659,0.6850443599493029
1480,1919,3399,0.771235018238666
1432,2000,3432,0.716
1525,1793,3318,0.8505298382598996
1631,2353,3984,0.6931576710582236
1601,2441,4042,0.6558787382220401
1250,1647,2897,0.7589556769884639
1597,2488,4085,0.6418810289389068
1131,1601,2732,0.7064334790755777
978,1855,2833,0.5272237196765499
1322,2276,3598,0.5808435852372583
1554,2160,3714,0.7194444444444444
1118,1989,3107,0.5620915032679739
984,1462,2446,0.6730506155950753
667,1548,2215,0.4308785529715762
651,1216,1867,0.5353618421052632
735,1288,2023,0.5706521739130435
878,1411,2289,0.6222537207654146
637,1222,1859,0.5212765957446809
809,1312,2121,0.6166158536585366
851,1412,2263,0.6026912181303116
622,1205,1827,0.5161825726141079
718,1501,2219,0.4783477681545636
643,1380,2023,0.4659420289855072
492,924,1416,0.5324675324675324
609,1230,1839,0.4951219512195122
740,1515,2255,0.4884488448844885
660,1278,1938,0.5164319248826291
641,1248,1889,0.5136217948717948
773,1625,2398,0.4756923076923077
646,1471,2117,0.4391570360299116
727,1348,2075,0.5393175074183977
717,1367,2084,0.5245062179956108
635,1193,1828,0.5322715842414082
654,1339,1993,0.4884241971620612
672,1296,1968,0.5185185185185185
795,1502,2297,0.5292942743009321
661,1508,2169,0.4383289124668435
718,1508,2226,0.4761273209549072
708,1242,1950,0.5700483091787439
718,1337,2055,0.537023186237846
681,1497,2178,0.4549098196392785
701,1377,2078,0.5090777051561365
695,1302,1997,0.5337941628264209
647,1198,1845,0.5400667779632721
841,1384,2225,0.6076589595375722
742,1374,2116,0.5400291120815138
709,1313,2022,0.53998476770754
739,1483,2222,0.4983142279163857
721,1299,2020,0.5550423402617398
755,1342,2097,0.5625931445603577
501,995,1496,0.5035175879396985
749,1310,2059,0.5717557251908397
719,1384,2103,0.5195086705202312
885,1481,2366,0.5975692099932478
699,1264,1963,0.553006329113924
628,1175,1803,0.534468085106383
434,773,1207,0.5614489003880984
686,1293,1979,0.5305491105955144
800,1484,2284,0.5390835579514824
651,1295,1946,0.5027027027027027
670,1296,1966,0.5169753086419753
478,961,1439,0.4973985431841831
655,1222,1877,0.5360065466448445
712,1299,2011,0.5481139337952271
538,1256,1794,0.428343949044586
734,1375,2109,0.5338181818181819
544,1100,1644,0.4945454545454545
593,1020,1613,0.5813725490196079
638,1078,1716,0.5918367346938775
610,1246,1856,0.4895666131621188
711,1381,2092,0.5148443157132513
685,1321,2006,0.5185465556396669
547,1027,1574,0.5326192794547225
729,1388,2117,0.5252161383285303
507,783,1290,0.6475095785440613
777,1249,2026,0.622097678142514
638,1077,1715,0.5923862581244197
705,1232,1937,0.5722402597402597
774,1356,2130,0.5707964601769911
762,1445,2207,0.5273356401384083
655,1335,1990,0.4906367041198501
741,1213,1954,0.6108821104699094
805,1388,2193,0.579971181556196
756,1364,2120,0.5542521994134897
683,1218,1901,0.5607553366174056
709,1242,1951,0.57085346215781
719,1138,1857,0.6318101933216169
755,1244,1999,0.6069131832797428
730,1376,2106,0.5305232558139535
856,1430,2286,0.5986013986013986
784,1355,2139,0.5785977859778598
638,1359,1997,0.4694628403237674
714,1266,1980,0.5639810426540285
762,1314,2076,0.5799086757990868
705,1302,2007,0.5414746543778802
723,1306,2029,0.5535987748851455
765,1331,2096,0.574755822689707
877,1417,2294,0.6189131968948482
845,1349,2194,0.6263899184581171
843,1467,2310,0.5746421267893661
787,1356,2143,0.5803834808259587
820,1403,2223,0.5844618674269423
660,1272,1932,0.5188679245283019
707,1353,2060,0.5225424981522543
853,1328,2181,0.6423192771084337
824,1423,2247,0.5790583274771609
874,1420,2294,0.6154929577464788
884,1398,2282,0.6323319027181689
847,1355,2202,0.6250922509225092
836,1360,2196,0.6147058823529412
935,1576,2511,0.5932741116751269
819,1352,2171,0.6057692307692307
954,1617,2571,0.5899814471243042
737,1323,2060,0.5570672713529856
822,1631,2453,0.5039852851011649
772,1515,2287,0.5095709570957095
896,1583,2479,0.5660138976626659
767,1567,2334,0.4894703254626675
878,1770,2648,0.496045197740113
799,1441,2240,0.5544760582928522
1056,1715,2771,0.6157434402332361
1079,1604,2683,0.6726932668329177
1006,1766,2772,0.5696489241223103
882,1595,2477,0.5529780564263322
808,1449,2257,0.5576259489302967
724,1464,2188,0.494535519125683
802,1457,2259,0.55044612216884
899,1604,2503,0.5604738154613467
975,1622,2597,0.6011097410604193
919,1493,2412,0.6155391828533154
964,1658,2622,0.5814234016887817
806,1607,2413,0.5015556938394524
759,1527,2286,0.4970530451866404
892,1636,2528,0.5452322738386308
684,1370,2054,0.4992700729927007
802,1406,2208,0.5704125177809388
750,1476,2226,0.508130081300813
824,1678,2502,0.4910607866507747
836,1700,2536,0.4917647058823529
801,1574,2375,0.5088945362134689
845,1635,2480,0.5168195718654435
1070,1665,2735,0.6426426426426426
1026,1661,2687,0.6177001806140879
984,1648,2632,0.5970873786407767
989,1649,2638,0.5997574287446937
896,1360,2256,0.6588235294117647
1028,1628,2656,0.6314496314496314
696,1396,2092,0.498567335243553
844,1619,2463,0.5213094502779494
849,1653,2502,0.5136116152450091
789,1509,2298,0.5228628230616302
788,1514,2302,0.5204755614266843
803,1438,2241,0.5584144645340751
902,1505,2407,0.5993355481727575
856,1406,2262,0.6088193456614509
1040,1601,2641,0.6495940037476577
787,1637,2424,0.4807574832009774
833,1582,2415,0.5265486725663717
474,1029,1503,0.4606413994169096
877,1658,2535,0.528950542822678
795,1644,2439,0.4835766423357664
781,1489,2270,0.5245130960376091
819,1561,2380,0.5246636771300448
790,1695,2485,0.4660766961651917
646,1209,1855,0.5343258891645989
819,1752,2571,0.4674657534246575
747,1457,2204,0.5126973232669869
765,1774,2539,0.4312288613303269
950,1634,2584,0.5813953488372093
613,1066,1679,0.575046904315197
856,1604,2460,0.5336658354114713
736,1428,2164,0.5154061624649859
1039,1788,2827,0.581096196868009
940,1555,2495,0.6045016077170418
1046,1688,2734,0.6196682464454977
885,1510,2395,0.5860927152317881
769,1231,2000,0.6246953696181966
1007,1580,2587,0.6373417721518987
1024,1699,2723,0.6027074749852854
849,1403,2252,0.6051318602993585
719,1458,2177,0.4931412894375857
794,1394,2188,0.569583931133429
958,1694,2652,0.5655253837072018
700,1473,2173,0.4752206381534283
659,1693,2352,0.3892498523331364
828,1559,2387,0.531109685695959
866,1562,2428,0.5544174135723432
831,1503,2334,0.5528942115768463
954,1703,2657,0.5601879036993541
999,1633,2632,0.6117575015309247
978,1621,2599,0.6033312769895126
504,942,1446,0.535031847133758
963,1543,2506,0.6241088788075179
969,1353,2322,0.7161862527716186
806,1204,2010,0.6694352159468439
829,1540,2369,0.5383116883116883
792,1573,2365,0.5034965034965035
841,1451,2292,0.5796002756719504
734,1589,2323,0.4619257394587791
916,1576,2492,0.5812182741116751
864,1685,2549,0.512759643916914
798,1625,2423,0.4910769230769231
536,1045,1581,0.5129186602870813
991,1684,2675,0.588479809976247
901,1555,2456,0.5794212218649518
1007,1580,2587,0.6373417721518987
925,1690,2615,0.5473372781065089
886,1553,2439,0.5705086928525435
959,1654,2613,0.5798065296251511
840,1560,2400,0.5384615384615384
874,1736,2610,0.5034562211981567
809,1552,2361,0.5212628865979382
641,1166,1807,0.5497427101200686
727,1404,2131,0.5178062678062678
1034,1760,2794,0.5875
1070,1743,2813,0.6138841078600115
1017,1708,2725,0.5954332552693209
939,1748,2687,0.5371853546910755
1015,1667,2682,0.608878224355129
732,1549,2281,0.4725629438347321
887,1491,2378,0.5949027498323273
1006,1754,2760,0.5735461801596351
959,1671,2630,0.5739078396169958
918,1629,2547,0.56353591160221
597,1180,1777,0.5059322033898305
937,1630,2567,0.5748466257668712
727,1559,2286,0.4663245670301475
802,1680,2482,0.4773809523809524
674,1368,2042,0.4926900584795322
631,1172,1803,0.53839590443686
768,1584,2352,0.4848484848484848
950,1612,2562,0.5893300248138957
981,1542,2523,0.6361867704280155
985,1570,2555,0.6273885350318471
925,1530,2455,0.6045751633986928
660,1338,1998,0.4932735426008968
847,1649,2496,0.5136446331109763
895,1581,2476,0.5660974067046173
986,1693,2679,0.5823981098641465
974,1779,2753,0.5474985947161327
895,1528,2423,0.5857329842931938
860,1788,2648,0.4809843400447427
860,1733,2593,0.4962492787074437
763,1753,2516,0.4352538505419281
822,1694,2516,0.4852420306965762
927,1757,2684,0.5276038702333523
788,1561,2349,0.5048046124279308
656,1120,1776,0.5857142857142857
923,1702,2625,0.5423031727379554
745,1528,2273,0.487565445026178
805,1618,2423,0.4975278121137206
840,1587,2427,0.5293005671077504
1015,1671,2686,0.6074207061639737
1016,1712,2728,0.5934579439252337
928,1594,2522,0.5821831869510665
1054,1643,2697,0.6415094339622641
1024,1713,2737,0.5977816695855225
978,1675,2653,0.5838805970149253
741,1352,2093,0.5480769230769231
869,1600,2469,0.543125
868,1508,2376,0.5755968169761273
789,1695,2484,0.4654867256637168
745,1565,2310,0.476038338658147
951,1649,2600,0.5767131594906003
814,1439,2253,0.5656706045865184
881,1619,2500,0.5441630636195183
796,1587,2383,0.5015752993068683
782,1586,2368,0.4930643127364439
827,1395,2222,0.592831541218638
626,1296,1922,0.4830246913580246
806,1390,2196,0.5798561151079137
1008,1698,2706,0.5936395759717314
1006,1712,2718,0.5876168224299065
987,1577,2564,0.6258719086873811
679,1360,2039,0.4992647058823529
715,1521,2236,0.4700854700854701
787,1523,2310,0.5167432698621143
830,1453,2283,0.5712319339298004
536,1380,1916,0.3884057971014493
771,1613,2384,0.4779913205207687
660,1327,1987,0.4973624717407686
804,1689,2493,0.4760213143872113
841,1508,2349,0.5576923076923077
807,1663,2470,0.4852675886951292
875,1602,2477,0.5461922596754057
761,1611,2372,0.4723774053382992
953,1633,2586,0.5835884874464177
969,1698,2667,0.5706713780918727
867,1629,2496,0.5322283609576427
915,1746,2661,0.5240549828178694
1064,1742,2806,0.6107921928817451
668,1218,1886,0.548440065681445
740,1657,2397,0.4465902232951116
650,1382,2032,0.4703328509406657
803,1528,2331,0.525523560209424
748,1514,2262,0.4940554821664465
837,1545,2382,0.541747572815534
869,1584,2453,0.5486111111111112
878,1628,2506,0.5393120393120393
861,1632,2493,0.5275735294117647
890,1624,2514,0.5480295566502463
944,1530,2474,0.6169934640522876
719,1361,2080,0.5282880235121235
614,1130,1744,0.5433628318584071
942,1613,2555,0.5840049597024178
952,1592,2544,0.5979899497487438
843,1601,2444,0.5265459088069956
957,1559,2516,0.613855035279025
864,1491,2355,0.579476861167002
704,1315,2019,0.535361216730038
997,1704,2701,0.585093896713615
604,1196,1800,0.5050167224080268
845,1787,2632,0.4728595411303861
738,1463,2201,0.504442925495557
896,1806,2702,0.4961240310077519
767,1594,2361,0.4811794228356336
675,1443,2118,0.4677754677754678
741,1485,2226,0.498989898989899
901,1730,2631,0.5208092485549133
871,1648,2519,0.5285194174757282
787,1581,2368,0.497786211258697
897,1594,2491,0.5627352572145545
1016,1701,2717,0.5972957084068196
970,1683,2653,0.5763517528223411
671,1427,2098,0.4702172389628591
976,1576,2552,0.6192893401015228
955,1660,2615,0.5753012048192772
891,1520,2411,0.5861842105263158
959,1652,2611,0.5805084745762712
1029,1800,2829,0.5716666666666667
1069,1765,2834,0.6056657223796034
971,1725,2696,0.5628985507246377
1022,1678,2700,0.6090584028605482
967,1465,2432,0.6600682593856655
801,1441,2242,0.5558639833448994
754,1370,2124,0.5503649635036496
770,1457,2227,0.5284831846259437
795,1321,2116,0.6018168054504164
806,1431,2237,0.5632424877707897
1048,1669,2717,0.627920910724985
952,1645,2597,0.5787234042553191
848,1469,2317,0.5772634445200817
937,1574,2511,0.5952986022871665
957,1650,2607,0.58
832,1517,2349,0.5484508899143046
908,1668,2576,0.5443645083932853
757,1454,2211,0.5206327372764786
794,1605,2399,0.4947040498442367
831,1442,2273,0.5762829403606102
753,1525,2278,0.4937704918032787
776,1253,2029,0.6193136472466081
772,1745,2517,0.4424068767908309
897,1775,2672,0.5053521126760563
644,1362,2006,0.4728340675477239
649,1336,1985,0.4857784431137724
784,1327,2111,0.5908063300678221
808,1575,2383,0.513015873015873
833,1481,2314,0.562457798784605
691,1420,2111,0.4866197183098592
1002,1681,2683,0.5960737656157049
445,779,1224,0.5712451861360719
998,1626,2624,0.6137761377613776
917,1413,2330,0.6489738145789101
837,1326,2163,0.6312217194570136
1020,1684,2704,0.6057007125890737
935,1589,2524,0.5884203901825047
949,1702,2651,0.5575793184488836
972,1536,2508,0.6328125
1005,1672,2677,0.6010765550239234
692,1331,2023,0.5199098422238918
960,1638,2598,0.5860805860805861
943,1497,2440,0.6299265197060788
1093,1620,2713,0.6746913580246914
850,1510,2360,0.5629139072847682
979,1581,2560,0.6192283364958887
973,1648,2621,0.5904126213592233
786,1363,2149,0.5766691122523845
1056,1543,2599,0.6843810758263124
899,1508,2407,0.5961538461538461
738,1471,2209,0.5016995241332427
704,1357,2061,0.5187914517317612
720,1448,2168,0.4972375690607735
845,1548,2393,0.5458656330749354
781,1611,2392,0.4847920546244568
846,1568,2414,0.5395408163265306
784,1277,2061,0.6139389193422083
827,1563,2390,0.5291106845809341
742,1318,2060,0.5629742033383915
929,1546,2475,0.6009055627425615
693,1379,2072,0.5025380710659898
797,1561,2358,0.5105701473414478
791,1393,2184,0.5678391959798995
844,1483,2327,0.5691166554281861
855,1623,2478,0.5268022181146026
700,1279,1979,0.547302580140735
651,1374,2025,0.4737991266375546
732,1552,2284,0.4716494845360824
717,1402,2119,0.5114122681883024
762,1469,2231,0.5187202178352621
842,1674,2516,0.5029868578255675
860,1635,2495,0.5259938837920489
605,1162,1767,0.5206540447504303
866,1626,2492,0.5325953259532595
852,1697,2549,0.5020624631703006
622,1167,1789,0.5329905741216795
713,1305,2018,0.546360153256705
727,1548,2275,0.4696382428940568
799,1702,2501,0.4694477085781434
692,1232,1924,0.5616883116883117
614,1300,1914,0.4723076923076923
889,1617,2506,0.5497835497835498
904,1659,2563,0.5449065702230259
841,1558,2399,0.5397946084724005
635,1262,1897,0.5031695721077655
752,1510,2262,0.4980132450331125
840,1539,2379,0.5458089668615984
857,1517,2374,0.5649307844429796
794,1632,2426,0.4865196078431372
936,1684,2620,0.5558194774346793
1072,1750,2822,0.6125714285714285
992,1680,2672,0.5904761904761905
1127,1800,2927,0.6261111111111111
826,1589,2415,0.5198237885462555
885,1525,2410,0.580327868852459
804,1467,2271,0.5480572597137015
915,1623,2538,0.5637707948243993
849,1554,2403,0.5463320463320464
777,1487,2264,0.5225285810356423
655,1343,1998,0.4877140729709605
871,1614,2485,0.5396530359355638
874,1533,2407,0.5701239399869537
797,1639,2436,0.4862721171446004
796,1509,2305,0.5275016567263088
810,1627,2437,0.4978488014751075
740,1684,2424,0.4394299287410926
832,1432,2264,0.5810055865921788
1054,1696,2750,0.6214622641509434
765,1507,2272,0.5076310550763106
949,1572,2521,0.6036895674300254
898,1515,2413,0.5927392739273928
806,1652,2458,0.4878934624697336
722,1519,2241,0.4753127057274522
812,1564,2376,0.5191815856777494
761,1504,2265,0.5059840425531915
793,1470,2263,0.5394557823129251
796,1604,2400,0.4962593516209476
786,1422,2208,0.5527426160337553
786,1530,2316,0.5137254901960784
874,1608,2482,0.5435323383084577
877,1696,2573,0.5170990566037735
865,1645,2510,0.5258358662613982
923,1648,2571,0.5600728155339806
908,1770,2678,0.5129943502824859
1011,1487,2498,0.679892400806994
1018,1712,2730,0.594626168224299
983,1651,2634,0.595396729254997
791,1532,2323,0.5163185378590078
967,1522,2489,0.6353482260183968
708,1488,2196,0.4758064516129032
900,1707,2607,0.5272407732864675
852,1683,2535,0.5062388591800356
885,1751,2636,0.5054254711593376
922,1696,2618,0.5436320754716981
796,1469,2265,0.5418652144315861
876,1589,2465,0.5512901195720579
784,1553,2337,0.5048293625241468
883,1481,2364,0.5962187711006077
867,1619,2486,0.535515750463249
727,1394,2121,0.5215208034433285
703,1402,2105,0.5014265335235378
783,1472,2255,0.5319293478260869
878,1671,2549,0.5254338719329743
736,1483,2219,0.4962913014160485
871,1737,2608,0.5014392630972941
552,1209,1761,0.456575682382134
827,1572,2399,0.5260814249363868
740,1402,2142,0.5278174037089871
807,1477,2284,0.5463777928232905
571,1222,1793,0.4672667757774141
872,1687,2559,0.5168938944872555
667,1470,2137,0.4537414965986394
683,1365,2048,0.5003663003663004
873,1731,2604,0.5043327556325823
831,1655,2486,0.5021148036253776
839,1666,2505,0.5036014405762305
731,1436,2167,0.5090529247910863
741,1246,1987,0.5947030497592295
900,1460,2360,0.6164383561643836
842,1425,2267,0.5908771929824561
976,1465,2441,0.6662116040955631
803,1250,2053,0.6424
745,1404,2149,0.5306267806267806
1022,1676,2698,0.6097852028639618
1073,1719,2792,0.6242001163467132
820,1529,2349,0.5362982341399608
737,1530,2267,0.4816993464052287
842,1526,2368,0.5517693315858454
455,716,1171,0.6354748603351955
686,1317,2003,0.5208807896735004
641,1245,1886,0.5148594377510041
744,1584,2328,0.4696969696969697
916,1457,2373,0.6286890871654084
728,1297,2025,0.5612952968388589
710,1072,1782,0.6623134328358209
916,1522,2438,0.6018396846254928
965,1737,2702,0.5555555555555556
662,1186,1848,0.5581787521079258
858,1513,2371,0.5670852610707204
858,1823,2681,0.4706527701590784
863,1621,2484,0.5323874151758174
1020,1573,2593,0.6484424666242848
754,1206,1960,0.6252072968490879
866,1608,2474,0.5385572139303483
735,1359,2094,0.5408388520971302
926,1520,2446,0.6092105263157894
920,1612,2532,0.5707196029776674
971,1546,2517,0.628072445019405
866,1497,2363,0.5784903139612558
1005,1760,2765,0.5710227272727273
899,1533,2432,0.5864318330071755
778,1613,2391,0.4823310601363918
789,1422,2211,0.5548523206751055
913,1602,2515,0.5699126092384519
896,1372,2268,0.6530612244897959
724,1363,2087,0.5311812179016875
1054,1671,2725,0.6307600239377619
1081,1741,2822,0.6209075244112578
1035,1630,2665,0.6349693251533742
711,1354,2065,0.5251107828655834
950,1574,2524,0.6035578144853876
897,1622,2519,0.5530209617755857
855,1512,2367,0.5654761904761905
1006,1621,2627,0.6206045650832819
988,1700,2688,0.5811764705882353
913,1574,2487,0.5800508259212198
778,1398,2176,0.5565092989985694
982,1640,2622,0.598780487804878
1005,1643,2648,0.6116859403530128
973,1616,2589,0.6021039603960396
818,1580,2398,0.5177215189873418
961,1465,2426,0.6559726962457337
746,1332,2078,0.56006006006006
869,1482,2351,0.5863697705802969
922,1511,2433,0.6101919258769027
861,1257,2118,0.684964200477327
1089,1675,2764,0.6501492537313432
779,1317,2096,0.5914958238420653
1002,1727,2729,0.5801968731905037
834,1302,2136,0.6405529953917051
1082,1661,2743,0.6514148103552077
1071,1738,2809,0.6162255466052935
1025,1620,2645,0.6327160493827161
954,1754,2708,0.5438996579247435
910,1775,2685,0.5126760563380282
940,1484,2424,0.633423180592992
873,1352,2225,0.6457100591715976
980,1633,2613,0.6001224739742804
841,1488,2329,0.5651881720430108
1073,1638,2711,0.6550671550671551
1031,1604,2635,0.6427680798004988
750,1203,1953,0.6234413965087282
1018,1648,2666,0.6177184466019418
1162,1586,2748,0.7326607818411097
1055,1757,2812,0.6004553215708595
1079,1685,2764,0.6403560830860534
931,1597,2528,0.582968065122104
994,1735,2729,0.5729106628242074
957,1402,2359,0.6825962910128388
700,1225,1925,0.5714285714285714
717,1328,2045,0.5399096385542169
945,1493,2438,0.6329537843268587
1206,1798,3004,0.6707452725250278
946,1691,2637,0.5594322885866351
602,1497,2099,0.4021376085504342
846,1542,2388,0.5486381322957199
782,1594,2376,0.4905897114178168
750,1595,2345,0.4702194357366771
866,1548,2414,0.5594315245478036
745,1522,2267,0.4894875164257556
768,1493,2261,0.5144005358338914
621,1479,2100,0.4198782961460446
795,1661,2456,0.4786273329319687
803,1472,2275,0.545516304347826
871,1575,2446,0.553015873015873
848,1443,2291,0.5876645876645876
785,1410,2195,0.5567375886524822
882,1710,2592,0.5157894736842106
904,1662,2566,0.5439229843561973
594,1256,1850,0.4729299363057325
809,1632,2441,0.4957107843137255
917,1678,2595,0.5464839094159714
744,1592,2336,0.4673366834170854
927,1601,2528,0.5790131168019987
681,1261,1942,0.5400475812846947
928,1545,2473,0.6006472491909385
966,1675,2641,0.5767164179104478
1035,1541,2576,0.6716417910447762
842,1642,2484,0.51278928136419
705,1663,2368,0.4239326518340349
830,1714,2544,0.484247374562427
855,1802,2657,0.4744728079911209
798,1581,2379,0.5047438330170778
692,1436,2128,0.4818941504178273
830,1583,2413,0.5243209096651926
686,1613,2299,0.4252944823310601
816,1530,2346,0.5333333333333333
841,1625,2466,0.5175384615384615
637,1268,1905,0.5023659305993691
677,1273,1950,0.5318146111547526
730,1425,2155,0.512280701754386
796,1543,2339,0.5158781594296824
950,1738,2688,0.5466052934407365
859,1749,2608,0.4911377930245855
771,1322,2093,0.5832072617246596
867,1666,2533,0.5204081632653061
818,1549,2367,0.5280826339573919
784,1501,2285,0.5223184543637575
1082,1694,2776,0.6387249114521841
1018,1577,2595,0.6455294863665187
992,1611,2603,0.6157666045934203
1002,1370,2372,0.7313868613138687
1001,1527,2528,0.6555337262606418
1020,1679,2699,0.6075044669446099
1024,1746,2770,0.586483390607102
712,1293,2005,0.5506573859242073
902,1607,2509,0.5612943372744243
803,1339,2142,0.5997012696041822
891,1543,2434,0.577446532728451
701,1347,2048,0.520415738678545
914,1490,2404,0.6134228187919463
978,1564,2542,0.6253196930946292
888,1455,2343,0.6103092783505155
919,1535,2454,0.5986970684039088
959,1632,2591,0.5876225490196079
853,1508,2361,0.5656498673740054
712,1373,2085,0.5185724690458849
975,1608,2583,0.6063432835820896
814,1558,2372,0.5224646983311938
884,1524,2408,0.5800524934383202
949,1677,2626,0.5658914728682171
901,1484,2385,0.6071428571428571
1017,1641,2658,0.6197440585009141
661,1280,1941,0.51640625
818,1666,2484,0.4909963985594238
817,1672,2489,0.4886363636363636
763,1529,2292,0.4990189666448659
871,1582,2453,0.5505689001264222
876,1561,2437,0.561178731582319
852,1563,2415,0.54510556621881
813,1304,2117,0.6234662576687117
837,1473,2310,0.5682281059063137
767,1283,2050,0.5978176149649259
745,1309,2054,0.5691367456073338
909,1435,2344,0.6334494773519164
958,1534,2492,0.6245110821382008
994,1606,2600,0.6189290161892902
1066,1691,2757,0.6303962152572442
762,1435,2197,0.5310104529616725
1015,1730,2745,0.5867052023121387
904,1318,2222,0.6858877086494689
764,1343,2107,0.5688756515264334
796,1313,2109,0.6062452399086062
967,1539,2506,0.6283300844704354
960,1617,2577,0.5936920222634509
778,1302,2080,0.5975422427035331
994,1541,2535,0.6450356911096691
718,1101,1819,0.6521344232515894
907,1413,2320,0.6418966737438075
616,1271,1887,0.4846577498033045
852,1455,2307,0.5855670103092784
964,1541,2505,0.6255678131083712
846,1623,2469,0.5212569316081331
824,1553,2377,0.5305859626529298
850,1577,2427,0.5389980976537729
859,1717,2576,0.5002912055911474
763,1445,2208,0.5280276816608996
659,1170,1829,0.5632478632478632
706,1365,2071,0.5172161172161173
767,1528,2295,0.5019633507853403
693,1323,2016,0.5238095238095238
731,1272,2003,0.574685534591195
612,1032,1644,0.5930232558139535
914,1573,2487,0.5810553083280356
976,1579,2555,0.6181127295756809
981,1507,2488,0.6509621765096217
875,1483,2358,0.5900202292650034
908,1698,2606,0.5347467608951708
752,1237,1989,0.6079223928860146
914,1494,2408,0.6117804551539491
907,1592,2499,0.5697236180904522
820,1348,2168,0.6083086053412463
661,1328,1989,0.4977409638554217
906,1347,2253,0.6726057906458798
956,1517,2473,0.6301911667765326
1010,1669,2679,0.6051527860994608
894,1611,2505,0.5549348230912476
764,1253,2017,0.6097366320830008
871,1689,2560,0.5156897572528123
684,1427,2111,0.4793272599859846
732,1520,2252,0.481578947368421
1015,1688,2703,0.601303317535545
1047,1705,2752,0.6140762463343109
645,1343,1988,0.4802680565897245
714,1372,2086,0.5204081632653061
842,1330,2172,0.6330827067669172
689,1217,1906,0.5661462612982745
1009,1585,2594,0.6365930599369085
901,1543,2444,0.5839274141283215
727,1316,2043,0.5524316109422492
944,1619,2563,0.58307597282273
858,1525,2383,0.5626229508196722
990,1658,2648,0.5971049457177322
958,1576,2534,0.6078680203045685
695,1396,2091,0.4978510028653295
940,1539,2479,0.6107862248213125
904,1551,2455,0.5828497743391361
969,1629,2598,0.5948434622467772
759,1202,1961,0.6314475873544093
859,1601,2460,0.5365396627108058
856,1337,2193,0.6402393418100224
823,1568,2391,0.5248724489795918
814,1625,2439,0.5009230769230769
855,1490,2345,0.5738255033557047
908,1671,2579,0.5433871932974267
700,1417,2117,0.4940014114326041
951,1643,2594,0.5788192331101644
948,1595,2543,0.5943573667711599
1025,1662,2687,0.6167268351383874
994,1554,2548,0.6396396396396397
990,1540,2530,0.6428571428571429
949,1537,2486,0.6174365647364997
551,887,1438,0.62119503945885
990,1656,2646,0.5978260869565217
904,1480,2384,0.6108108108108108
678,1316,1994,0.5151975683890577
626,1265,1891,0.4948616600790513
972,1674,2646,0.5806451612903226
902,1452,2354,0.6212121212121212
1019,1575,2594,0.646984126984127
883,1641,2524,0.538086532602072
928,1608,2536,0.5771144278606966
910,1629,2539,0.5586249232658073
949,1654,2603,0.5737605804111245
930,1566,2496,0.5938697318007663
956,1673,2629,0.5714285714285714
860,1554,2414,0.5534105534105535
650,1309,1959,0.4965622612681436
803,1646,2449,0.4878493317132442
991,1664,2655,0.5955528846153846
946,1622,2568,0.5832305795314426
929,1573,2502,0.5905912269548633
994,1565,2559,0.6351437699680511
957,1558,2515,0.6142490372272144
955,1611,2566,0.5927995034140285
987,1524,2511,0.6476377952755905
987,1567,2554,0.629865985960434
963,1597,2560,0.6030056355666875
618,1278,1896,0.4835680751173709
1017,1638,2655,0.6208791208791209
966,1686,2652,0.5729537366548043
1017,1591,2608,0.6392206159648021
995,1551,2546,0.6415215989684074
845,1284,2129,0.6580996884735203
994,1589,2583,0.6255506607929515
949,1375,2324,0.6901818181818182
1004,1578,2582,0.6362484157160964
895,1577,2472,0.5675332910589728
907,1648,2555,0.5503640776699029
600,1292,1892,0.4643962848297213
882,1567,2449,0.562858966177409
803,1355,2158,0.592619926199262
909,1539,2448,0.5906432748538012
948,1545,2493,0.6135922330097088
1009,1543,2552,0.6539209332469216
1054,1633,2687,0.6454378444580526
965,1629,2594,0.5923879680785759
779,1423,2202,0.5474349964862966
828,1677,2505,0.4937388193202147
697,1258,1955,0.5540540540540541
785,1352,2137,0.5806213017751479
739,1356,2095,0.5449852507374632
791,1611,2402,0.4909993792675357
814,1567,2381,0.5194639438417358
793,1499,2292,0.5290193462308206
857,1718,2575,0.4988358556461001
744,1537,2281,0.4840598568640208
678,1169,1847,0.5799828913601369
998,1598,2596,0.6245306633291614
1054,1656,2710,0.6364734299516909
996,1665,2661,0.5981981981981982
711,1366,2077,0.5204978038067349
709,1292,2001,0.5487616099071208
975,1533,2508,0.6360078277886497
937,1400,2337,0.6692857142857143
1015,1557,2572,0.6518946692357097
1060,1682,2742,0.6302021403091558
878,1589,2467,0.55254877281309
846,1511,2357,0.5598941098610192
978,1566,2544,0.6245210727969349
913,1556,2469,0.5867609254498715
810,1619,2429,0.5003088326127239
905,1453,2358,0.622849277357192
799,1357,2156,0.5887988209285188
951,1664,2615,0.5715144230769231
912,1520,2432,0.6
847,1661,2508,0.5099337748344371
914,1643,2557,0.556299452221546
747,1423,2170,0.5249472944483485
791,1277,2068,0.6194205168363351
983,1741,2724,0.5646180356117174
966,1674,2640,0.5770609318996416
970,1727,2697,0.561667631731326
845,1679,2524,0.5032757593805837
855,1413,2268,0.6050955414012739
708,1401,2109,0.5053533190578159
1036,1702,2738,0.6086956521739131
991,1643,2634,0.603164942178941
835,1545,2380,0.540453074433657
944,1493,2437,0.6322839919624916
955,1636,2591,0.5837408312958435
1037,1550,2587,0.6690322580645162
933,1488,2421,0.6270161290322581
815,1456,2271,0.5597527472527473
736,1470,2206,0.5006802721088436
744,1348,2092,0.5519287833827893
821,1611,2432,0.5096213531967722
758,1423,2181,0.5326774420238932
805,1549,2354,0.5196901226597805
862,1609,2471,0.5357364822871349
897,1525,2422,0.5881967213114754
817,1488,2305,0.5490591397849462
772,1641,2413,0.4704448507007922
641,1095,1736,0.5853881278538813
832,1546,2378,0.538163001293661
402,751,1153,0.5352862849533955
765,1384,2149,0.5527456647398844
774,1381,2155,0.560463432295438
773,1489,2262,0.519140362659503
805,1538,2343,0.523407022106632
837,1394,2231,0.6004304160688666
1009,1583,2592,0.6373973468098547
991,1582,2573,0.6264222503160556
925,1561,2486,0.592568866111467
1018,1660,2678,0.6132530120481928
818,1488,2306,0.5497311827956989
970,1555,2525,0.6237942122186495
741,1459,2200,0.5078821110349554
956,1708,2664,0.5597189695550351
989,1588,2577,0.6227959697732998
1035,1779,2814,0.581787521079258
776,1585,2361,0.489589905362776
847,1612,2459,0.5254342431761787
916,1663,2579,0.5508117859290439
859,1499,2358,0.5730486991327551
857,1630,2487,0.5257668711656441
753,1452,2205,0.518595041322314
803,1550,2353,0.5180645161290323
662,1408,2070,0.4701704545454545
1013,1711,2724,0.592051431911163
922,1316,2238,0.7006079027355623
969,1660,2629,0.5837349397590361
904,1385,2289,0.6527075812274368
661,1237,1898,0.534357316087308
953,1596,2549,0.5971177944862155
974,1762,2736,0.5527809307604994
932,1637,2569,0.5693341478313989
803,1321,2124,0.6078728236184708
944,1544,2488,0.6113989637305699
770,1371,2141,0.5616338439095551
896,1483,2379,0.6041807147673635
805,1534,2339,0.5247718383311604
924,1590,2514,0.5811320754716981
791,1556,2347,0.5083547557840618
755,1481,2236,0.5097906819716408
916,1568,2484,0.5841836734693877
696,1143,1839,0.6089238845144357
789,1402,2191,0.5627674750356634
842,1621,2463,0.5194324491054905
848,1612,2460,0.5260545905707196
774,1424,2198,0.5435393258426966
817,1439,2256,0.5677553856845031
819,1469,2288,0.5575221238938053
817,1399,2216,0.583988563259471
950,1876,2826,0.5063965884861408
841,1725,2566,0.487536231884058
774,1524,2298,0.5078740157480315
871,1439,2310,0.6052814454482279
844,1624,2468,0.5197044334975369
928,1693,2621,0.5481393975191967
791,1588,2379,0.4981108312342569
738,1468,2206,0.502724795640327
864,1546,2410,0.5588615782664942
995,1624,2619,0.6126847290640394
903,1599,2502,0.5647279549718575
787,1354,2141,0.5812407680945347
943,1616,2559,0.5835396039603961
922,1586,2508,0.5813366960907944
894,1650,2544,0.5418181818181819
817,1246,2063,0.6556982343499197
904,1448,2352,0.6243093922651933
828,1494,2322,0.5542168674698795
723,1497,2220,0.4829659318637274
693,1324,2017,0.5234138972809668
782,1291,2073,0.6057319907048799
705,1286,1991,0.5482115085536547
700,1197,1897,0.5847953216374269
787,1307,2094,0.6021423106350421
820,1380,2200,0.5942028985507246
878,1384,2262,0.634393063583815
692,1165,1857,0.5939914163090129
682,1284,1966,0.5311526479750779
766,1234,2000,0.6207455429497569
779,1537,2316,0.5068314899154196
1556,2381,3937,0.6535069298614028
1737,2336,4073,0.7435787671232876
1420,2010,3430,0.7064676616915423
1707,2371,4078,0.7199493884436946
1923,2059,3982,0.9339485186983972
830,1311,2141,0.6331045003813882
684,957,1641,0.7147335423197492
1110,1335,2445,0.8314606741573034
1487,1437,2924,1.034794711203897
1119,1179,2298,0.9491094147582696
1143,1448,2591,0.789364640883978
857,1122,1979,0.7638146167557932
852,907,1759,0.9393605292171996
913,1156,2069,0.7897923875432526
804,1114,1918,0.7217235188509874
1024,1196,2220,0.8561872909698997
1322,1663,2985,0.7949488875526157
1366,1160,2526,1.1775862068965517
1104,1152,2256,0.9583333333333334
983,1187,2170,0.8281381634372368
843,1106,1949,0.7622061482820977
1205,1551,2756,0.7769181173436492
1796,2015,3811,0.8913151364764268
1253,1533,2786,0.817351598173516
1204,1161,2365,1.037037037037037
1115,1061,2176,1.0508953817153628
1390,1533,2923,0.9067188519243312
1025,1169,2194,0.8768177929854577
1065,1058,2123,1.0066162570888468
1650,1402,3052,1.1768901569186876
1082,1318,2400,0.8209408194233687
1105,1107,2212,0.998193315266486
1101,1076,2177,1.0232342007434945
1479,1528,3007,0.9679319371727748
719,863,1582,0.8331402085747392
1475,1549,3024,0.9522272433828276
885,1070,1955,0.8271028037383178
1142,1307,2449,0.8737566947207345
1033,1302,2335,0.793394777265745
1276,1323,2599,0.9644746787603932
937,1061,1998,0.883129123468426
803,855,1658,0.9391812865497076
1356,1389,2745,0.976241900647948
1308,1491,2799,0.8772635814889336
1323,1478,2801,0.8951285520974289
986,1077,2063,0.915506035283194
719,807,1526,0.8909541511771994
1344,1511,2855,0.8894771674387822
1517,1953,3470,0.7767537122375832
914,1085,1999,0.8423963133640553
814,943,1757,0.8632025450689289
847,1055,1902,0.8028436018957346
1070,1158,2228,0.924006908462867
1377,1420,2797,0.969718309859155
946,1152,2098,0.8211805555555556
916,1124,2040,0.8149466192170819
1527,1772,3299,0.8617381489841986
1253,1295,2548,0.9675675675675676
750,953,1703,0.7869884575026233
1015,1290,2305,0.7868217054263565
1005,1195,2200,0.8410041841004184
695,887,1582,0.7835400225479143
1260,1153,2413,1.092801387684302
860,1084,1944,0.7933579335793358
1073,1075,2148,0.998139534883721
1666,1577,3243,1.056436271401395
1013,1182,2195,0.8570219966159053
1086,1160,2246,0.9362068965517242
1143,976,2119,1.1711065573770492
1110,1259,2369,0.8816521048451151
1320,1463,2783,0.9022556390977444
1422,1401,2823,1.0149892933618845
1422,1336,2758,1.06437125748503
1272,1616,2888,0.7871287128712872
767,964,1731,0.7956431535269709
2168,1828,3996,1.1859956236323852
1168,1957,3125,0.5968318855390904
823,1839,2662,0.4475258292550299
1215,2781,3996,0.4368932038834951
1349,2085,3434,0.6470023980815348
1318,2187,3505,0.6026520347508002
919,1556,2475,0.5906169665809768
1223,2059,3282,0.5939776590577951
1194,2095,3289,0.5699284009546539
1154,1728,2882,0.6678240740740741
1370,2471,3841,0.5544314042897612
1268,2362,3630,0.5368331922099915
1249,2045,3294,0.6107579462102689
1145,1724,2869,0.66415313225058
879,1782,2661,0.4932659932659932
1364,2321,3685,0.5876777251184834
1181,2020,3201,0.5846534653465346
997,1760,2757,0.5664772727272728
1467,2364,3831,0.6205583756345178
1257,2558,3815,0.4913995308835027
1438,2454,3892,0.5859820700896495
717,1378,2095,0.5203193033381712
1390,2347,3737,0.5922454196847039
1257,2147,3404,0.5854680950163018
924,1087,2011,0.8500459981600736
1144,2034,3178,0.5624385447394297
1300,2544,3844,0.5110062893081762
1009,1535,2544,0.657328990228013
1197,2141,3338,0.55908453993461
1202,1943,3145,0.6186309830159548
1012,2110,3122,0.4796208530805687
1045,1744,2789,0.599197247706422
1434,2574,4008,0.5571095571095571
1011,1873,2884,0.5397757608115323
1664,2365,4029,0.7035940803382664
1213,2227,3440,0.5446789402784015
938,1546,2484,0.6067270375161707
986,1781,2767,0.553621560920831
1017,1793,2810,0.5672058003346346
988,1450,2438,0.6813793103448276
1110,1658,2768,0.669481302774427
1030,1547,2577,0.6658047834518422
947,1648,2595,0.5746359223300971
917,1662,2579,0.5517448856799038
806,1665,2471,0.4840840840840841
929,1565,2494,0.5936102236421725
896,1483,2379,0.6041807147673635
855,1579,2434,0.5414819506016466
1011,1630,2641,0.6202453987730061
887,1504,2391,0.5897606382978723
948,1790,2738,0.529608938547486
1020,1730,2750,0.5895953757225434
1203,1839,3042,0.6541598694942904
1022,1559,2581,0.6555484284797948
994,1571,2565,0.6327180140038192
1141,1704,2845,0.6696009389671361
964,1748,2712,0.551487414187643
742,1247,1989,0.595028067361668
1135,1753,2888,0.6474614945807188
1044,1546,2590,0.6752910737386805
1046,1699,2745,0.6156562683931724
1035,1747,2782,0.5924441900400687
985,1476,2461,0.6673441734417345
991,1538,2529,0.6443433029908973
958,1561,2519,0.6137091607943626
1106,1769,2875,0.6252119841718485
1034,1804,2838,0.573170731707317
1199,1807,3006,0.6635307138904262
936,1723,2659,0.543238537434707
1134,1934,3068,0.5863495346432265
977,1663,2640,0.5874924834636199
1080,1779,2859,0.6070826306913997
1059,1879,2938,0.5635976583288983
987,1543,2530,0.6396629941672067
1057,1703,2760,0.6206694069289489
1089,1709,2798,0.6372147454651843
924,1822,2746,0.5071350164654226
866,1502,2368,0.5765645805592543
1105,1826,2931,0.6051478641840088
1160,1971,3131,0.5885337392186707
1076,1722,2798,0.6248548199767712
1029,1841,2870,0.55893536121673
1007,1652,2659,0.6095641646489104
1129,1739,2868,0.6492236917768832
1111,1717,2828,0.6470588235294118
915,1766,2681,0.5181200453001132
976,1590,2566,0.6138364779874214
1056,1615,2671,0.6538699690402476
872,1765,2637,0.4940509915014164
1065,2070,3135,0.5144927536231884
983,1546,2529,0.6358344113842174
1061,1648,2709,0.6438106796116505
1038,1795,2833,0.5782729805013928
845,1503,2348,0.5622089155023287
1001,1696,2697,0.5902122641509434
976,1865,2841,0.5233243967828418
972,1737,2709,0.5595854922279793
1209,1918,3127,0.6303441084462982
1169,1551,2720,0.7537072856221793
1180,1795,2975,0.6573816155988857
1187,1740,2927,0.6821839080459771
1078,1800,2878,0.5988888888888889
1077,1625,2702,0.6627692307692308
1049,1814,2863,0.5782800441014333
1088,1901,2989,0.572330352446081
918,1568,2486,0.5854591836734694
1037,1751,2788,0.5922330097087378
1004,1792,2796,0.5602678571428571
1028,1550,2578,0.6632258064516129
1008,1753,2761,0.5750142612664004
1101,1729,2830,0.6367842683632158
931,1308,2239,0.7117737003058104
1032,1645,2677,0.6273556231003039
1181,1807,2988,0.6535694521306032
1139,1777,2916,0.6409679234665167
1149,1725,2874,0.6660869565217391
1288,2109,3397,0.6107159791370318
1039,1710,2749,0.6076023391812866
1013,1433,2446,0.7069085833914864
1062,1657,2719,0.6409173204586602
1113,1676,2789,0.6640811455847255
1039,1758,2797,0.5910125142207053
1037,1745,2782,0.594269340974212
1082,1815,2897,0.5961432506887052
1004,1776,2780,0.5653153153153153
1118,1614,2732,0.6926889714993805
983,1617,2600,0.6079158936301794
1155,1620,2775,0.7129629629629629
940,1518,2458,0.619235836627141
1073,1755,2828,0.6113960113960114
1058,1717,2775,0.6161910308677927
1144,1733,2877,0.6601269474899019
1041,1571,2612,0.6626352641629535
1127,1764,2891,0.6388888888888888
1017,1769,2786,0.5749010740531374
1151,1776,2927,0.6480855855855856
1065,1714,2779,0.6213535589264878
1075,1737,2812,0.6188831318364997
1033,1767,2800,0.5846066779852858
1005,1728,2733,0.5815972222222222
999,1728,2727,0.578125
982,1836,2818,0.5348583877995643
1042,1636,2678,0.636919315403423
1100,1715,2815,0.641399416909621
1115,1693,2808,0.6585942114589486
1141,1897,3038,0.6014760147601476
1100,1883,2983,0.5841741901221456
1064,1691,2755,0.6292134831460674
1093,1831,2924,0.5969415619879848
1048,1855,2903,0.5649595687331537
1065,1762,2827,0.6044267877412032
1053,1800,2853,0.585
1177,1782,2959,0.6604938271604939
1011,1686,2697,0.599644128113879
1078,1630,2708,0.6613496932515337
999,1677,2676,0.5957066189624329
972,1726,2698,0.5631517960602549
890,1529,2419,0.5820797907128843
988,1720,2708,0.5744186046511628
1028,1762,2790,0.583427922814983
961,1692,2653,0.567966903073286
953,1615,2568,0.590092879256966
993,1831,2824,0.5423265974877116
971,1399,2370,0.6940671908506075
1114,1816,2930,0.6134361233480177
971,1795,2766,0.5409470752089136
1105,1809,2914,0.6108347153123272
1078,1775,2853,0.6073239436619718
971,1703,2674,0.5701702877275396
864,1140,2004,0.7578947368421053
907,1397,2304,0.6492483894058697
955,1817,2772,0.5255916345624656
996,1832,2828,0.5436681222707423
992,1686,2678,0.5883748517200474
1058,1735,2793,0.6097982708933718
940,1668,2608,0.5635491606714629
1036,1661,2697,0.6237206502107164
1103,1724,2827,0.6397911832946636
1043,1798,2841,0.5800889877641824
1048,1833,2881,0.5717403164211675
1153,2028,3181,0.5685404339250493
1000,1707,2707,0.5858230814294083
965,1647,2612,0.5859137826350941
1053,1745,2798,0.6034383954154727
907,1631,2538,0.5561005518087063
962,1722,2684,0.5586527293844367
921,1618,2539,0.569221260815822
904,1561,2465,0.5791159513132608
989,1579,2568,0.6263457884737176
1004,1676,2680,0.5990453460620525
1638,2421,4059,0.6765799256505576
981,1892,2873,0.5184989429175476
972,1689,2661,0.5754884547069272
1053,1912,2965,0.5507322175732218
1036,1209,2245,0.8569065343258891
1083,1752,2835,0.6181506849315068
1007,1850,2857,0.5443243243243243
1064,1707,2771,0.6233157586408905
974,1578,2552,0.6172370088719898
1097,1482,2579,0.7402159244264508
985,1596,2581,0.6171679197994987
1228,1900,3128,0.6463157894736842
937,1543,2480,0.6072585871678549
881,1472,2353,0.5985054347826086
1042,1686,2728,0.6180308422301305
1104,1520,2624,0.7263157894736842
1067,1256,2323,0.8495222929936306
1000,1877,2877,0.5327650506126798
996,1616,2612,0.6163366336633663
1000,1748,2748,0.5720823798627003
784,1646,2430,0.4763061968408262
950,1662,2612,0.5716004813477737
1032,1728,2760,0.5972222222222222
1033,1743,2776,0.5926563396442914
917,1582,2499,0.5796460176991151
1053,1807,2860,0.5827338129496403
941,1831,2772,0.5139268159475696
981,1570,2551,0.6248407643312102
955,1716,2671,0.5565268065268065
971,1633,2604,0.5946111451316595
944,1558,2502,0.6059050064184852
1055,1681,2736,0.6276026174895896
956,1540,2496,0.6207792207792208
948,1668,2616,0.5683453237410072
1086,1720,2806,0.6313953488372093
958,1772,2730,0.5406320541760722
1095,1738,2833,0.6300345224395857
995,1450,2445,0.6862068965517242
991,1452,2443,0.6825068870523416
910,1709,2619,0.5324751316559392
993,1588,2581,0.6253148614609572
1036,1658,2694,0.6248492159227985
1098,1820,2918,0.6032967032967033
985,1811,2796,0.5438983986747653
902,1558,2460,0.5789473684210527
1034,1852,2886,0.5583153347732182
1061,1862,2923,0.5698174006444683
1127,1766,2893,0.6381653454133636
1023,1856,2879,0.5511853448275862
955,1569,2524,0.6086679413639261
1001,1686,2687,0.5937129300118624
1037,1579,2616,0.6567447751741609
924,1717,2641,0.5381479324403029
971,1735,2706,0.5596541786743516
970,1870,2840,0.5187165775401069
931,1562,2493,0.5960307298335468
970,1941,2911,0.4997424008243173
1104,1877,2981,0.5881726158763985
983,1719,2702,0.5718440954043048
1049,1764,2813,0.594671201814059
980,1653,2633,0.5928614640048396
874,1701,2575,0.5138154027042916
842,1764,2606,0.4773242630385487
937,1600,2537,0.585625
982,1707,2689,0.5752782659636789
1010,1432,2442,0.7053072625698324
954,1506,2460,0.6334661354581673
1054,1718,2772,0.6135040745052387
968,1433,2401,0.6755059316120028
1036,1583,2619,0.6544535691724573
1019,1653,2672,0.616454930429522
972,1664,2636,0.5841346153846154
1116,1697,2813,0.657631113730112
937,1649,2586,0.5682231655548817
1055,1661,2716,0.6351595424443106
963,1528,2491,0.6302356020942408
1079,1832,2911,0.5889737991266376
1063,1823,2886,0.5831047723532639
1155,1912,3067,0.6040794979079498
1082,1867,2949,0.5795393679700054
1076,1551,2627,0.693745970341715
1068,1728,2796,0.6180555555555556
1144,1879,3023,0.6088344864289515
1140,1802,2942,0.632630410654828
864,1505,2369,0.5740863787375415
1070,1734,2804,0.6170703575547867
1032,1648,2680,0.6262135922330098
1116,1701,2817,0.656084656084656
1169,1682,2851,0.6950059453032105
1153,1712,2865,0.673481308411215
1053,1733,2786,0.6076168493941142
1046,1679,2725,0.6229898749255509
1021,1763,2784,0.579126488939308
1066,1718,2784,0.6204889406286379
1016,1803,2819,0.5635052689961176
900,1713,2613,0.5253940455341506
1018,1764,2782,0.5770975056689343
1052,1948,3000,0.5400410677618069
934,1705,2639,0.547800586510264
967,1889,2856,0.5119110640550556
991,1775,2766,0.5583098591549296
863,1456,2319,0.5927197802197802
907,1484,2391,0.6111859838274932
1046,1768,2814,0.5916289592760181
919,1400,2319,0.6564285714285715
919,1806,2725,0.508859357696567
932,1602,2534,0.581772784019975
981,1620,2601,0.6055555555555555
1085,1934,3019,0.5610134436401241
888,1657,2545,0.5359082679541339
1041,1671,2712,0.6229802513464991
1140,1891,3031,0.6028556319407721
1215,1860,3075,0.6532258064516129
978,1803,2781,0.5424292845257903
951,1752,2703,0.5428082191780822
950,1534,2484,0.6192959582790091
947,1628,2575,0.5816953316953317
1102,1784,2886,0.6177130044843049
1039,1743,2782,0.5960986804360299
887,1361,2248,0.6517266715650257
955,1732,2687,0.5513856812933026
938,1662,2600,0.5643802647412756
890,1641,2531,0.5423522242535039
967,1500,2467,0.6446666666666667
1089,1626,2715,0.6697416974169742
1011,1797,2808,0.5626043405676127
1023,1841,2864,0.5556762629005975
908,1711,2619,0.5306838106370544
1044,1735,2779,0.6017291066282421
959,1835,2794,0.5226158038147138
1093,1772,2865,0.6168171557562077
1007,1514,2521,0.6651254953764861
1064,1461,2525,0.7282683093771389
1092,1813,2905,0.6023166023166023
1020,1864,2884,0.5472103004291845
1028,1826,2854,0.5629791894852135
1027,1528,2555,0.6721204188481675
1012,1732,2744,0.5842956120092379
934,1526,2460,0.6120576671035387
792,1270,2062,0.6236220472440945
979,1673,2652,0.5851763299462044
940,1591,2531,0.590823381521056
964,1353,2317,0.7124907612712491
1011,1634,2645,0.6187270501835985
955,1686,2641,0.566429418742586
851,1692,2543,0.5029550827423168
907,1637,2544,0.5540623091020159
946,1623,2569,0.5828712261244609
905,1659,2564,0.5455093429776974
1046,1693,2739,0.6178381571175429
1017,1872,2889,0.5432692307692307
980,1566,2546,0.6257982120051085
910,1705,2615,0.533724340175953
852,1649,2501,0.5166767738023045
853,1674,2527,0.5095579450418161
1023,2023,3046,0.5056846267918932
933,1869,2802,0.4991974317817014
827,1532,2359,0.5398172323759791
812,1442,2254,0.5631067961165048
1109,1740,2849,0.6373563218390804
945,1608,2553,0.5876865671641791
1021,1648,2669,0.6195388349514563
907,1733,2640,0.5233698788228506
893,1610,2503,0.5546583850931677
951,1706,2657,0.5574443141852286
966,1795,2761,0.5381615598885794
758,1747,2505,0.433886662850601
1016,1757,2773,0.5782583949914627
833,1511,2344,0.5512905360688286
885,1556,2441,0.5687660668380463
981,1635,2616,0.6
892,1722,2614,0.5180023228803716
878,1627,2505,0.5396435156730178
943,1585,2528,0.5949526813880126
934,1743,2677,0.5358577165806081
969,1727,2696,0.5610885929357267
911,1723,2634,0.5287289611143354
935,1725,2660,0.5420289855072464
1000,1662,2662,0.601684717208183
932,1552,2484,0.6005154639175257
1264,1969,3233,0.6419502285424074
974,1564,2538,0.6227621483375959
936,1923,2859,0.4867394695787831
945,1862,2807,0.5075187969924813
1045,1880,2925,0.5558510638297872
885,1510,2395,0.5860927152317881
1391,2245,3636,0.6195991091314031
1034,1860,2894,0.5559139784946237
960,1823,2783,0.5266044980800878
895,1550,2445,0.5774193548387097
948,1786,2734,0.5307950727883539
1041,1582,2623,0.6580278128950695
787,1694,2481,0.4645808736717827
1028,1741,2769,0.5904652498564044
926,1309,2235,0.7074102368220015
1122,1620,2742,0.6925925925925925
1064,1604,2668,0.6633416458852868
990,1511,2501,0.6551952349437459
1091,1804,2895,0.6047671840354767
1138,1774,2912,0.6414881623449831
1128,1731,2859,0.6516464471403813
1051,1922,2973,0.5468262226847035
959,1876,2835,0.5111940298507462
1058,1913,2971,0.553058024046001
1167,2206,3373,0.529011786038078
998,1825,2823,0.5468493150684931
1129,1895,3024,0.595778364116095
1006,1544,2550,0.6515544041450777
1035,1666,2701,0.6212484993997599
1053,1754,2807,0.6003420752565565
963,1652,2615,0.5829297820823245
862,1544,2406,0.5582901554404145
1181,1864,3045,0.6335836909871244
1831,2185,4016,0.8379862700228833
1046,1545,2591,0.6770226537216828
1173,1494,2667,0.785140562248996
924,1154,2078,0.8006932409012132
769,1020,1789,0.753921568627451
1255,1811,3066,0.6929872998343457
1382,1984,3366,0.6965725806451613
1282,1851,3133,0.6925985953538628
1062,1806,2868,0.5880398671096345
1226,1684,2910,0.7280285035629454
1439,1905,3344,0.7553805774278215
1132,1251,2383,0.9048760991207034
1462,1870,3332,0.7818181818181819
1097,1726,2823,0.6355735805330244
960,1243,2203,0.7723250201126307
1247,1494,2741,0.8346720214190094
1346,1677,3023,0.802623732856291
1180,1470,2650,0.8027210884353742
815,1083,1898,0.752539242843952
1073,1341,2414,0.8001491424310216
1197,1773,2970,0.6751269035532995
1509,1639,3148,0.9206833435021354
1547,1474,3021,1.0495251017639078
1188,1381,2569,0.8602461984069515
1276,1732,3008,0.7367205542725174
1351,1427,2778,0.9467414155571128
1604,1884,3488,0.851380042462845
1156,1747,2903,0.661705781339439
824,1237,2061,0.666127728375101
1075,1515,2590,0.7095709570957096
1700,2142,3842,0.7936507936507936
1437,1785,3222,0.8050420168067227
1990,1916,3906,1.0386221294363256
1629,2253,3882,0.7230359520639148
1384,1906,3290,0.7261280167890871
1497,1321,2818,1.1332323996971991
1167,1120,2287,1.0419642857142857
998,1403,2401,0.7113328581610834
1811,2146,3957,0.8438956197576887
1304,1612,2916,0.8089330024813896
802,1268,2070,0.6324921135646687
879,1293,2172,0.679814385150812
1172,1871,3043,0.6264029930518439
1703,2350,4053,0.7246808510638297
493,937,1430,0.5261472785485592
752,1407,2159,0.5344705046197583
894,1597,2491,0.5597996242955542
1382,2353,3735,0.5873353166170846
1162,1954,3116,0.5946775844421699
1329,2275,3604,0.5841758241758241
1361,2210,3571,0.6158371040723982
1175,2088,3263,0.5627394636015326
888,1357,2245,0.6543846720707442
1141,2081,3222,0.5482940893801057
147,155,302,0.9483870967741936
564,910,1474,0.6197802197802198
910,1240,2150,0.7338709677419355
1705,2371,4076,0.7191058625052721
854,1154,2008,0.7400346620450606
965,1583,2548,0.609602021478206
738,1078,1816,0.6846011131725418
1707,2085,3792,0.818705035971223
177,249,426,0.7108433734939759
1842,2021,3863,0.9114299851558636
890,1361,2251,0.6539309331373989
840,1312,2152,0.6402439024390244
1142,1571,2713,0.7269255251432208
1195,1508,2703,0.7924403183023873
649,936,1585,0.6933760683760684
950,1611,2561,0.5896958410924892
314,507,821,0.6193293885601578
104,131,235,0.7938931297709924
604,797,1401,0.7578419071518193
977,1392,2369,0.701867816091954
892,1432,2324,0.6229050279329609
474,681,1155,0.6960352422907489
1191,1920,3111,0.6203125
1168,1844,3012,0.6334056399132321
423,207,630,2.0434782608695654
96,175,271,0.5485714285714286
91,99,190,0.9191919191919192
385,369,754,1.043360433604336
296,496,792,0.5967741935483871
590,877,1467,0.6727480045610034
1302,1888,3190,0.6896186440677966
1261,2183,3444,0.5776454420522217
1208,1667,2875,0.7246550689862028
1666,2399,4065,0.6944560233430596
1511,1910,3421,0.7910994764397906
1965,1827,3792,1.0755336617405582
2684,1385,4069,1.9379061371841155
24,60,84,0.4
2149,1473,3622,1.4589273591310252
1211,657,1868,1.843226788432268
2507,1545,4052,1.6226537216828478
291,147,438,1.9795918367346936
1524,2111,3635,0.7219327333017527
1831,2221,4052,0.8244034218820351
1801,1936,3737,0.9302685950413224
1391,1937,3328,0.7181208053691275
1313,2040,3353,0.6436274509803922
1461,2425,3886,0.6024742268041237
1278,1731,3009,0.7383015597920277
640,1005,1645,0.6368159203980099
1389,2462,3851,0.5641754670999187
1446,2605,4051,0.5550863723608446
1607,2278,3885,0.7054433713784021
1577,2278,3855,0.6922739244951712
1546,1784,3330,0.8665919282511211
1110,1136,2246,0.977112676056338
1577,2152,3729,0.7328066914498141
1004,1333,2337,0.7531882970742686
1231,1540,2771,0.7993506493506494
1278,1872,3150,0.6826923076923077
795,1223,2018,0.6500408830744072
1048,1504,2552,0.6968085106382979
1323,1496,2819,0.8843582887700535
1078,1489,2567,0.7239758226997985
821,1201,2022,0.6835970024979184
1154,1384,2538,0.8338150289017341
1334,1791,3125,0.7448352875488554
1425,2067,3492,0.6894049346879536
1321,1695,3016,0.7793510324483776
881,1348,2229,0.6535608308605341
1139,1356,2495,0.8399705014749262
1480,2177,3657,0.6798346348185577
826,794,1620,1.0403022670025188
1040,1521,2561,0.6837606837606838
883,985,1868,0.8964467005076142
1127,1530,2657,0.7366013071895425
749,1341,2090,0.5585384041759881
1343,1180,2523,1.138135593220339
113,98,211,1.153061224489796
924,1484,2408,0.6226415094339622
1008,1375,2383,0.7330909090909091
991,1251,2242,0.7921662669864109
1170,1288,2458,0.908385093167702
1005,1585,2590,0.6340694006309149
1107,1702,2809,0.6504112808460635
1527,2030,3557,0.7522167487684729
1145,1547,2692,0.7401422107304461
655,875,1530,0.7485714285714286
1282,2281,3563,0.562034195528277
1518,2130,3648,0.7126760563380282
1285,2416,3701,0.5318708609271523
1378,1880,3258,0.7329787234042553
1860,2153,4013,0.8639108221086855
1335,1939,3274,0.6884992264053635
1373,1687,3060,0.8138707765263782
1328,1517,2845,0.8754119973632168
1064,2103,3167,0.5059438896814075
1647,2160,3807,0.7625
1344,1697,3041,0.7919858573954036
1328,1723,3051,0.7707486941381312
789,1053,1842,0.7492877492877493
741,1428,2169,0.5189075630252101
949,1561,2510,0.6079436258808456
949,1059,2008,0.8961284230406044
1283,1607,2890,0.7983820784069695
1286,2077,3363,0.6191622532498796
778,1967,2745,0.3955261820030503
1463,1899,3362,0.770405476566614
854,1383,2237,0.6174981923355025
1536,2310,3846,0.6649350649350649
1547,2016,3563,0.7673611111111112
1031,981,2012,1.0509683995922527
768,1210,1978,0.6347107438016529
1509,2559,4068,0.5896834701055099
1659,2118,3777,0.78328611898017
1023,1179,2202,0.8676844783715013
764,1090,1854,0.7009174311926606
1012,1620,2632,0.6246913580246913
1009,1612,2621,0.6259305210918115
1080,1710,2790,0.631578947368421
1082,1739,2821,0.6221966647498562
1097,1745,2842,0.6286532951289399
1062,1691,2753,0.6280307510348906
975,1584,2559,0.615530303030303
957,1635,2592,0.5853211009174312
958,1453,2411,0.6593255333792154
896,1547,2443,0.579185520361991
1194,1842,3036,0.6482084690553745
939,1638,2577,0.5732600732600732
986,1773,2759,0.5561195713479977
906,1599,2505,0.5666041275797373
1006,1678,2684,0.599523241954708
903,1644,2547,0.5492700729927007
926,1602,2528,0.5780274656679151
950,1504,2454,0.6316489361702128
943,1492,2435,0.6320375335120644
1033,1556,2589,0.6638817480719794
1112,1712,2824,0.6495327102803738
1025,1506,2531,0.6806108897742363
1032,1719,2751,0.6003490401396161
1000,1593,2593,0.6277463904582549
1105,1860,2965,0.5940860215053764
1141,1773,2914,0.643542019176537
1092,1654,2746,0.660217654171705
1012,1422,2434,0.7116736990154712
1078,1765,2843,0.6107648725212464
1032,1435,2467,0.7191637630662021
1008,1649,2657,0.6112795633717405
1084,1767,2851,0.613469156762875
1184,1781,2965,0.664795058955643
1311,2168,3479,0.6047047970479705
586,904,1490,0.6482300884955752
931,1401,2332,0.6645253390435403
1045,1601,2646,0.6527170518425984
998,1538,2536,0.6488946684005201
1047,1587,2634,0.6597353497164461
1023,1574,2597,0.6499364675984752
1206,2137,3343,0.5643425362657931
1147,1750,2897,0.6554285714285715
1240,1572,2812,0.7888040712468194
1274,1688,2962,0.754739336492891
1059,1845,2904,0.5739837398373984
500,668,1168,0.7485029940119761
1067,1747,2814,0.6107613050944476
1609,643,2252,2.5023328149300155
930,1582,2512,0.5878634639696586
1052,1754,2806,0.5997719498289624
1106,1685,2791,0.656379821958457
1015,1719,2734,0.5904595695171612
964,1416,2380,0.6807909604519774
1058,1603,2661,0.6600124766063631
918,1616,2534,0.568069306930693
1063,1625,2688,0.6541538461538462
1106,1671,2777,0.6618791143028127
1009,1664,2673,0.6063701923076923
1091,1657,2748,0.6584188292094146
1078,1609,2687,0.6699813548788067
1106,1624,2730,0.6810344827586207
1069,1619,2688,0.660284126003706
1012,1657,2669,0.6107423053711527
1030,1583,2613,0.6506632975363235
1398,2180,3578,0.6412844036697247
1112,1862,2974,0.5972073039742213
644,1191,1835,0.5407220822837951
1085,1617,2702,0.670995670995671
959,1646,2605,0.5826245443499393
1115,1698,2813,0.6566548881036514
1027,1612,2639,0.6370967741935484
1085,1615,2700,0.6718266253869969
1016,1702,2718,0.5969447708578144
1209,2076,3285,0.5823699421965318
972,1648,2620,0.5898058252427184
1194,1852,3046,0.6447084233261339
1067,1719,2786,0.6207097149505526
1045,1795,2840,0.5821727019498607
1099,1756,2855,0.6258542141230068
1166,1987,3153,0.5868142929038752
1063,1599,2662,0.6647904940587868
1147,1566,2713,0.7324393358876118
1168,2005,3173,0.5825436408977556
1093,1712,2805,0.6384345794392523
1158,1680,2838,0.6892857142857143
823,1349,2172,0.6100815418828762
1006,1476,2482,0.6815718157181572
1173,1672,2845,0.7015550239234449
1110,1396,2506,0.7951289398280802
1142,1591,2733,0.7177875549968573
1151,1663,2814,0.6921226698737222
1303,1842,3145,0.7073832790445168
943,1292,2235,0.7298761609907121
1118,1617,2735,0.6914038342609771
1173,1800,2973,0.6516666666666666
1030,1608,2638,0.6405472636815921
801,1293,2094,0.6194895591647331
884,1470,2354,0.601360544217687
1172,1780,2952,0.6584269662921348
1323,1936,3259,0.6833677685950413
1212,1781,2993,0.6805165637282425
1138,1687,2825,0.6745702430349734
989,1531,2520,0.6459830176355323
1200,1705,2905,0.7038123167155426
1135,1602,2737,0.7084893882646691
1262,1840,3102,0.6858695652173913
1064,1587,2651,0.6704473850031506
1031,1593,2624,0.6472065285624607
1335,1729,3064,0.7721226142278774
1083,1584,2667,0.6837121212121212
1028,1455,2483,0.7065292096219932
1374,1990,3364,0.6904522613065327
1100,1557,2657,0.7064868336544637
1021,1589,2610,0.6425424795468848
1093,1699,2792,0.6433195997645674
1259,1882,3141,0.6689691817215728
1021,1536,2557,0.6647135416666666
1044,1677,2721,0.6225402504472272
1112,1609,2721,0.6911124922311995
960,1564,2524,0.6138107416879796
854,1429,2283,0.5976207137858642
1050,1471,2521,0.7138001359619307
997,1355,2352,0.7357933579335794
1111,1824,2935,0.6091008771929824
1042,1559,2601,0.6683771648492624
1087,1679,2766,0.6474091721262656
995,1475,2470,0.6745762711864407
976,1537,2513,0.6350032530904359
787,1307,2094,0.6021423106350421
1279,2089,3368,0.6122546673049306
1142,1682,2824,0.6789536266349584
815,1195,2010,0.6820083682008368
867,1422,2289,0.609704641350211
1104,1656,2760,0.6666666666666666
895,1172,2067,0.7636518771331058
1080,1543,2623,0.6999351911860013
1075,1472,2547,0.7302989130434783
982,1440,2422,0.6819444444444445
1120,1557,2677,0.7193320488118176
970,1274,2244,0.7613814756671899
1177,1658,2835,0.7098914354644149
830,1364,2194,0.6085043988269795
1014,1214,2228,0.8352553542009885
1035,1597,2632,0.6480901690670007
902,1194,2096,0.7554438860971524
1118,1575,2693,0.7098412698412698
996,1392,2388,0.7155172413793104
945,1490,2435,0.6342281879194631
999,1694,2693,0.589728453364817
1179,1656,2835,0.7119565217391305
956,1614,2570,0.5923172242874845
975,1485,2460,0.6565656565656566
1018,1658,2676,0.6139927623642943
969,1506,2475,0.6434262948207171
1183,1934,3117,0.6116856256463289
1007,1589,2596,0.6337319068596602
990,1683,2673,0.5882352941176471
987,1566,2553,0.6302681992337165
1092,1503,2595,0.7265469061876247
1025,1260,2285,0.8134920634920635
1096,1410,2506,0.7773049645390071
1179,1604,2783,0.7350374064837906
949,1407,2356,0.6744847192608386
1072,1615,2687,0.6637770897832818
1307,1658,2965,0.7882991556091676
1047,1586,2633,0.6601513240857503
1024,1521,2545,0.673241288625904
881,1462,2343,0.6025991792065664
842,1291,2133,0.6522075910147173
915,1247,2162,0.7337610264635124
936,1610,2546,0.5813664596273292
1183,1542,2725,0.7671854734111544
1054,1748,2802,0.602974828375286
1127,1805,2932,0.624376731301939
1609,2455,4064,0.655397148676171
1296,2115,3411,0.6127659574468085
1506,2548,4054,0.5910518053375197
1352,2726,4078,0.495964783565664
1481,2500,3981,0.5924
1244,2564,3808,0.485179407176287
1433,2600,4033,0.5511538461538461
1341,2585,3926,0.518762088974855
1351,2570,3921,0.5256809338521401
1297,2665,3962,0.4866791744840525
1268,2798,4066,0.453180843459614
1147,2163,3310,0.5302820157189089
1652,2305,3957,0.716702819956616
1417,1947,3364,0.7277863379558295
1628,2401,4029,0.6780508121615993
1442,2554,3996,0.5646045418950666
1552,2488,4040,0.6237942122186495
1652,2429,4081,0.6801152737752162
1274,1880,3154,0.6776595744680851
1620,2426,4046,0.6677658697444353
1444,2216,3660,0.6516245487364621
1757,2302,4059,0.763249348392702
1670,2316,3986,0.7210708117443869
1687,1970,3657,0.8563451776649746
1697,2302,3999,0.7371850564726324
1581,1950,3531,0.8107692307692308
1731,1893,3624,0.9144215530903328
1607,2141,3748,0.7505838393274171
1528,2218,3746,0.6889089269612263
1648,2406,4054,0.684954280964256
1106,1151,2257,0.9609035621198956
1474,2320,3794,0.6353448275862069
1687,2287,3974,0.7376475732400525
1575,2127,3702,0.7404795486600846
1729,1803,3532,0.9589572933998892
1781,2301,4082,0.7740112994350282
1516,2318,3834,0.6540120793787748
1662,2390,4052,0.695397489539749
1447,2195,3642,0.6592255125284738
1498,1659,3157,0.9029535864978904
1721,1871,3592,0.9198289684660608
1577,2191,3768,0.7197626654495665
1642,2191,3833,0.7494294842537654
1556,2353,3909,0.6612834679133022
1653,2116,3769,0.7811909262759924
1676,2143,3819,0.7820811945870275
1189,1684,2873,0.7060570071258907
1619,2285,3904,0.7085339168490153
1429,1989,3418,0.7184514831573655
1713,2003,3716,0.8552171742386421
1625,1946,3571,0.8350462487153134
1262,1884,3146,0.6698513800424628
1602,2446,4048,0.6549468520032706
1572,2383,3955,0.6596726814939152
1240,1849,3089,0.670632774472688
1561,2146,3707,0.7273998136067101
1662,2318,3980,0.7169974115616912
1572,2337,3909,0.6726572528883183
1396,2132,3528,0.6547842401500938
1091,1534,2625,0.711212516297262
1687,2134,3821,0.7905342080599812
1691,1671,3362,1.011968880909635
1381,1999,3380,0.6908454227113556
1430,2596,4026,0.5508474576271186
1545,2068,3613,0.7470986460348162
1612,2289,3901,0.7042376583660988
1533,2057,3590,0.7452600875060769
1350,1985,3335,0.6801007556675063
1428,2222,3650,0.6426642664266426
1455,2461,3916,0.5912230800487607
1593,2444,4037,0.6518003273322422
1537,2220,3757,0.6923423423423424
1660,2152,3812,0.7713754646840149
1572,2360,3932,0.6661016949152543
1640,2396,4036,0.6844741235392321
1804,2244,4048,0.803921568627451
1613,2238,3851,0.7207327971403038
1259,1472,2731,0.8552989130434783
800,868,1668,0.9216589861751152
1284,1784,3068,0.7197309417040358
1445,1541,2986,0.9377027903958468
1041,1408,2449,0.7393465909090909
1186,1647,2833,0.7200971463266546
1755,2052,3807,0.8552631578947368
862,1387,2249,0.6214852198990627
1032,1705,2737,0.6052785923753665
1316,1822,3138,0.7222832052689352
1699,2362,4061,0.7193056731583404
1606,2446,4052,0.6565821749795585
1433,2200,3633,0.6513636363636364
1522,2214,3736,0.6874435411020777
1248,1728,2976,0.7222222222222222
1594,2485,4079,0.6414486921529176
1569,2437,4006,0.6438243742306115
1414,2016,3430,0.7013888888888888
1595,2380,3975,0.6701680672268907
1545,2547,4092,0.6065959952885748
1206,1600,2806,0.75375
816,1379,2195,0.5917331399564902
1024,1350,2374,0.7585185185185185
1362,1605,2967,0.8485981308411215
1071,1775,2846,0.6033802816901408
1492,2327,3819,0.6411688869789428
1469,2289,3758,0.6417649628658803
1429,1853,3282,0.7711818672423097
1717,2285,4002,0.7514223194748358
1826,1859,3685,0.9822485207100592
1401,1763,3164,0.7946681792399319
1308,1660,2968,0.7879518072289157
1694,2320,4014,0.7301724137931035
1414,2410,3824,0.5867219917012448
1546,2280,3826,0.6780701754385965
1351,1747,3098,0.7733257012020607
1452,2284,3736,0.6357267950963222
1718,2333,4051,0.7363909129875696
1091,1604,2695,0.6801745635910225
1510,2232,3742,0.6765232974910395
1334,1527,2861,0.8736083824492469
1230,2020,3250,0.6089108910891089
1429,2033,3462,0.7029021151008362
1486,2423,3909,0.6132893107717705
1356,2435,3791,0.5568788501026694
1580,2380,3960,0.6638655462184874
1303,1995,3298,0.6531328320802005
1154,1706,2860,0.6764361078546307
1475,2166,3641,0.6809787626962143
1303,1765,3068,0.738243626062323
1511,1829,3340,0.8261344997266266
1680,2297,3977,0.7313887679582064
1565,1252,2817,1.25
2016,1533,3549,1.3150684931506849
1032,1857,2889,0.555735056542811
1256,1003,2259,1.2522432701894315
2160,1747,3907,1.2364052661705782
805,863,1668,0.93279258400927
1230,1001,2231,1.228771228771229
988,1066,2054,0.926829268292683
1672,1986,3658,0.8418932527693856
1947,1631,3578,1.1937461679950951
1082,1844,2926,0.586767895878525
1411,2375,3786,0.5941052631578947
752,1830,2582,0.4109289617486338
1822,1796,3618,1.0144766146993318
872,1044,1916,0.8352490421455939
1762,2064,3826,0.8536821705426356
1397,1905,3302,0.7333333333333333
1358,1949,3307,0.6967675731144176
707,956,1663,0.7395397489539749
1545,2139,3684,0.7223001402524544
914,1327,2241,0.6887716654107008
739,1241,1980,0.5954875100725222
1214,1360,2574,0.8926470588235295
1433,2082,3515,0.6882804995196926
1636,2340,3976,0.6991452991452991
387,565,952,0.6849557522123894
1418,2383,3801,0.5950482584976919
860,1282,2142,0.6708268330733229
1114,790,1904,1.410126582278481
1629,2303,3932,0.7073382544507164
1691,2334,4025,0.7245072836332477
1731,2043,3774,0.8472834067547724
857,1164,2021,0.7362542955326461
473,504,977,0.9384920634920636
1359,1757,3116,0.7734775184974388
1007,911,1918,1.1053787047200878
1646,2449,4095,0.6721110657411188
1313,1987,3300,0.6607951685958732
1587,2092,3679,0.7586042065009561
1156,1774,2930,0.6516347237880497
124,30,154,4.133333333333334
855,1269,2124,0.6737588652482269
1334,2017,3351,0.661378284581061
528,591,1119,0.8934010152284264
1460,2012,3472,0.7256461232604374
1039,1818,2857,0.5715071507150715
3429,321,3750,10.682242990654206
877,1505,2382,0.5827242524916944
1081,1523,2604,0.7097833223900197
856,1254,2110,0.682615629984051
1034,1563,2597,0.6615483045425464
877,1276,2153,0.6873040752351097
915,1383,2298,0.6616052060737527
1008,1548,2556,0.6511627906976745
783,1273,2056,0.615082482325216
975,1460,2435,0.6678082191780822
1051,1565,2616,0.6715654952076677
881,1437,2318,0.6130828114126653
1061,1420,2481,0.7471830985915493
935,1531,2466,0.6107119529719138
854,1385,2239,0.6166064981949458
724,1282,2006,0.5647425897035881
995,1570,2565,0.6337579617834395
907,1526,2433,0.5943643512450852
985,1266,2251,0.778041074249605
1099,1545,2644,0.7113268608414239
913,1347,2260,0.6778025241276912
1127,1696,2823,0.6645047169811321
1036,1488,2524,0.696236559139785
1043,1507,2550,0.6921035169210352
1003,1480,2483,0.6777027027027027
976,1446,2422,0.6749654218533887
1112,1538,2650,0.7230169050715215
1016,1447,2463,0.7021423635107118
965,1476,2441,0.6537940379403794
970,1302,2272,0.7450076804915514
882,1315,2197,0.6707224334600761
1034,1612,2646,0.641439205955335
1059,1508,2567,0.7022546419098143
892,1577,2469,0.5656309448319594
972,1378,2350,0.7053701015965167
875,1286,2161,0.6804043545878694
1059,1605,2664,0.6598130841121496
965,1358,2323,0.7106038291605302
982,1471,2453,0.6675730795377295
1091,1505,2596,0.7249169435215946
997,1426,2423,0.6991584852734923
983,1435,2418,0.6850174216027874
970,1617,2587,0.5998763141620285
1025,1524,2549,0.6725721784776902
995,1341,2336,0.7419835943325876
877,1340,2217,0.6544776119402985
928,1535,2463,0.6045602605863192
890,1470,2360,0.6054421768707483
1040,1612,2652,0.6451612903225806
1005,1425,2430,0.7052631578947368
911,1359,2270,0.6703458425312729
831,1173,2004,0.7084398976982097
1074,1373,2447,0.7822286962855062
962,1354,2316,0.7104874446085672
973,1546,2519,0.6293661060802069
968,1536,2504,0.6302083333333334
1115,1470,2585,0.7585034013605442
955,1311,2266,0.7284515636918383
985,1531,2516,0.643370346178968
984,1319,2303,0.7460197119029568
962,1469,2431,0.6548672566371682
1060,1621,2681,0.6539173349784084
1034,1492,2526,0.693029490616622
1009,1535,2544,0.657328990228013
903,1335,2238,0.6764044943820224
1011,1327,2338,0.7618688771665411
1015,1460,2475,0.6952054794520548
900,1238,2138,0.7269789983844911
1030,1359,2389,0.7579102281089036
988,1440,2428,0.6861111111111111
1109,1436,2545,0.7722841225626741
993,1575,2568,0.6304761904761905
1005,1425,2430,0.7052631578947368
933,1396,2329,0.6683381088825215
1004,1445,2449,0.6948096885813149
1066,1360,2426,0.7838235294117647
980,1449,2429,0.6763285024154589
989,1586,2575,0.6235813366960908
996,1455,2451,0.6845360824742268
961,1204,2165,0.7981727574750831
1144,1419,2563,0.8062015503875969
1089,1362,2451,0.7995594713656388
1020,1547,2567,0.6593406593406593
1078,1629,2707,0.6617556783302639
1013,1512,2525,0.669973544973545
1017,1457,2474,0.698009608785175
944,1448,2392,0.6519337016574586
1066,1519,2585,0.7017774851876234
1028,1368,2396,0.7514619883040936
1056,1456,2512,0.7252747252747253
1060,1453,2513,0.729525120440468
1122,1612,2734,0.6960297766749379
1004,1495,2499,0.671571906354515
946,1516,2462,0.6240105540897097
979,1491,2470,0.6566063044936284
1010,1502,2512,0.6724367509986684
1071,1467,2538,0.7300613496932515
1039,1683,2722,0.6173499702911468
1016,1437,2453,0.7070285316631872
1006,1479,2485,0.6801893171061528
1019,1392,2411,0.7320402298850575
828,1215,2043,0.6814814814814815
946,1284,2230,0.7367601246105919
869,1197,2066,0.7259816207184628
892,1358,2250,0.6568483063328424
1027,1481,2508,0.6934503713706954
952,1603,2555,0.5938864628820961
965,1377,2342,0.70079883805374
945,1308,2253,0.7224770642201835
840,1306,2146,0.6431852986217458
876,1141,2017,0.7677475898334793
1031,1526,2557,0.6756225425950196
972,1380,2352,0.7043478260869566
940,1315,2255,0.714828897338403
903,1509,2412,0.5984095427435387
943,1437,2380,0.6562282533054976
982,1374,2356,0.7147016011644832
989,1345,2334,0.7353159851301115
873,1303,2176,0.6699923254029163
936,1459,2395,0.6415352981494175
950,1327,2277,0.7159005275056518
937,1278,2215,0.7331768388106417
966,1364,2330,0.7082111436950147
980,1299,2279,0.7544264819091608
966,1373,2339,0.7035688273852877
923,1375,2298,0.6712727272727272
932,1469,2401,0.6344452008168823
668,906,1574,0.7373068432671082
1039,1431,2470,0.7260656883298393
899,1125,2024,0.7991111111111111
1089,1580,2669,0.6892405063291139
1091,1399,2490,0.779842744817727
913,1356,2269,0.6733038348082596
1043,1410,2453,0.7397163120567376
825,1260,2085,0.6547619047619048
1073,1463,2536,0.7334244702665755
884,1373,2257,0.6438455935906774
871,1272,2143,0.684748427672956
1116,1489,2605,0.7494963062458025
1097,1470,2567,0.7462585034013606
886,1227,2113,0.7220863895680522
982,1461,2443,0.6721423682409309
938,1200,2138,0.7816666666666666
916,1060,1976,0.8641509433962264
990,1473,2463,0.6720977596741344
992,1518,2510,0.6534914361001317
902,1425,2327,0.6329824561403509
937,1357,2294,0.6904937361827561
874,1345,2219,0.649814126394052
725,1016,1741,0.7135826771653543
835,951,1786,0.8780231335436383
847,1144,1991,0.7403846153846154
849,1163,2012,0.7300085984522786
891,1307,2198,0.6817138485080336
926,1337,2263,0.6925953627524308
892,1262,2154,0.7068145800316957
926,1411,2337,0.6562721474131822
697,1044,1741,0.6676245210727969
955,1367,2322,0.6986100950987564
834,1145,1979,0.7283842794759825
965,1276,2241,0.7562695924764891
822,1266,2088,0.6492890995260664
1000,1273,2273,0.7855459544383346
999,1432,2431,0.6976256983240223
1058,1425,2483,0.7424561403508771
1058,1568,2626,0.6747448979591837
954,1512,2466,0.6309523809523809
1048,1475,2523,0.7105084745762712
942,1414,2356,0.6661951909476662
871,1598,2469,0.5450563204005007
1012,1660,2672,0.6096385542168675
1051,1492,2543,0.7044235924932976
1087,1588,2675,0.6845088161209067
1078,1524,2602,0.7073490813648294
955,1455,2410,0.6563573883161512
836,1159,1995,0.7213114754098361
824,1221,2045,0.6748566748566749
1099,1412,2511,0.7783286118980169
908,1448,2356,0.6270718232044199
823,1021,1844,0.8060724779627816
981,1354,2335,0.7245199409158051
1016,1513,2529,0.6715135492399207
1081,1521,2602,0.7107166337935569
1011,1561,2572,0.6476617552850736
1070,1595,2665,0.670846394984326
944,1565,2509,0.6031948881789138
1046,1460,2506,0.7164383561643836
1161,1578,2739,0.7357414448669202
961,1434,2395,0.6701534170153417
730,1164,1894,0.627147766323024
864,1249,2113,0.6917534027221778
953,1448,2401,0.6581491712707183
1041,1432,2473,0.7269553072625698
992,1502,2494,0.6604527296937417
961,1407,2368,0.6830135039090263
944,1580,2524,0.5974683544303797
1057,1574,2631,0.6715374841168996
1156,1618,2774,0.7144622991347342
941,1498,2439,0.6281708945260347
1107,1691,2798,0.654642223536369
931,1394,2325,0.6678622668579627
961,1490,2451,0.6449664429530201
1047,1473,2520,0.7107942973523421
1075,1621,2696,0.6631708821714991
948,1473,2421,0.6435845213849287
957,1476,2433,0.6483739837398373
946,1254,2200,0.7543859649122807
951,1345,2296,0.7070631970260223
959,1349,2308,0.7108969607116382
944,1342,2286,0.7034277198211625
868,1321,2189,0.6570779712339136
1030,1509,2539,0.682571239231279
1032,1451,2483,0.7112336319779462
725,1029,1754,0.7045675413022352
925,1402,2327,0.6597717546362339
946,1392,2338,0.6795977011494253
938,1230,2168,0.7626016260162601
1028,1286,2314,0.7993779160186625
828,1382,2210,0.5991316931982634
988,1470,2458,0.672108843537415
1100,1610,2710,0.6832298136645962
975,1399,2374,0.6969263759828449
1262,1456,2718,0.8667582417582418
986,1303,2289,0.7567152724481965
1047,1319,2366,0.7937831690674754
995,1418,2413,0.7016925246826516
940,1283,2223,0.7326578332034295
948,1216,2164,0.7796052631578947
1069,1532,2601,0.6977806788511749
858,1269,2127,0.6761229314420804
897,1155,2052,0.7766233766233767
960,1472,2432,0.6521739130434783
1003,1398,2401,0.7174535050071531
1001,1418,2419,0.7059238363892807
1209,1502,2711,0.8049267643142477
1029,1281,2310,0.8032786885245902
983,1385,2368,0.7097472924187725
830,1292,2122,0.6424148606811145
885,1440,2325,0.6145833333333334
1046,1294,2340,0.8083462132921174
977,1262,2239,0.7741679873217115
930,1414,2344,0.6577086280056577
991,1347,2338,0.7357089829250185
866,1321,2187,0.6555639666919001
791,1256,2047,0.6297770700636943
941,1327,2268,0.7091183119819141
715,1092,1807,0.6547619047619048
839,1414,2253,0.5933521923620934
834,1308,2142,0.6376146788990825
948,1405,2353,0.6747330960854092
972,1408,2380,0.6903409090909091
839,1327,2166,0.6322532027128862
1024,1396,2420,0.7335243553008596
896,1325,2221,0.6762264150943397
990,1535,2525,0.6449511400651465
1059,1516,2575,0.6985488126649076
1040,1339,2379,0.7766990291262136
1091,1382,2473,0.7894356005788712
896,1308,2204,0.6850152905198776
877,1199,2076,0.731442869057548
802,1315,2117,0.6098859315589353
1012,1406,2418,0.7197724039829303
960,1266,2226,0.7582938388625592
902,1190,2092,0.7579831932773109
901,1088,1989,0.828125
1038,1203,2241,0.8628428927680798
978,1360,2338,0.7191176470588235
1153,1636,2789,0.7047677261613692
994,1264,2258,0.7863924050632911
990,1425,2415,0.6947368421052632
977,1423,2400,0.6865776528460998
1059,1446,2505,0.7323651452282157
1088,1297,2385,0.8388589051657671
1178,1523,2701,0.7734734077478661
1109,1492,2601,0.7432975871313673
1073,1351,2424,0.7942264988897113
918,1197,2115,0.7669172932330827
995,1470,2465,0.6768707482993197
1095,1492,2587,0.7339142091152815
1084,1327,2411,0.8168801808590807
934,1312,2246,0.711890243902439
904,1287,2191,0.7024087024087025
806,1051,1857,0.7668886774500476
931,1353,2284,0.6881005173688101
918,1343,2261,0.6835443037974683
973,1322,2295,0.7360060514372163
1045,1506,2551,0.6938911022576362
1117,1443,2560,0.774081774081774
1007,1456,2463,0.6916208791208791
1043,1393,2436,0.7487437185929648
1128,1632,2760,0.6911764705882353
1028,1270,2298,0.8094488188976378
963,1322,2285,0.7284417549167927
993,1367,2360,0.7264081931236284
1062,1348,2410,0.787833827893175
1039,1424,2463,0.7296348314606742
1019,1400,2419,0.7278571428571429
1103,1346,2449,0.8194650817236255
961,1137,2098,0.8452066842568162
861,1188,2049,0.7247474747474747
1049,1583,2632,0.6626658243840808
383,544,927,0.7040441176470589
953,1366,2319,0.6976573938506588
986,1395,2381,0.706810035842294
948,1313,2261,0.722010662604722
874,1156,2030,0.7560553633217993
908,1315,2223,0.6904942965779468
876,1229,2105,0.7127746135069162
965,1392,2357,0.6932471264367817
1012,1460,2472,0.6931506849315069
997,1437,2434,0.6938065414057063
1043,1613,2656,0.6466212027278363
854,1337,2191,0.6387434554973822
1002,1377,2379,0.7276688453159041
974,1321,2295,0.7373202119606359
936,1334,2270,0.7016491754122939
976,1355,2331,0.7202952029520295
988,1388,2376,0.7118155619596542
879,1331,2210,0.6604057099924868
914,1335,2249,0.6846441947565544
905,1300,2205,0.6961538461538461
876,1270,2146,0.6897637795275591
1099,1509,2608,0.7282968853545394
795,1153,1948,0.6895056374674762
965,1435,2400,0.6724738675958188
977,1363,2340,0.7168011738811445
856,1166,2022,0.7341337907375644
909,1341,2250,0.6778523489932886
913,1293,2206,0.7061098221191029
855,1188,2043,0.7196969696969697
882,1130,2012,0.7805309734513274
791,1151,1942,0.687228496959166
953,1381,2334,0.6900796524257784
1136,1497,2633,0.7588510354041417
1044,1585,2629,0.6586750788643533
942,1302,2244,0.7235023041474654
938,1355,2293,0.692250922509225
855,1161,2016,0.7364341085271318
940,1179,2119,0.7972858354537744
930,1354,2284,0.6868537666174298
891,1295,2186,0.6880308880308881
819,1245,2064,0.6578313253012048
876,1258,2134,0.6963434022257552
836,1310,2146,0.6381679389312978
876,1262,2138,0.694136291600634
1045,1559,2604,0.6703014753046825
778,1301,2079,0.5980015372790162
914,1224,2138,0.7467320261437909
850,1314,2164,0.6468797564687976
688,1017,1705,0.6764995083579154
852,1219,2071,0.6989335520918786
871,1253,2124,0.6951316839584996
1014,1436,2450,0.7061281337047354
856,1141,1997,0.7502191060473269
872,1196,2068,0.7290969899665551
978,1118,2096,0.8747763864042933
1028,1659,2687,0.6196503918022905
813,1142,1955,0.7119089316987741
900,1333,2233,0.6751687921980495
854,1321,2175,0.6464799394398183
865,1370,2235,0.6313868613138686
732,989,1721,0.7401415571284126
832,1153,1985,0.7215958369470945
903,1406,2309,0.6422475106685633
812,1337,2149,0.6073298429319371
941,1354,2295,0.6949778434268833
901,1382,2283,0.6519536903039074
883,1431,2314,0.6170510132774284
890,1222,2112,0.7283142389525368
875,1295,2170,0.6756756756756757
839,1285,2124,0.6529182879377432
871,1263,2134,0.6896278701504355
943,1209,2152,0.7799834574028123
940,1385,2325,0.6787003610108303
903,1455,2358,0.6206185567010309
844,1286,2130,0.656298600311042
876,1441,2317,0.607911172796669
979,1544,2523,0.6340673575129534
1030,1608,2638,0.6405472636815921
799,1249,2048,0.6397117694155324
936,1253,2189,0.7470071827613727
889,1300,2189,0.6838461538461539
899,1354,2253,0.6639586410635155
791,994,1785,0.795774647887324
777,1193,1970,0.6512992455993294
796,1245,2041,0.6393574297188755
852,1139,1991,0.7480245829675154
848,1355,2203,0.625830258302583
802,1346,2148,0.5958395245170877
1002,1343,2345,0.746090841399851
932,1327,2259,0.7023360964581763
885,1399,2284,0.6325947105075054
799,1202,2001,0.6647254575707154
813,1171,1984,0.6942783945345858
868,1392,2260,0.6235632183908046
884,1430,2314,0.6181818181818182
820,1362,2182,0.6020558002936858
816,1255,2071,0.650199203187251
781,1173,1954,0.6658141517476556
928,1282,2210,0.7238689547581904
1051,1392,2443,0.7550287356321839
868,1235,2103,0.702834008097166
787,984,1771,0.7997967479674797
897,1270,2167,0.7062992125984252
926,1312,2238,0.7057926829268293
843,1336,2179,0.6309880239520959
901,1293,2194,0.6968290796597061
871,1211,2082,0.7192402972749794
902,1262,2164,0.7147385103011094
874,1347,2221,0.6488492947290274
955,1435,2390,0.6655052264808362
1078,1556,2634,0.6928020565552699
953,1496,2449,0.6370320855614974
1030,1509,2539,0.682571239231279
1010,1393,2403,0.7250538406317301
734,1144,1878,0.6416083916083916
994,1375,2369,0.722909090909091
791,1136,1927,0.6963028169014085
911,1051,1962,0.8667935299714558
779,1153,1932,0.6756287944492628
871,1281,2152,0.6799375487900078
841,1389,2230,0.605471562275018
861,1542,2403,0.5583657587548638
810,1289,2099,0.6283941039565555
1002,1567,2569,0.6394384173580089
942,1325,2267,0.7109433962264151
928,1337,2265,0.694091249065071
910,1242,2152,0.7326892109500805
924,1371,2295,0.6739606126914661
886,1431,2317,0.6191474493361285
896,1413,2309,0.6341118188251946
933,1515,2448,0.6158415841584158
871,1401,2272,0.6216987865810135
977,1396,2373,0.6998567335243553
919,1538,2457,0.5975292587776333
853,1127,1980,0.7568766637089619
858,1396,2254,0.6146131805157593
776,1259,2035,0.6163621922160445
881,1444,2325,0.6101108033240997
938,1331,2269,0.70473328324568
878,1167,2045,0.7523564695801199
844,1336,2180,0.6317365269461078
934,1511,2445,0.6181336863004633
938,1418,2356,0.6614950634696756
954,1397,2351,0.6828919112383679
1076,1557,2633,0.691072575465639
864,1320,2184,0.6545454545454545
987,1423,2410,0.6936050597329585
1110,1297,2407,0.8558211256746338
931,1411,2342,0.6598157335223246
900,1262,2162,0.7131537242472267
963,1514,2477,0.6360634081902246
922,1449,2371,0.6363008971704623
928,1385,2313,0.6700361010830325
855,1270,2125,0.6732283464566929
904,1361,2265,0.6642174871418075
1337,1494,2831,0.8949129852744311
936,1351,2287,0.692820133234641
979,1494,2473,0.6552878179384204
883,1404,2287,0.6289173789173789
1029,1561,2590,0.6591928251121076
977,1418,2395,0.6889985895627645
910,1462,2372,0.6224350205198358
978,1468,2446,0.6662125340599455
962,1458,2420,0.6598079561042524
903,1286,2189,0.7021772939346812
959,1264,2223,0.7587025316455697
1015,1430,2445,0.7097902097902098
1036,1368,2404,0.7573099415204678
956,1390,2346,0.6877697841726619
1034,1273,2307,0.812254516889238
1037,1375,2412,0.7541818181818182
973,1288,2261,0.7554347826086957
952,1427,2379,0.6671338472319551
1033,1396,2429,0.7399713467048711
1022,1385,2407,0.7379061371841156
781,1194,1975,0.6541038525963149
841,1330,2171,0.6323308270676692
945,1533,2478,0.6164383561643836
915,1258,2173,0.7273449920508744
842,1367,2209,0.6159473299195318
992,1294,2286,0.7666151468315301
882,1244,2126,0.7090032154340836
932,1222,2154,0.762684124386252
875,1236,2111,0.7079288025889967
986,1459,2445,0.6758053461274846
865,1318,2183,0.6562974203338392
969,1308,2277,0.7408256880733946
947,1416,2363,0.6687853107344632
1003,1532,2535,0.6546997389033943
859,1240,2099,0.692741935483871
954,1312,2266,0.7271341463414634
957,1364,2321,0.7016129032258065
878,1198,2076,0.7328881469115192
898,1331,2229,0.6746806912096168
873,1522,2395,0.573587385019711
989,1468,2457,0.6737057220708447
932,1365,2297,0.6827838827838828
930,1350,2280,0.6888888888888889
891,1396,2287,0.6382521489971347
1015,1267,2282,0.8011049723756906
944,1381,2325,0.6835626357711803
884,1285,2169,0.6879377431906615
943,1313,2256,0.7182025894897182
935,1312,2247,0.7126524390243902
933,1309,2242,0.7127578304048893
886,1487,2373,0.5958305312710155
877,1283,2160,0.6835541699142634
833,1208,2041,0.6895695364238411
766,1173,1939,0.6530264279624893
863,1204,2067,0.7167774086378738
1119,1496,2615,0.7479946524064172
933,1409,2342,0.6621717530163236
725,1213,1938,0.597691673536686
918,1128,2046,0.8138297872340425
988,1398,2386,0.7067238912732475
822,1080,1902,0.7611111111111111
1061,1341,2402,0.7912005965697241
869,1211,2080,0.717588769611891
902,1343,2245,0.6716306775874907
914,1322,2236,0.6913767019667171
801,1163,1964,0.6887360275150473
1024,1592,2616,0.6432160804020101
848,1184,2032,0.7162162162162162
987,1392,2379,0.709051724137931
813,1205,2018,0.674688796680498
849,1333,2182,0.6369092273068268
673,1006,1679,0.668986083499006
843,1277,2120,0.6601409553641346
910,1203,2113,0.7564422277639236
982,1119,2101,0.8775692582663092
944,1257,2201,0.750994431185362
810,1228,2038,0.6596091205211726
1054,1584,2638,0.6654040404040404
879,1241,2120,0.7082997582594682
936,1401,2337,0.6680942184154176
802,1054,1856,0.7609108159392789
923,1182,2105,0.7808798646362098
929,1338,2267,0.6943198804185351
865,1321,2186,0.6548069644208933
889,1391,2280,0.6391085549964055
1054,1338,2392,0.7877428998505231
988,1209,2197,0.8172043010752689
756,1043,1799,0.7248322147651006
1167,1557,2724,0.7495183044315993
901,1265,2166,0.7122529644268775
976,1483,2459,0.6581254214430209
906,1169,2075,0.7750213857998289
1063,1380,2443,0.7702898550724637
819,1182,2001,0.6928934010152284
845,1023,1868,0.8260019550342131
978,1210,2188,0.8082644628099174
792,1310,2102,0.6045801526717557
878,1450,2328,0.6055172413793104
989,1314,2303,0.7526636225266362
947,1444,2391,0.6558171745152355
1072,1618,2690,0.6625463535228677
826,1163,1989,0.710232158211522
893,1245,2138,0.7172690763052209
952,1422,2374,0.6694796061884669
795,1158,1953,0.6865284974093264
966,1494,2460,0.6465863453815262
904,1167,2071,0.7746358183376179
910,1483,2393,0.6136210384356036
954,1534,2488,0.621903520208605
756,1017,1773,0.7433628318584071
933,1191,2124,0.783375314861461
1143,1510,2653,0.756953642384106
948,1457,2405,0.6506520247083047
1019,1292,2311,0.7886996904024768
908,1438,2346,0.631432545201669
972,1461,2433,0.6652977412731006
1002,1329,2331,0.7539503386004515
1059,1534,2593,0.6903520208604954
964,1404,2368,0.6866096866096866
1020,1459,2479,0.6991089787525703
967,1506,2473,0.6420982735723771
1033,1479,2512,0.6984448951994591
1157,1396,2553,0.8287965616045845
1014,1174,2188,0.8637137989778535
1040,1521,2561,0.6837606837606838
886,1239,2125,0.7150928167877321
917,1225,2142,0.7485714285714286
1060,1401,2461,0.7566024268379729
823,1159,1982,0.7100949094046591
838,1112,1950,0.7535971223021583
955,1322,2277,0.7223903177004538
871,1177,2048,0.740016992353441
995,1463,2458,0.6801093643198907
902,1321,2223,0.6828160484481454
938,1222,2160,0.7675941080196399
902,1172,2074,0.7696245733788396
920,1314,2234,0.700152207001522
936,1500,2436,0.624
917,989,1906,0.9271991911021232
941,1256,2197,0.7492038216560509
920,1243,2163,0.7401448109412712
940,1428,2368,0.6582633053221288
856,1170,2026,0.7316239316239316
950,1120,2070,0.8482142857142857
1001,1506,2507,0.6646746347941567
961,1268,2229,0.7578864353312302
895,1250,2145,0.716
876,1116,1992,0.7849462365591398
901,1309,2210,0.6883116883116883
903,1348,2251,0.6698813056379822
759,1322,2081,0.5741301059001512
894,1021,1915,0.8756121449559255
991,1323,2314,0.7490551776266062
921,1387,2308,0.6640230713770728
850,1163,2013,0.7308684436801376
945,1411,2356,0.6697377746279235
989,1379,2368,0.7171863669325598
950,1254,2204,0.7575757575757576
870,1338,2208,0.6502242152466368
909,1050,1959,0.8657142857142858
957,1338,2295,0.7152466367713004
907,1027,1934,0.8831548198636806
836,1151,1987,0.7263249348392702
909,1098,2007,0.8278688524590164
842,1133,1975,0.7431597528684908
935,1386,2321,0.6746031746031746
882,1329,2211,0.6636568848758465
715,1124,1839,0.6361209964412812
840,975,1815,0.8615384615384616
874,1301,2175,0.6717909300538047
873,1119,1992,0.7801608579088471
937,1151,2088,0.8140747176368376
866,1134,2000,0.763668430335097
868,1314,2182,0.6605783866057838
916,1264,2180,0.7246835443037974
886,1330,2216,0.6661654135338346
802,967,1769,0.8293691830403309
909,1211,2120,0.7506193228736582
874,1086,1960,0.8047882136279927
885,1119,2004,0.7908847184986595
998,1190,2188,0.838655462184874
932,1388,2320,0.6714697406340058
854,1424,2278,0.5997191011235955
895,1209,2104,0.7402812241521919
889,1198,2087,0.7420701168614358
878,1393,2271,0.6302943287867911
817,1185,2002,0.6894514767932489
784,1219,2003,0.6431501230516817
1119,1501,2620,0.7455029980013325
958,1396,2354,0.6862464183381088
903,1289,2192,0.7005430566330488
862,1335,2197,0.6456928838951311
890,1204,2094,0.739202657807309
802,1178,1980,0.6808149405772496
847,1448,2295,0.5849447513812155
901,1259,2160,0.715647339158062
862,1240,2102,0.6951612903225807
815,1350,2165,0.6037037037037037
779,1259,2038,0.6187450357426529
1014,1470,2484,0.689795918367347
814,1451,2265,0.5609924190213645
864,1032,1896,0.8372093023255814
907,1415,2322,0.6409893992932862
886,1416,2302,0.6257062146892656
868,1500,2368,0.5786666666666667
786,1162,1948,0.6764199655765921
931,1120,2051,0.83125
774,1107,1881,0.6991869918699187
1015,1352,2367,0.7507396449704142
925,1340,2265,0.6902985074626866
1010,1305,2315,0.7739463601532567
1087,1478,2565,0.7354533152909337
877,1128,2005,0.7774822695035462
996,1376,2372,0.7238372093023255
932,1142,2074,0.8161120840630472
1083,1309,2392,0.8273491214667685
947,1322,2269,0.716338880484115
1009,1253,2262,0.8052673583399841
944,1288,2232,0.7329192546583851
890,1252,2142,0.7108626198083067
979,1421,2400,0.6889514426460239
966,1292,2258,0.7476780185758514
979,1582,2561,0.6188369152970923
936,1460,2396,0.6410958904109589
978,1453,2431,0.6730901582931865
824,1180,2004,0.6983050847457627
722,1266,1988,0.5703001579778831
834,1277,2111,0.6530931871574002
967,1429,2396,0.6766969909027292
922,1160,2082,0.7948275862068965
927,1275,2202,0.7270588235294118
875,1262,2137,0.6933438985736925
742,772,1514,0.961139896373057
932,1303,2235,0.7152724481964697
960,1291,2251,0.7436096049573974
826,1036,1862,0.7972972972972973
1006,1107,2113,0.9087624209575428
870,1247,2117,0.6976744186046512
964,1194,2158,0.8073701842546064
957,1254,2211,0.7631578947368421
696,885,1581,0.7864406779661017
1038,1494,2532,0.6947791164658634
975,1331,2306,0.7325319308790383
829,1207,2036,0.6868268434134217
820,1157,1977,0.7087294727744166
1025,1400,2425,0.7321428571428571
892,1169,2061,0.7630453378956373
943,1262,2205,0.7472266244057052
926,1414,2340,0.6548797736916548
895,1353,2248,0.6614929785661493
783,1194,1977,0.6557788944723618
909,1306,2215,0.6960183767228177
1009,1522,2531,0.6629434954007885
1061,1430,2491,0.7419580419580419
994,1137,2131,0.8742304309586632
966,1366,2332,0.7071742313323572
1076,1488,2564,0.7231182795698925
970,1303,2273,0.7444359171143515
992,1307,2299,0.7589900535577658
1002,1464,2466,0.6844262295081968
925,1489,2414,0.6212222968435192
794,1079,1873,0.7358665430954587
962,1332,2294,0.7222222222222222
999,1261,2260,0.7922283901665345
928,1336,2264,0.6946107784431138
789,1153,1942,0.6843018213356461
1026,1663,2689,0.6169573060733614
1007,1469,2476,0.685500340367597
1059,1439,2498,0.7359277275886031
961,1177,2138,0.816482582837723
1034,1379,2413,0.7498187092095722
1074,1606,2680,0.6687422166874222
1075,1349,2424,0.7968865826538176
1028,1170,2198,0.8786324786324786
970,1453,2423,0.6675843083275981
945,1389,2334,0.6803455723542117
996,1371,2367,0.7264770240700219
1145,1532,2677,0.7473890339425587
887,1199,2086,0.7397831526271893
1070,1476,2546,0.7249322493224932
1008,1522,2530,0.6622864651773982
1008,1303,2311,0.7735993860322333
1000,1346,2346,0.7429420505200595
1018,1392,2410,0.7313218390804598
836,1267,2103,0.65982636148382
934,1136,2070,0.8221830985915493
936,1196,2132,0.782608695652174
1076,1474,2550,0.7299864314789688
1130,1645,2775,0.6869300911854104
889,1245,2134,0.7140562248995984
828,1291,2119,0.6413632842757552
1026,1460,2486,0.7027397260273973
906,1328,2234,0.6822289156626506
948,1385,2333,0.6844765342960288
949,1486,2435,0.6386271870794078
1027,1431,2458,0.7176799440950384
834,1204,2038,0.6926910299003323
775,1046,1821,0.7409177820267686
1100,1532,2632,0.7180156657963447
1027,1349,2376,0.7613046701260193
946,1538,2484,0.6150845253576073
984,1463,2447,0.6725905673274094
936,1337,2273,0.700074794315632
875,1122,1997,0.7798573975044564
942,1326,2268,0.7104072398190046
967,1231,2198,0.7855402112103981
998,1314,2312,0.7595129375951294
903,1370,2273,0.6591240875912409
788,1182,1970,0.6666666666666666
884,1373,2257,0.6438455935906774
950,1330,2280,0.7142857142857143
902,1161,2063,0.7769164513350559
927,1305,2232,0.7103448275862069
750,1034,1784,0.7253384912959381
851,1319,2170,0.645185746777862
970,1425,2395,0.6807017543859649
893,1412,2305,0.6324362606232294
876,1191,2067,0.7355163727959698
835,1356,2191,0.6157817109144543
868,1241,2109,0.6994359387590653
806,1087,1893,0.7414903403863845
950,1218,2168,0.7799671592775042
1040,1403,2443,0.7412687099073414
775,1134,1909,0.6834215167548501
895,979,1874,0.9141981613891726
869,1271,2140,0.6837136113296617
705,1120,1825,0.6294642857142857
855,1249,2104,0.6845476381104884
935,1278,2213,0.7316118935837246
850,1177,2027,0.7221750212404418
785,1162,1947,0.6755593803786575
908,1160,2068,0.7827586206896552
908,1336,2244,0.6796407185628742
851,1311,2162,0.6491228070175439
971,1403,2374,0.692088382038489
957,1431,2388,0.6687631027253669
883,1257,2140,0.7024661893396977
941,1195,2136,0.7874476987447698
836,1381,2217,0.6053584359160029
827,1134,1961,0.7292768959435626
813,1151,1964,0.7063423110338836
929,1170,2099,0.794017094017094
826,1190,2016,0.6941176470588235
895,1259,2154,0.7108816521048451
812,1192,2004,0.6812080536912751
826,1414,2240,0.5841584158415841
878,1277,2155,0.687548942834769
986,1332,2318,0.7402402402402403
938,1158,2096,0.8100172711571675
881,1019,1900,0.8645731108930323
850,1278,2128,0.6651017214397497
840,1161,2001,0.7235142118863049
849,1149,1998,0.7389033942558747
960,1359,2319,0.7064017660044151
812,1266,2078,0.641390205371248
948,1256,2204,0.7547770700636943
801,1088,1889,0.7362132352941176
869,1264,2133,0.6875
829,1157,1986,0.7165082108902333
743,1210,1953,0.6140495867768595
919,1364,2283,0.6737536656891495
859,1333,2192,0.6444111027756939
886,1351,2237,0.6558105107327905
945,1307,2252,0.7230298393267024
859,1114,1973,0.7710951526032316
916,1367,2283,0.6700804681784931
801,1292,2093,0.6199690402476781
770,1021,1791,0.7541625857002938
850,1217,2067,0.6984387838948234
844,1280,2124,0.659375
876,1252,2128,0.6996805111821086
880,1294,2174,0.6800618238021638
914,1307,2221,0.6993114001530222
875,1369,2244,0.6391526661796932
790,1219,2009,0.6480721903199343
837,1173,2010,0.7135549872122762
799,1357,2156,0.5887988209285188
807,1317,2124,0.6127562642369021
919,1450,2369,0.6337931034482759
991,1327,2318,0.7467972871137905
781,1254,2035,0.6228070175438597
784,917,1701,0.8549618320610687
946,1222,2168,0.7741407528641571
970,1480,2450,0.6554054054054054
904,1367,2271,0.6613021214337966
867,1418,2285,0.6114245416078985
867,1243,2110,0.6975060337892196
995,1387,2382,0.7173756308579669
950,1315,2265,0.7224334600760456
820,1171,1991,0.7002561912894961
923,1394,2317,0.6621233859397417
899,1343,2242,0.6693968726731199
817,984,1801,0.8302845528455285
911,1178,2089,0.7733446519524618
925,1266,2191,0.7306477093206951
789,1173,1962,0.6726342710997443
770,1292,2062,0.5959752321981424
959,1505,2464,0.6372093023255814
878,1456,2334,0.603021978021978
934,1435,2369,0.6508710801393728
988,1485,2473,0.6653198653198653
933,1403,2336,0.6650035637918745
887,1332,2219,0.6659159159159159
889,1318,2207,0.6745068285280729
933,1368,2301,0.6820175438596491
903,1480,2383,0.6101351351351352
908,1437,2345,0.6318719554627696
863,1313,2176,0.6572734196496572
870,1278,2148,0.6807511737089202
926,1192,2118,0.7768456375838926
993,1544,2537,0.6431347150259067
786,1129,1915,0.6961913197519929
913,1190,2103,0.7672268907563026
889,1276,2165,0.6967084639498433
856,1085,1941,0.7889400921658987
884,1275,2159,0.6933333333333334
909,1370,2279,0.6635036496350365
817,1210,2027,0.675206611570248
769,931,1700,0.8259935553168636
909,1346,2255,0.6753343239227341
837,1249,2086,0.6701361088871097
971,1474,2445,0.658751696065129
966,1447,2413,0.6675881133379405
1041,1429,2470,0.728481455563331
976,1363,2339,0.7160674981658107
1000,1461,2461,0.6844626967830253
747,1131,1878,0.6604774535809018
853,1309,2162,0.6516424751718869
940,1477,2417,0.6364251861882194
961,1368,2329,0.702485380116959
890,1164,2054,0.7646048109965635
1019,1482,2501,0.6875843454790823
905,1352,2257,0.6693786982248521
903,1367,2270,0.6605705925384052
849,1065,1914,0.7971830985915493
1058,1560,2618,0.6782051282051282
1007,1544,2551,0.6522020725388601
1056,1619,2675,0.6522544780728845
919,1440,2359,0.6381944444444444
990,1511,2501,0.6551952349437459
981,1182,2163,0.8299492385786802
977,1617,2594,0.6042053184910328
928,1194,2122,0.7772194304857621
1543,2415,3958,0.6389233954451345
1295,2160,3455,0.5995370370370371
1504,2305,3809,0.6524945770065076
1510,2238,3748,0.6747095621090259
1542,2443,3985,0.6311911584117887
1414,2369,3783,0.5968763191219923
1563,2445,4008,0.6392638036809816
1402,2224,3626,0.6303956834532374
1467,2510,3977,0.5844621513944223
1470,2354,3824,0.6244689889549703
1438,2109,3547,0.6818397344713134
1606,2456,4062,0.6539087947882736
1464,2492,3956,0.5874799357945425
1511,2327,3838,0.6493339063171465
1480,2589,4069,0.5716492854383932
1437,2463,3900,0.5834348355663824
1507,2362,3869,0.6380186282811177
1607,2489,4096,0.6456408196062676
1641,2413,4054,0.680066307501036
1502,2333,3835,0.6438062580368624
1567,2413,3980,0.6493990882718608
1534,2269,3803,0.6760687527545174
1540,2453,3993,0.6278026905829597
1201,1900,3101,0.6321052631578947
1394,2362,3756,0.5901778154106689
1114,1828,2942,0.6094091903719913
1438,2377,3815,0.6049642406394615
1518,2245,3763,0.6761692650334076
1374,2322,3696,0.5917312661498708
1373,2081,3454,0.6597789524267179
1446,2345,3791,0.6166311300639659
1325,2161,3486,0.6131420638593243
1378,2329,3707,0.5916702447402319
1133,2077,3210,0.5454983148772268
1466,2458,3924,0.596419853539463
1553,2315,3868,0.6708423326133909
1374,2422,3796,0.5672997522708505
1523,2562,4085,0.5944574551131928
1440,2555,3995,0.5636007827788649
1433,2581,4014,0.555211158465711
1282,2199,3481,0.5829922692132787
1396,2494,3890,0.5597433841218925
1635,2426,4061,0.6739488870568837
879,1379,2258,0.6374184191443075
1001,2039,3040,0.4909269249632172
787,1433,2220,0.5491974877878576
883,1271,2154,0.6947285601888277
851,1492,2343,0.5703753351206434
955,1460,2415,0.6541095890410958
598,916,1514,0.6528384279475983
1469,2570,4039,0.5715953307392996
1424,2550,3974,0.5584313725490196
1468,2519,3987,0.5827709408495435
1308,2455,3763,0.5327902240325866
1409,2592,4001,0.5435956790123457
1449,2637,4086,0.5494880546075085
1332,2408,3740,0.553156146179402
1420,2482,3902,0.572119258662369
1459,2469,3928,0.5909275010125556
1434,2504,3938,0.5726837060702875
652,1007,1659,0.64746772591857
1587,2432,4019,0.6525493421052632
1362,1704,3066,0.7992957746478874
1764,2147,3911,0.8216115510013973
1540,2363,3903,0.6517139229792637
1181,1645,2826,0.7179331306990882
1609,1485,3094,1.0835016835016835
980,1647,2627,0.5950212507589556
714,997,1711,0.7161484453360081
1182,1735,2917,0.6812680115273775
1187,1819,3006,0.6525563496426608
1444,2399,3843,0.6019174656106712
873,1449,2322,0.6024844720496895
1514,2165,3679,0.6993071593533488
1609,2149,3758,0.7487203350395533
1743,2154,3897,0.8091922005571031
1310,1733,3043,0.7559145989613387
1025,1500,2525,0.6833333333333333
1614,2364,3978,0.682741116751269
1438,1991,3429,0.7222501255650426
1445,2006,3451,0.7203389830508474
1606,1825,3431,0.88
1190,1669,2859,0.7130017974835231
1652,2151,3803,0.7680148768014877
1786,2181,3967,0.8188904172397983
1636,2328,3964,0.7027491408934707
1230,1542,2772,0.7976653696498055
1026,1765,2791,0.5813031161473088
925,1470,2395,0.6292517006802721
1462,2546,4008,0.5742340926944226
1408,2443,3851,0.5763405648792468
1032,1612,2644,0.6401985111662531
1003,1624,2627,0.6176108374384236
1645,2072,3717,0.793918918918919
627,1081,1708,0.580018501387604
1775,2176,3951,0.8157169117647058
1615,2234,3849,0.7229185317815577
1059,1813,2872,0.5841147269718698
1380,2552,3932,0.5407523510971787
1178,2307,3485,0.5106198526224534
1480,2557,4037,0.5788032850997262
1759,2285,4044,0.7698030634573304
1748,2137,3885,0.8179691155825924
1496,2039,3535,0.7336929867582148
1729,2113,3842,0.8182678655939423
1661,2282,3943,0.7278702892199824
1533,1934,3467,0.7926577042399172
1612,2062,3674,0.7817652764306499
1439,2062,3501,0.6978661493695442
1701,2330,4031,0.7300429184549356
1491,2452,3943,0.6080750407830342
1729,2291,4020,0.7546922741161065
1926,1734,3660,1.1107266435986158
1633,2331,3964,0.7005577005577005
1639,2319,3958,0.7067701595515309
1599,2052,3651,0.7792397660818714
1475,2472,3947,0.5966828478964401
1646,2125,3771,0.7745882352941177
1555,2460,4015,0.6321138211382114
1595,2221,3816,0.7181449797388564
1516,2529,4045,0.5994464215104784
1677,2326,4003,0.7209802235597592
1449,2236,3685,0.6480322003577818
1397,2181,3578,0.6405318661164603
1699,2355,4054,0.7214437367303609
1566,2376,3942,0.6590909090909091
1746,2088,3834,0.8362068965517241
1666,2386,4052,0.6982397317686505
1753,2159,3912,0.8119499768411301
1601,2352,3953,0.6806972789115646
1494,2292,3786,0.6518324607329843
1244,1791,3035,0.6945840312674484
1597,2234,3831,0.7148612354521039
1607,2427,4034,0.6621343222084879
1479,2225,3704,0.6647191011235956
1682,2373,4055,0.7088074167720185
1568,2485,4053,0.6309859154929578
1655,2360,4015,0.701271186440678
1553,2369,3922,0.6555508653440271
1695,2397,4092,0.7071339173967459
1623,2162,3785,0.7506938020351527
1376,2096,3472,0.6564885496183206
1287,1957,3244,0.657639243740419
1553,1674,3227,0.9277180406212664
1594,2489,4083,0.6404178384893532
1624,2386,4010,0.680637049455155
1444,2116,3560,0.6824196597353497
1533,2367,3900,0.6476552598225602
1544,2469,4013,0.625354394491697
1395,2182,3577,0.6393217231897342
1333,1864,3197,0.7151287553648069
1578,2110,3688,0.747867298578199
1420,2188,3608,0.6489945155393053
1578,2391,3969,0.6599749058971142
1485,2407,3892,0.6169505608641462
1567,2196,3763,0.7135701275045537
2059,1639,3698,1.2562538133007932
1693,2138,3831,0.7918615528531338
1672,2192,3864,0.7627737226277372
1225,2060,3285,0.5946601941747572
1482,2387,3869,0.6208630079597821
1343,1977,3320,0.6793120890237734
2499,787,3286,3.1753494282083863
1029,1640,2669,0.6274390243902439
1100,1600,2700,0.6875
972,1605,2577,0.6056074766355141
1037,1776,2813,0.5838963963963963
1427,2162,3589,0.6600370027752082
1058,1821,2879,0.5809994508511807
1050,1583,2633,0.6632975363234365
1302,1875,3177,0.6944
1344,2086,3430,0.6442953020134228
1301,1989,3290,0.6540975364504776
1135,1645,2780,0.6899696048632219
927,1417,2344,0.6541990119971771
1201,1836,3037,0.6541394335511983
1227,1752,2979,0.7003424657534246
1312,2033,3345,0.6453516969995081
1016,1418,2434,0.7165021156558533
855,1481,2336,0.5773126266036462
1454,2380,3834,0.6109243697478992
1068,1726,2794,0.6187717265353418
1465,2025,3490,0.7234567901234568
1542,2532,4074,0.6090047393364929
696,1019,1715,0.6830225711481845
1194,1690,2884,0.7065088757396449
1309,2184,3493,0.5993589743589743
1548,2460,4008,0.6292682926829268
982,1813,2795,0.5416436845008273
1283,1916,3199,0.6696242171189979
1584,2377,3961,0.6663862010938157
1102,1793,2895,0.6146123814835471
1287,1878,3165,0.6853035143769968
955,1533,2488,0.6229615133724723
1267,1982,3249,0.6392532795156408
1152,1947,3099,0.5916795069337443
1266,2071,3337,0.6112988894253983
1465,2585,4050,0.5667311411992263
1004,1651,2655,0.6081162931556632
1022,1552,2574,0.6585051546391752
950,1535,2485,0.6188925081433225
849,1271,2120,0.6679779701022817
1368,2052,3420,0.6666666666666666
816,1259,2075,0.6481334392374901
967,1495,2462,0.6468227424749163
1390,2366,3756,0.5874894336432798
1087,1957,3044,0.5554420030659172
1240,2322,3562,0.5340223944875108
1444,2587,4031,0.5581754928488597
1555,2214,3769,0.7023486901535682
1430,2377,3807,0.6015986537652503
993,1691,2684,0.5872264931992903
849,1440,2289,0.5895833333333333
1102,1696,2798,0.6497641509433962
1287,1883,3170,0.6834838024429103
892,1574,2466,0.5667090216010165
997,1525,2522,0.6537704918032787
1173,2193,3366,0.5348837209302325
981,1890,2871,0.5190476190476191
1284,2371,3655,0.5415436524673134
907,1577,2484,0.575142675967026
1341,1802,3143,0.744173140954495
760,1328,2088,0.572289156626506
1409,2645,4054,0.532703213610586
950,1723,2673,0.551363900174115
1095,1709,2804,0.6407255705090696
1345,2096,3441,0.6416984732824428
833,1592,2425,0.5232412060301508
1133,1919,3052,0.590411672746222
1137,1786,2923,0.6366181410974244
1270,2108,3378,0.6024667931688804
1317,2015,3332,0.6535980148883375
997,1765,2762,0.5648725212464589
1125,2335,3460,0.4817987152034261
1298,1819,3117,0.7135788894997251
1425,2239,3664,0.6364448414470746
735,1176,1911,0.625
584,957,1541,0.6102403343782654
990,1589,2579,0.6230333543108874
1501,2212,3713,0.6785714285714286
1340,1637,2977,0.8185705558949298
1402,2127,3529,0.6591443347437705
1022,1484,2506,0.6886792452830188
1436,1701,3137,0.8442092886537331
1519,2287,3806,0.6641888937472672
1529,2182,3711,0.7007332722273144
1551,2097,3648,0.7396280400572246
1315,2070,3385,0.6352657004830918
731,977,1708,0.7482088024564995
1168,1679,2847,0.6956521739130435
1214,1870,3084,0.6491978609625668
1193,1515,2708,0.7874587458745874
1752,2258,4010,0.7759078830823738
1199,1687,2886,0.7107291049199763
1109,1599,2708,0.6935584740462789
1206,1711,2917,0.7048509643483343
971,1563,2534,0.6212412028150992
1554,2399,3953,0.6477699041267194
1606,2389,3995,0.672247802427794
718,967,1685,0.7425025853154085
1491,1988,3479,0.75
1468,2288,3756,0.6416083916083916
1496,1918,3414,0.7799791449426486
866,1177,2043,0.735768903993203
1747,1784,3531,0.9792600896860988
1278,1762,3040,0.7253121452894438
1524,2068,3592,0.7369439071566731
1377,1925,3302,0.7153246753246754
1496,1725,3221,0.8672463768115942
1589,2190,3779,0.7255707762557078
1598,2212,3810,0.7224231464737794
1695,2380,4075,0.7121848739495799
1499,2175,3674,0.6891954022988506
1119,1527,2646,0.7328094302554028
971,1200,2171,0.8091666666666667
1388,2055,3443,0.6754257907542579
982,1418,2400,0.692524682651622
708,971,1679,0.729145211122554
1560,2157,3717,0.7232267037552156
1426,1731,3157,0.8238012709416522
1574,2028,3602,0.7761341222879684
1696,2342,4038,0.7241673783091375
1276,1981,3257,0.6441191317516406
1297,1862,3159,0.69656283566058
804,1231,2035,0.6531275385865151
453,664,1117,0.6822289156626506
1070,1470,2540,0.7278911564625851
1252,1597,2849,0.7839699436443331
1036,1401,2437,0.7394718058529621
1154,1749,2903,0.6598056032018296
1696,2288,3984,0.7412587412587412
1513,2217,3730,0.6824537663509247
1606,1990,3596,0.807035175879397
1346,1854,3200,0.7259978425026968
1685,2345,4030,0.7185501066098081
1575,2340,3915,0.6730769230769231
1213,1722,2935,0.7044134727061556
1239,1696,2935,0.7305424528301887
1388,1586,2974,0.8751576292559899
1030,1639,2669,0.6284319707138499
784,1269,2053,0.6178092986603625
1515,2149,3664,0.70497906002792
1385,2154,3539,0.6429897864438254
1581,1713,3294,0.9229422066549912
453,766,1219,0.5913838120104439
1012,1393,2405,0.7264895908111989
1690,2125,3815,0.7952941176470588
1378,1832,3210,0.7521834061135371
1592,2187,3779,0.7279378143575674
1406,2103,3509,0.6685687113647171
1504,2193,3697,0.6858185134518924
1552,2046,3598,0.7585532746823069
1604,2338,3942,0.6860564585115483
1490,1944,3434,0.7664609053497943
1460,2057,3517,0.7097715119105493
1064,1615,2679,0.6588235294117647
942,871,1813,1.0815154994259473
1036,1665,2701,0.6222222222222222
1021,1474,2495,0.6926729986431479
962,1454,2416,0.6616231086657497
754,1034,1788,0.7292069632495164
1276,1898,3174,0.672286617492097
1273,1770,3043,0.7192090395480226
1280,1719,2999,0.7446189645142525
1524,2095,3619,0.7274463007159905
1629,2386,4015,0.6827326068734283
1643,2268,3911,0.7244268077601411
876,1168,2044,0.75
1510,2150,3660,0.7023255813953488
1641,2172,3813,0.755524861878453
1373,2042,3415,0.6723800195886386
1549,2302,3851,0.6728931364031278
1382,1966,3348,0.7029501525940997
1168,1608,2776,0.7263681592039801
602,1065,1667,0.5652582159624413
1043,1506,2549,0.6925630810092962
875,1350,2225,0.6481481481481481
1235,1737,2972,0.7109959700633276
1318,1887,3205,0.6984631690514044
1781,1866,3647,0.9544480171489818
1693,2047,3740,0.8270639960918417
1511,2294,3805,0.6586748038360941
951,1056,2007,0.9005681818181818
1445,2207,3652,0.6547349342999547
1364,1667,3031,0.8182363527294542
1234,1748,2982,0.7059496567505721
1152,1799,2951,0.6403557531962201
877,1243,2120,0.7055510860820595
1126,1702,2828,0.6615746180963572
1317,1760,3077,0.7482954545454545
1189,1702,2891,0.6985898942420682
1345,1851,3196,0.7266342517558076
1442,2044,3486,0.7054794520547946
916,1209,2125,0.7576509511993383
1598,2488,4086,0.6422829581993569
1623,2352,3975,0.6900510204081632
1711,2116,3827,0.808601134215501
1841,1946,3787,0.946043165467626
1287,1850,3137,0.6956756756756757
1290,1546,2836,0.8344113842173351
1200,1452,2652,0.8264462809917356
1010,1331,2341,0.7588279489105936
1065,1218,2283,0.874384236453202
974,1228,2202,0.7931596091205212
869,1086,1955,0.8001841620626151
866,1124,1990,0.7704626334519573
1093,1477,2570,0.7400135409614083
1632,1985,3617,0.8221662468513854
1616,2272,3888,0.7112676056338029
1629,2194,3823,0.7424794895168642
1808,1898,3706,0.952581664910432
1540,1580,3120,0.9746835443037974
1380,1730,3110,0.7976878612716763
1421,1662,3083,0.8549939831528279
877,1380,2257,0.6355072463768116
949,1245,2194,0.7622489959839357
1226,1508,2734,0.8129973474801061
1678,2030,3708,0.8266009852216749
1329,1777,3106,0.7478897017445132
1381,1673,3054,0.8254632396891811
994,1392,2386,0.7140804597701149
1211,1691,2902,0.7161442933175636
1248,1669,2917,0.7477531455961653
1243,1580,2823,0.7867088607594936
1367,1559,2926,0.876844130853111
1762,1929,3691,0.913426645930534
1284,1821,3105,0.7051070840197694
1544,2209,3753,0.6989588048890901
1486,2004,3490,0.7415169660678643
70,141,211,0.4964539007092198
959,1464,2423,0.6550546448087432
1410,2192,3602,0.6432481751824818
1364,1459,2823,0.9348869088416724
1072,1502,2574,0.7137150466045273
1283,1782,3065,0.7199775533108866
1677,2188,3865,0.7664533820840951
1568,1849,3417,0.8480259599783667
1581,2109,3690,0.7496443812233285
1085,1588,2673,0.6832493702770781
1183,1673,2856,0.7071129707112971
1532,2037,3569,0.7520864015709376
1464,2013,3477,0.7272727272727273
1652,1940,3592,0.8515463917525773
1856,2072,3928,0.8957528957528957
1538,1950,3488,0.7887179487179488
1304,1748,3052,0.7459954233409611
1156,1441,2597,0.8022206800832755
926,1241,2167,0.7461724415793715
1232,1640,2872,0.751219512195122
1319,1944,3263,0.6784979423868313
1598,2402,4000,0.6652789342214821
1475,2098,3573,0.7030505243088656
1356,1802,3158,0.7524972253052165
1612,2089,3701,0.771661081857348
1603,2033,3636,0.7884899163797344
1573,2204,3777,0.7137023593466425
831,1257,2088,0.6610978520286396
1273,1928,3201,0.6602697095435685
1704,2081,3785,0.8188370975492552
1292,1767,3059,0.7311827956989247
1748,2071,3819,0.8440366972477065
932,1222,2154,0.762684124386252
1800,2270,4070,0.7929515418502202
1713,2221,3934,0.7712742008104457
1712,2173,3885,0.7878508973768983
1664,2136,3800,0.7790262172284644
1635,2227,3862,0.734171531207903
1894,2110,4004,0.8976303317535546
1491,2184,3675,0.6826923076923077
1601,2266,3867,0.706531332744925
1326,1804,3130,0.7350332594235033
1114,1694,2808,0.6576151121605667
1160,1503,2663,0.7717897538256819
1826,2238,4064,0.8159070598748883
1327,2012,3339,0.6595427435387674
1623,2417,4040,0.6714935870914357
1425,2013,3438,0.7078986587183308
1048,1327,2375,0.7897513187641296
1372,1794,3166,0.7647714604236343
1736,2324,4060,0.7469879518072289
1664,2144,3808,0.7761194029850746
1332,1993,3325,0.6683391871550427
1551,2400,3951,0.64625
1723,2297,4020,0.7501088376142795
1317,1984,3301,0.6638104838709677
1183,1621,2804,0.729796421961752
1328,2065,3393,0.6430992736077482
1630,2337,3967,0.6974753958065897
1426,1989,3415,0.7169431875314228
1137,1108,2245,1.026173285198556
1453,1877,3330,0.7741076185402238
1694,2383,4077,0.7108686529584557
1570,2147,3717,0.7312529110386586
1162,1750,2912,0.664
1425,1909,3334,0.7464641173389209
1490,2538,4028,0.5870764381402679
1733,1794,3527,0.9659977703455964
1159,1583,2742,0.7321541377132028
643,931,1574,0.6906552094522019
944,1218,2162,0.7750410509031199
1483,1995,3478,0.7433583959899749
1239,1870,3109,0.6625668449197861
1152,1792,2944,0.6428571428571429
1375,2123,3498,0.6476683937823834
1716,2372,4088,0.7234401349072512
1732,2219,3951,0.7805317710680487
1551,2200,3751,0.705
1310,1370,2680,0.9562043795620438
1434,2120,3554,0.6764150943396227
1515,1819,3334,0.8328752061572292
1528,2165,3693,0.7057736720554273
1665,2387,4052,0.6975282781734394
1385,1820,3205,0.760989010989011
1503,1866,3369,0.8054662379421221
869,926,1795,0.9384449244060477
705,958,1663,0.7359081419624217
1022,1666,2688,0.6134453781512605
1095,1700,2795,0.6441176470588236
1738,2096,3834,0.8291984732824428
1651,2160,3811,0.7643518518518518
1485,2109,3594,0.7041251778093883
1530,2067,3597,0.7402031930333817
1183,1779,2962,0.6649803260258572
1483,1967,3450,0.7539400101677681
1464,1859,3323,0.7875201721355568
1407,2052,3459,0.685672514619883
1658,2188,3846,0.7577696526508226
1620,2368,3988,0.6841216216216216
1652,2311,3963,0.7148420597144094
1309,1970,3279,0.6644670050761421
1548,1916,3464,0.8079331941544885
1530,2198,3728,0.6960873521383075
872,1373,2245,0.6351056081573198
1696,2031,3727,0.8350566223535204
1211,2858,4069,0.4237228831350594
988,1449,2437,0.6818495514147688
1986,1658,3644,1.197828709288299
1880,1296,3176,1.4506172839506173
2588,1204,3792,2.1495016611295683
2253,1794,4047,1.2558528428093645
2095,1196,3291,1.7516722408026757
1714,1064,2778,1.6109022556390975
2154,1291,3445,1.6684740511231604
2395,899,3294,2.664071190211346
1568,2488,4056,0.6302250803858521
865,1306,2171,0.6623277182235835
1429,2368,3797,0.6034628378378378
31,9,40,3.4444444444444446
1440,1871,3311,0.7696419027258151
1692,2325,4017,0.727741935483871
1561,2301,3862,0.6784006953498479
24,21,45,1.1428571428571428
1812,2026,3838,0.8943731490621916
9,11,20,0.8181818181818182
1527,2556,4083,0.5974178403755869
1217,2322,3539,0.5241171403962102
1523,2507,4030,0.6074990027921819
1512,2241,3753,0.6746987951807228
1502,2427,3929,0.6188710341985991
1595,2488,4083,0.6410771704180064
1380,2199,3579,0.6275579809004093
1229,2418,3647,0.5082712985938792
1923,2022,3945,0.9510385756676558
1577,2230,3807,0.7071748878923767
1218,2008,3226,0.6065737051792829
1343,2205,3548,0.6090702947845805
1347,2162,3509,0.6230342275670675
1275,2254,3529,0.5656610470275066
1497,2531,4028,0.5914658237850652
1490,2316,3806,0.6433506044905009
1270,1835,3105,0.6920980926430518
1347,1911,3258,0.7048665620094191
1020,1719,2739,0.5933682373472949
893,1417,2310,0.6302046577275935
1366,2001,3367,0.6826586706646677
1403,2145,3548,0.654079254079254
1363,2090,3453,0.6521531100478469
2002,2034,4036,0.984267453294002
2088,1699,3787,1.2289582107121837
1814,1148,2962,1.5801393728222997
2133,1389,3522,1.5356371490280778
1051,1871,2922,0.5617316942811331
996,1694,2690,0.5879574970484062
1171,1598,2769,0.7327909887359199
1253,2285,3538,0.5483588621444201
1252,2230,3482,0.5614349775784754
1079,1994,3073,0.541123370110331
1529,2385,3914,0.6410901467505241
1161,1787,2948,0.6496922216004477
1200,1887,3087,0.6359300476947536
1296,2273,3569,0.5701715794104707
1506,2536,4042,0.5938485804416404
432,770,1202,0.561038961038961
1332,2472,3804,0.5388349514563107
154,128,282,1.203125
453,596,1049,0.7600671140939598
456,515,971,0.8854368932038835
1397,1806,3203,0.7735326688815061
1045,1664,2709,0.6280048076923077
930,725,1655,1.282758620689655
1778,2286,4064,0.7777777777777778
1873,2161,4034,0.8667283664969921
1525,1504,3029,1.0139627659574468
2830,678,3508,4.174041297935103
599,620,1219,0.9661290322580646
1701,2006,3707,0.8479561316051845
1378,2346,3724,0.587382779198636
1423,2236,3659,0.6364042933810375
1397,2103,3500,0.6642891107941037
1340,1548,2888,0.8656330749354005
1443,2354,3797,0.612999150382328
1426,2261,3687,0.6306943830163645
1740,2180,3920,0.7981651376146789
1165,1757,2922,0.6630620375640296
1435,2347,3782,0.6114188325521943
1644,1978,3622,0.8311425682507584
1570,2001,3571,0.784607696151924
1704,2345,4049,0.7266524520255864
747,984,1731,0.7591463414634146
1366,2297,3663,0.5946887244231607
1496,2374,3870,0.6301600673967986
1602,2358,3960,0.6793893129770993
1500,2207,3707,0.6796556411418215
775,1753,2528,0.4420992584141471
1164,2351,3515,0.4951084644831986
1623,2444,4067,0.6640752864157119
1564,2530,4094,0.6181818181818182
1429,2533,3962,0.5641531780497434
1442,2108,3550,0.6840607210626186
1485,2193,3678,0.6771545827633378
1399,2381,3780,0.5875682486350273
1062,2121,3183,0.5007072135785007
1193,2112,3305,0.5648674242424242
1525,2519,4044,0.6053989678443827
1417,2312,3729,0.6128892733564014
1280,2227,3507,0.5747642568477773
1639,2379,4018,0.6889449348465742
1424,2513,3937,0.5666534023079984
1230,2178,3408,0.5647382920110193
1444,2425,3869,0.5954639175257732
1557,2203,3760,0.7067635043123014
1317,2337,3654,0.5635430038510911
1265,2354,3619,0.5373831775700935
1305,2082,3387,0.6268011527377522
903,1932,2835,0.4673913043478261
1371,1915,3286,0.7159268929503917
1497,2518,4015,0.5945194598888006
1536,2445,3981,0.6282208588957056
1000,1715,2715,0.5830903790087464
1194,1869,3063,0.6388443017656501
2003,276,2279,7.257246376811594
1456,2343,3799,0.6214255228339736
1299,2184,3483,0.5947802197802198
824,1643,2467,0.5015216068167986
1178,2289,3467,0.5146352118829183
1330,2756,4086,0.4825834542815675
1451,2619,4070,0.5540282550591829
1501,2528,4029,0.59375
1351,2198,3549,0.6146496815286624
1133,1976,3109,0.5733805668016194
1198,2112,3310,0.5672348484848485
1560,2295,3855,0.6797385620915033
1412,2560,3972,0.5515625
987,1749,2736,0.5643224699828473
1158,2330,3488,0.4969957081545064
1467,2612,4079,0.5616385911179173
1343,2253,3596,0.5960940967598757
1416,2282,3698,0.6205083260297984
1456,2258,3714,0.6448184233835252
1131,1833,2964,0.6170212765957447
1545,2377,3922,0.6499789650820362
1303,2380,3683,0.5474789915966387
964,1563,2527,0.6167626359564939
1401,2470,3871,0.5672064777327935
916,1639,2555,0.5588773642464918
1565,2491,4056,0.6282617422721799
1216,2049,3265,0.593460224499756
1160,2023,3183,0.5734058329214039
1044,1974,3018,0.5288753799392097
1180,2166,3346,0.5447830101569714
952,1658,2610,0.5741857659831122
883,1444,2327,0.6114958448753463
1193,1779,2972,0.670601461495222
966,1457,2423,0.6630061770761839
1101,1816,2917,0.6062775330396476
1004,1661,2665,0.6044551475015051
1286,1869,3155,0.6880684858212948
1127,2018,3145,0.5584737363726462
1179,1840,3019,0.6407608695652174
1275,2156,3431,0.5913729128014842
1391,2488,3879,0.5590836012861736
1377,2661,4038,0.5174746335963923
1169,2159,3328,0.5414543770264011
1032,1822,2854,0.566410537870472
317,441,758,0.7188208616780045
1298,2346,3644,0.5532821824381927
1219,2302,3521,0.5295395308427454
1320,2434,3754,0.5423171733771569
794,1572,2366,0.5050890585241731
1050,1750,2800,0.6
1252,2129,3381,0.588069516204791
967,1401,2368,0.6902212705210564
1377,2081,3458,0.6617011052378664
1192,1930,3122,0.6176165803108808
1261,2306,3567,0.5468343451864701
1504,2192,3696,0.6861313868613139
1143,1914,3057,0.5971786833855799
1442,2498,3940,0.577261809447558
1424,2624,4048,0.5426829268292683
1052,1623,2675,0.6481823783117683
1580,2516,4096,0.6279809220985691
976,1791,2767,0.5449469570072585
881,1539,2420,0.5724496426250812
1201,2341,3542,0.5130286202477574
1392,2485,3877,0.5601609657947686
1284,2587,3871,0.4963277928102049
1290,2231,3521,0.5782160466158673
1375,2491,3866,0.5519871537535126
1604,2465,4069,0.6507099391480731
1431,2638,4069,0.5424564063684609
1047,1883,2930,0.5560276155071694
1420,2516,3936,0.5643879173290938
1688,2205,3893,0.7655328798185941
1214,2372,3586,0.5118043844856661
1476,2524,4000,0.5847860538827259
1358,2475,3833,0.5486868686868687
1303,2764,4067,0.4714182344428365
1367,2314,3681,0.590751944684529
1068,1798,2866,0.5939933259176863
1387,2218,3605,0.6253381424706943
1261,2085,3346,0.6047961630695443
1268,2162,3430,0.5864939870490287
1265,2132,3397,0.5933395872420263
1251,2075,3326,0.6028915662650602
1375,2351,3726,0.584857507443641
1176,2257,3433,0.5210456357997342
957,1581,2538,0.6053130929791272
1202,2209,3411,0.5441376188320507
1083,2591,3674,0.4179853338479352
922,1785,2707,0.5165266106442578
564,970,1534,0.5814432989690722
1444,2465,3909,0.5858012170385396
1379,2467,3846,0.5589785164167005
1487,2503,3990,0.5940870954854175
1470,2451,3921,0.5997552019583844
582,1171,1753,0.4970111016225448
1118,1991,3109,0.5615268709191361
1147,2233,3380,0.5136587550380654
1263,2247,3510,0.562082777036048
1494,2370,3864,0.6303797468354431
1297,2262,3559,0.5733863837312113
1210,2303,3513,0.5254016500217108
1309,2201,3510,0.5947296683325761
1046,1866,2912,0.5605573419078242
1216,2427,3643,0.5010300782859497
1375,2496,3871,0.5508814102564102
1078,2063,3141,0.5225399903053806
1101,2537,3638,0.4339771383523847
1114,2154,3268,0.5171773444753947
1275,2708,3983,0.4708271787296898
779,1324,2103,0.5883685800604229
521,1160,1681,0.4491379310344827
1069,1842,2911,0.5803474484256244
1393,2651,4044,0.5254620897774425
1150,2438,3588,0.4716981132075472
1227,2392,3619,0.5129598662207357
1403,2227,3630,0.6299955096542433
1421,2398,3819,0.5925771476230192
1257,2357,3614,0.5333050487908358
1315,2625,3940,0.5009523809523809
1141,2576,3717,0.4429347826086957
1153,1929,3082,0.5977190254017626
939,1781,2720,0.5272318921953958
1404,2572,3976,0.5458786936236392
870,1806,2676,0.4817275747508305
666,1047,1713,0.6361031518624641
1256,2296,3552,0.5470383275261324
1282,2582,3864,0.4965143299767622
1173,2318,3491,0.506039689387403
657,1093,1750,0.6010978956999085
757,1246,2003,0.6075441412520064
1416,2271,3687,0.6235138705416117
1482,2605,4087,0.5689059500959693
1347,2586,3933,0.5208816705336426
1397,2514,3911,0.5556881463802705
1196,1673,2869,0.7148834429169157
937,1126,2063,0.8321492007104796
929,1313,2242,0.7075399847677075
1007,1444,2451,0.6973684210526315
955,1412,2367,0.6763456090651558
945,1529,2474,0.618051013734467
902,1378,2280,0.6545718432510885
821,1163,1984,0.705932932072227
1017,1346,2363,0.7555720653789004
1029,1806,2835,0.5697674418604651
1047,1514,2561,0.691545574636724
1067,1803,2870,0.5917914586799778
1118,1561,2679,0.7162075592568866
1081,1594,2675,0.678168130489335
1045,1551,2596,0.6737588652482269
1034,1598,2632,0.6470588235294118
1093,1720,2813,0.6354651162790698
885,1417,2302,0.6245589273112209
1001,1531,2532,0.6538210320052253
1129,1739,2868,0.6492236917768832
972,1429,2401,0.6801959412176347
867,1356,2223,0.6393805309734514
1236,1875,3111,0.6592
1200,1676,2876,0.7159904534606205
1106,1606,2712,0.688667496886675
1073,1696,2769,0.6326650943396226
1177,1747,2924,0.6737263880938752
1045,1561,2606,0.66944266495836
1149,1692,2841,0.6790780141843972
995,1501,2496,0.6628914057295137
912,1477,2389,0.6174678402166554
1075,1673,2748,0.6425582785415421
1063,1502,2565,0.7077230359520639
1200,1764,2964,0.6802721088435374
949,1406,2355,0.6749644381223329
1093,1464,2557,0.7465846994535519
998,1662,2660,0.6004813477737665
817,1247,2064,0.6551724137931034
1032,1578,2610,0.6539923954372624
1015,1500,2515,0.6766666666666666
1119,1709,2828,0.6547688706846109
1098,1738,2836,0.6317606444188723
912,1442,2354,0.6324549237170597
1163,1735,2898,0.6703170028818444
1234,1770,3004,0.6971751412429379
1001,1695,2696,0.5905604719764012
959,1549,2508,0.6191091026468689
1087,1611,2698,0.6747361887026692
1188,1753,2941,0.6776953793496863
1261,1925,3186,0.655064935064935
1074,1681,2755,0.6389054134443783
957,1454,2411,0.6581843191196699
1064,1537,2601,0.6922576447625244
962,1365,2327,0.7047619047619048
1278,1822,3100,0.7014270032930845
1338,2015,3353,0.6640198511166253
1198,1790,2988,0.6692737430167598
1159,1658,2817,0.6990349819059107
1043,1555,2598,0.6707395498392283
1180,1725,2905,0.6840579710144927
1011,1477,2488,0.6844955991875423
1295,1899,3194,0.6819378620326487
1238,1844,3082,0.6713665943600867
1047,1561,2608,0.6707238949391415
1253,1779,3032,0.7043282743114109
1105,1635,2740,0.6758409785932722
1232,1937,3169,0.6360351058337635
1102,1636,2738,0.6735941320293398
1065,1724,2789,0.6177494199535963
1169,1609,2778,0.7265382224984462
875,1340,2215,0.6529850746268657
940,1462,2402,0.6429548563611491
1144,1676,2820,0.6825775656324582
987,1399,2386,0.7055039313795568
968,1506,2474,0.6427622841965471
1015,1461,2476,0.6947296372347707
864,1159,2023,0.7454702329594478
1266,1985,3251,0.6377833753148615
1008,1478,2486,0.6820027063599459
1079,1528,2607,0.706151832460733
827,1194,2021,0.6926298157453936
1028,1458,2486,0.7050754458161865
1059,1499,2558,0.7064709806537692
1149,1574,2723,0.729987293519695
950,1336,2286,0.7110778443113772
910,1276,2186,0.713166144200627
1067,1678,2745,0.6358760429082241
863,1348,2211,0.6402077151335311
1165,1645,2810,0.7082066869300911
969,1519,2488,0.6379196840026333
1112,1641,2753,0.6776355880560634
914,1357,2271,0.6735445836403832
982,1589,2571,0.6179987413467589
1172,1505,2677,0.7787375415282392
1164,1677,2841,0.6940966010733453
1027,1589,2616,0.6463184392699811
371,481,852,0.7713097713097713
364,506,870,0.7193675889328063
296,412,708,0.7184466019417476
1217,1892,3109,0.6432346723044398
994,1451,2445,0.6850447966919366
1062,1529,2591,0.6945716154349247
1020,1469,2489,0.6943498978897209
967,1254,2221,0.7711323763955343
1066,1466,2532,0.7271487039563438
1174,1582,2756,0.7420986093552465
1314,1764,3078,0.7448979591836735
1016,1576,2592,0.6446700507614214
1270,1729,2999,0.7345286292654714
845,1415,2260,0.5971731448763251
1242,1817,3059,0.6835443037974683
1054,1668,2722,0.63189448441247
1091,1607,2698,0.6789047915370255
1179,1693,2872,0.6963969285292381
1067,1523,2590,0.7005909389363099
1179,1783,2962,0.6612450925406618
1134,1723,2857,0.6581543818920488
1092,1764,2856,0.6190476190476191
956,1435,2391,0.6662020905923345
1113,1660,2773,0.6704819277108434
1019,1474,2493,0.6913161465400272
1153,1656,2809,0.696256038647343
1181,1723,2904,0.685432385374347
958,1357,2315,0.7059690493736183
1080,1494,2574,0.7228915662650602
993,1417,2410,0.7007762879322512
1074,1396,2470,0.7693409742120344
1345,1830,3175,0.7349726775956285
980,1574,2554,0.6226175349428208
1165,1580,2745,0.7373417721518988
1010,1496,2506,0.6751336898395722
1061,1650,2711,0.6430303030303031
921,1399,2320,0.6583273766976412
1086,1644,2730,0.6605839416058394
1065,1753,2818,0.607529948659441
1086,1760,2846,0.6170454545454546
1075,1643,2718,0.6542909312233719
1002,1565,2567,0.6402555910543131
1104,1670,2774,0.6610778443113773
739,802,1541,0.9214463840399002
672,886,1558,0.7584650112866818
569,854,1423,0.6662763466042154
447,787,1234,0.567979669631512
289,517,806,0.5589941972920697
1107,1666,2773,0.6644657863145258
839,1115,1954,0.7524663677130045
734,1024,1758,0.716796875
486,881,1367,0.5516458569807038
532,816,1348,0.6519607843137255
631,629,1260,1.0031796502384738
827,1188,2015,0.6961279461279462
516,619,1135,0.8336025848142165
541,733,1274,0.73806275579809
500,594,1094,0.8417508417508418
581,1000,1581,0.581
1226,1859,3085,0.6594943518020441
567,722,1289,0.7853185595567868
863,1039,1902,0.8306063522617901
858,1397,2255,0.6141732283464567
816,1305,2121,0.6252873563218391
784,1058,1842,0.7410207939508506
481,711,1192,0.6765119549929677
522,698,1220,0.7478510028653295
460,670,1130,0.6865671641791045
485,631,1116,0.768621236133122
669,989,1658,0.6764408493427705
1131,1701,2832,0.6649029982363316
599,785,1384,0.7630573248407644
953,940,1893,1.0138297872340425
848,923,1771,0.9187432286023836
625,879,1504,0.7110352673492605
651,743,1394,0.8761776581426649
356,561,917,0.6345811051693404
357,665,1022,0.5368421052631579
596,729,1325,0.8175582990397805
413,668,1081,0.6182634730538922
565,673,1238,0.8395245170876672
1237,1799,3036,0.6876042245692051
618,843,1461,0.7330960854092526
761,990,1751,0.7686868686868686
537,624,1161,0.8605769230769231
915,885,1800,1.0338983050847457
516,739,1255,0.6982408660351827
701,953,1654,0.7355718782791185
410,635,1045,0.6456692913385826
434,568,1002,0.7640845070422535
337,437,774,0.7711670480549199
559,785,1344,0.7121019108280254
1025,1604,2629,0.6390274314214464
508,780,1288,0.6512820512820513
657,798,1455,0.8233082706766918
528,900,1428,0.5866666666666667
897,1197,2094,0.7493734335839599
190,287,477,0.662020905923345
629,1051,1680,0.5984776403425309
587,945,1532,0.6211640211640211
386,558,944,0.6917562724014337
307,474,781,0.6476793248945147
1021,1304,2325,0.7829754601226994
1419,2129,3548,0.6665100986378582
610,741,1351,0.8232118758434548
510,768,1278,0.6640625
430,670,1100,0.6417910447761194
772,916,1688,0.8427947598253275
612,1096,1708,0.5583941605839416
703,1089,1792,0.6455463728191001
667,802,1469,0.8316708229426434
545,596,1141,0.9144295302013424
582,823,1405,0.707168894289186
367,670,1037,0.5477611940298508
1302,1906,3208,0.683105981112277
512,561,1073,0.9126559714795008
390,525,915,0.7428571428571429
669,829,1498,0.8069963811821471
935,1257,2192,0.7438345266507558
598,1059,1657,0.5646836638338055
337,461,798,0.7310195227765727
449,785,1234,0.5719745222929936
927,1337,2264,0.6933433059087509
286,362,648,0.7900552486187845
345,617,962,0.5591572123176661
1228,1801,3029,0.6818434203220433
935,1408,2343,0.6640625
614,711,1325,0.8635724331926864
569,756,1325,0.7526455026455027
549,779,1328,0.7047496790757382
679,1040,1719,0.6528846153846154
475,515,990,0.9223300970873788
541,696,1237,0.7772988505747126
465,759,1224,0.6126482213438735
610,967,1577,0.6308169596690796
670,932,1602,0.7188841201716738
509,714,1223,0.7128851540616247
1239,1741,2980,0.7116599655370477
685,973,1658,0.7040082219938335
438,612,1050,0.7156862745098039
673,869,1542,0.7744533947065593
525,528,1053,0.9943181818181818
472,559,1031,0.8443649373881932
463,890,1353,0.5202247191011236
531,837,1368,0.6344086021505376
446,832,1278,0.5360576923076923
345,465,810,0.7419354838709677
563,874,1437,0.6441647597254004
1386,1687,3073,0.8215767634854771
891,1142,2033,0.7802101576182137
944,1177,2121,0.8020390824129142
454,543,997,0.8360957642725598
602,817,1419,0.7368421052631579
284,409,693,0.6943765281173594
554,797,1351,0.6951066499372648
765,1067,1832,0.7169634489222118
784,989,1773,0.7927199191102123
859,912,1771,0.9418859649122808
326,403,729,0.8089330024813896
1221,1753,2974,0.6965202509982886
654,1010,1664,0.6475247524752475
787,1077,1864,0.7307335190343547
372,436,808,0.8532110091743119
656,1020,1676,0.6431372549019608
261,478,739,0.5460251046025104
475,708,1183,0.6709039548022598
1034,1188,2222,0.8703703703703703
526,724,1250,0.7265193370165746
870,628,1498,1.3853503184713376
629,681,1310,0.9236417033773862
1194,1710,2904,0.6982456140350877
635,847,1482,0.7497048406139315
584,924,1508,0.6320346320346321
401,476,877,0.842436974789916
336,496,832,0.6774193548387096
513,575,1088,0.8921739130434783
656,774,1430,0.8475452196382429
916,1362,2278,0.6725403817914831
494,1018,1512,0.4852652259332023
522,709,1231,0.7362482369534555
491,730,1221,0.6726027397260274
1188,1699,2887,0.6992348440258976
765,1176,1941,0.6505102040816326
625,884,1509,0.7070135746606335
492,795,1287,0.6188679245283019
660,1252,1912,0.5271565495207667
829,1200,2029,0.6908333333333333
629,868,1497,0.7246543778801844
575,938,1513,0.6130063965884861
473,660,1133,0.7166666666666667
703,1184,1887,0.59375
630,1040,1670,0.6057692307692307
1299,1932,3231,0.672360248447205
318,354,672,0.8983050847457628
883,1342,2225,0.657973174366617
786,1063,1849,0.7394167450611477
445,712,1157,0.625
556,824,1380,0.6747572815533981
363,594,957,0.6111111111111112
552,581,1133,0.9500860585197934
644,916,1560,0.7030567685589519
946,1371,2317,0.6900072939460248
431,745,1176,0.5785234899328859
1122,1738,2860,0.6455696202531646
617,1070,1687,0.5766355140186916
666,871,1537,0.764638346727899
430,674,1104,0.6379821958456974
866,1083,1949,0.7996306555863343
600,412,1012,1.4563106796116505
486,662,1148,0.7341389728096677
661,1027,1688,0.6436222005842259
717,911,1628,0.7870472008781558
534,1197,1731,0.4461152882205513
522,670,1192,0.7791044776119403
1137,1570,2707,0.7242038216560509
325,536,861,0.6063432835820896
701,1057,1758,0.663197729422895
475,741,1216,0.6410256410256411
435,715,1150,0.6083916083916084
494,592,1086,0.8344594594594594
585,749,1334,0.7810413885180241
357,521,878,0.6852207293666027
938,1059,1997,0.8857412653446648
727,1076,1803,0.6756505576208178
589,1086,1675,0.5423572744014733
1286,1728,3014,0.7442129629629629
715,1132,1847,0.6316254416961131
686,1008,1694,0.6805555555555556
455,791,1246,0.5752212389380531
396,587,983,0.6746166950596252
647,609,1256,1.0623973727422005
419,674,1093,0.6216617210682492
256,412,668,0.6213592233009708
628,1248,1876,0.5032051282051282
626,922,1548,0.6789587852494577
514,1077,1591,0.4772516248839368
1151,1636,2787,0.7035452322738386
972,1546,2518,0.628719275549806
499,734,1233,0.6798365122615804
711,914,1625,0.7778993435448578
419,655,1074,0.6396946564885496
450,823,1273,0.5467800729040098
900,1025,1925,0.8780487804878049
702,1185,1887,0.5924050632911393
411,517,928,0.7949709864603481
832,1125,1957,0.7395555555555555
238,418,656,0.569377990430622
700,1355,2055,0.5166051660516605
1129,1728,2857,0.6533564814814815
770,1081,1851,0.7123034227567068
687,1010,1697,0.6801980198019802
346,548,894,0.6313868613138686
461,798,1259,0.5776942355889725
787,1070,1857,0.7355140186915888
781,1018,1799,0.7671905697445972
528,801,1329,0.6591760299625468
546,792,1338,0.6893939393939394
683,982,1665,0.6955193482688391
519,759,1278,0.6837944664031621
1305,1976,3281,0.6604251012145749
431,542,973,0.7952029520295203
739,780,1519,0.9474358974358974
630,938,1568,0.6716417910447762
809,928,1737,0.8717672413793104
489,644,1133,0.7593167701863354
719,1441,2160,0.4989590562109646
677,931,1608,0.7271750805585392
703,987,1690,0.7122593718338399
598,797,1395,0.7503136762860728
693,1162,1855,0.5963855421686747
1154,1802,2956,0.6403995560488346
521,791,1312,0.6586599241466498
487,1080,1567,0.4509259259259259
582,754,1336,0.7718832891246684
336,512,848,0.65625
755,949,1704,0.7955742887249737
515,656,1171,0.7850609756097561
574,737,1311,0.7788331071913162
766,955,1721,0.8020942408376963
660,1130,1790,0.584070796460177
534,782,1316,0.6828644501278772
1146,1723,2869,0.665118978525827
395,508,903,0.7775590551181102
234,322,556,0.7267080745341615
432,586,1018,0.7372013651877133
421,632,1053,0.6661392405063291
377,619,996,0.6090468497576736
625,845,1470,0.7396449704142012
369,535,904,0.6897196261682244
278,377,655,0.7374005305039788
633,938,1571,0.6748400852878464
796,808,1604,0.9851485148514852
1353,2061,3414,0.6564774381368268
269,405,674,0.6641975308641975
667,1051,1718,0.6346336822074216
649,896,1545,0.7243303571428571
448,1004,1452,0.446215139442231
721,948,1669,0.760548523206751
313,474,787,0.6603375527426161
451,702,1153,0.6424501424501424
356,486,842,0.7325102880658436
549,882,1431,0.6224489795918368
496,720,1216,0.6888888888888889
1354,1925,3279,0.7033766233766233
558,705,1263,0.7914893617021277
676,930,1606,0.7268817204301076
786,1007,1793,0.7805362462760675
686,1017,1703,0.6745329400196657
736,1387,2123,0.5306416726748377
641,932,1573,0.6877682403433476
440,649,1089,0.6779661016949152
563,920,1483,0.6119565217391304
577,781,1358,0.7387964148527529
437,571,1008,0.7653239929947461
981,1623,2604,0.6044362292051756
739,1339,2078,0.5519044062733384
470,737,1207,0.6377204884667571
314,726,1040,0.4325068870523416
460,591,1051,0.7783417935702199
309,545,854,0.5669724770642202
561,891,1452,0.6296296296296297
288,408,696,0.7058823529411765
400,753,1153,0.5312084993359893
239,419,658,0.5704057279236276
541,1052,1593,0.5142585551330798
1083,1617,2700,0.6697588126159555
871,1579,2450,0.5516149461684611
329,450,779,0.7311111111111112
850,1201,2051,0.7077435470441299
759,1456,2215,0.5212912087912088
638,1493,2131,0.4273275284661755
455,631,1086,0.7210776545166403
479,629,1108,0.7615262321144675
556,1220,1776,0.4557377049180328
505,793,1298,0.6368221941992434
1084,1298,2382,0.8351309707241911
1202,1774,2976,0.677564825253664
723,1055,1778,0.6853080568720379
476,629,1105,0.7567567567567568
464,703,1167,0.6600284495021337
827,972,1799,0.8508230452674898
573,934,1507,0.6134903640256959
722,959,1681,0.7528675703858185
537,955,1492,0.562303664921466
481,603,1084,0.7976782752902156
585,901,1486,0.6492785793562708
465,569,1034,0.8172231985940246
1101,1556,2657,0.7075835475578406
1001,1461,2462,0.6851471594798083
663,984,1647,0.6737804878048781
636,1038,1674,0.6127167630057804
847,1269,2116,0.6674546887312844
328,708,1036,0.4632768361581921
643,1128,1771,0.5700354609929078
470,1027,1497,0.4576436222005842
547,1257,1804,0.4351630867143993
592,991,1583,0.5973763874873865
766,937,1703,0.8175026680896478
380,515,895,0.7378640776699029
1068,1487,2555,0.7182246133154001
719,940,1659,0.7648936170212766
961,1216,2177,0.790296052631579
602,843,1445,0.7141162514827996
591,1133,1724,0.5216240070609003
525,909,1434,0.5775577557755776
599,877,1476,0.6830102622576967
560,942,1502,0.5944798301486199
337,449,786,0.7505567928730512
556,944,1500,0.5889830508474576
675,1176,1851,0.5739795918367347
1232,1751,2983,0.7035979440319817
575,757,1332,0.7595772787318362
786,1202,1988,0.653910149750416
615,448,1063,1.3727678571428572
1013,1079,2092,0.938832252085264
597,768,1365,0.77734375
228,360,588,0.6333333333333333
351,715,1066,0.4909090909090909
860,1199,2059,0.7172643869891576
542,454,996,1.193832599118943
799,1052,1851,0.7595057034220533
1317,1890,3207,0.6968253968253968
743,936,1679,0.7938034188034188
333,504,837,0.6607142857142857
650,901,1551,0.7214206437291898
475,586,1061,0.810580204778157
596,735,1331,0.8108843537414966
318,434,752,0.7327188940092166
477,897,1374,0.5317725752508361
444,615,1059,0.7219512195121951
731,1135,1866,0.6440528634361233
995,1190,2185,0.8361344537815126
1394,2040,3434,0.6833333333333333
601,1133,1734,0.53045013239188
689,1066,1755,0.6463414634146342
718,921,1639,0.7795874049945711
663,910,1573,0.7285714285714285
465,610,1075,0.7622950819672131
838,956,1794,0.8765690376569037
559,734,1293,0.7615803814713896
785,1146,1931,0.6849912739965096
825,1103,1928,0.7479601087941976
853,1259,2112,0.6775218427323273
1067,1698,2765,0.6283863368669023
546,713,1259,0.7657784011220197
333,563,896,0.5914742451154529
493,711,1204,0.6933895921237694
409,582,991,0.7027491408934707
452,593,1045,0.7622259696458684
663,884,1547,0.75
684,1015,1699,0.6738916256157635
704,773,1477,0.9107373868046572
550,653,1203,0.8422664624808576
589,1098,1687,0.5364298724954463
1193,1783,2976,0.6690970274817722
1296,1707,3003,0.7592267135325131
1310,2065,3375,0.6343825665859564
1101,1534,2635,0.7177314211212517
1077,1636,2713,0.6583129584352079
1155,1650,2805,0.7
1320,2009,3329,0.6570433051269288
1224,1980,3204,0.6181818181818182
1108,1637,2745,0.6768478924862553
1289,1952,3241,0.6603483606557377
1137,1627,2764,0.6988322065150584
1270,1709,2979,0.743124634289058
1266,1733,2999,0.7305251009809579
1086,1586,2672,0.6847414880201765
1396,1971,3367,0.7082699137493658
1345,2143,3488,0.6276248250116659
1083,1538,2621,0.7041612483745123
1226,1678,2904,0.7306317044100119
1188,1650,2838,0.72
1319,1767,3086,0.7464629315223543
1394,1999,3393,0.6973486743371686
1285,1869,3154,0.6875334403424291
1364,2105,3469,0.6479809976247031
1084,1690,2774,0.6414201183431952
1210,1816,3026,0.6662995594713657
1237,1938,3175,0.6382868937048504
955,1452,2407,0.6577134986225895
995,1419,2414,0.7011980267794221
1021,1487,2508,0.6866173503698723
1108,1587,2695,0.6981726528040327
1104,1744,2848,0.6330275229357798
1346,2013,3359,0.6686537506209638
1119,1755,2874,0.6376068376068376
1199,1879,3078,0.6381053751995742
1187,1873,3060,0.6337426588360918
1242,1788,3030,0.6946308724832215
1182,1625,2807,0.7273846153846154
1205,1782,2987,0.6762065095398428
1152,1774,2926,0.649379932356257
1050,1450,2500,0.7241379310344828
1122,1723,2845,0.6511897852582704
1189,1471,2660,0.8082936777702243
1279,1815,3094,0.7046831955922865
1266,1810,3076,0.6994475138121546
1320,1835,3155,0.7193460490463215
1079,1301,2380,0.8293620292083013
1004,1516,2520,0.662269129287599
1146,1757,2903,0.6522481502561184
1258,1887,3145,0.6666666666666666
944,1403,2347,0.6728439059158945
1099,1693,2792,0.6491435321913762
1032,1423,2455,0.725228390723823
1170,1837,3007,0.6369080021774632
1325,2114,3439,0.6267738883632923
1228,1859,3087,0.6605701990317375
1276,1684,2960,0.7577197149643705
989,1445,2434,0.6844290657439447
1222,1911,3133,0.6394557823129252
963,1414,2377,0.6810466760961811
1228,1944,3172,0.6316872427983539
1311,1807,3118,0.7255118981737687
1000,1403,2403,0.7127583749109052
1188,1779,2967,0.6677908937605397
967,1364,2331,0.7089442815249267
1151,1675,2826,0.6871641791044776
1180,1575,2755,0.7492063492063492
1198,1556,2754,0.7699228791773779
1090,1602,2692,0.6803995006242197
1105,1709,2814,0.6465769455822118
982,1366,2348,0.718887262079063
1100,1548,2648,0.710594315245478
1207,1582,2789,0.7629582806573957
978,1380,2358,0.7086956521739131
964,1375,2339,0.7010909090909091
912,1373,2285,0.6642388929351785
1101,1457,2558,0.755662319835278
1295,1734,3029,0.7468281430219147
1345,1864,3209,0.7215665236051502
1238,1624,2862,0.7623152709359606
1193,1774,2967,0.6724915445321308
1231,1593,2824,0.7727558066541117
1245,1817,3062,0.6851953769950467
1311,2075,3386,0.6318072289156627
1442,2108,3550,0.6840607210626186
975,1463,2438,0.6664388243335612
1130,1457,2587,0.7755662319835278
1147,1794,2941,0.6393534002229655
1091,1719,2810,0.6346713205351949
936,1572,2508,0.5954198473282443
1190,1804,2994,0.6596452328159645
1087,1665,2752,0.6528528528528529
1190,1872,3062,0.6356837606837606
1241,1733,2974,0.7160992498557415
1133,1745,2878,0.6492836676217765
1167,1649,2816,0.7077016373559734
990,1510,2500,0.6556291390728477
1037,1662,2699,0.6239470517448856
1129,1824,2953,0.6189692982456141
1026,1634,2660,0.627906976744186
1104,1826,2930,0.6046002190580504
1211,1833,3044,0.6606655755591926
1160,1579,2739,0.7346421785940469
1244,1664,2908,0.7475961538461539
1063,1824,2887,0.5827850877192983
1110,1621,2731,0.6847624922887107
1581,2224,3805,0.7108812949640287
1327,1963,3290,0.6760061130922058
907,1511,2418,0.600264725347452
808,1330,2138,0.6075187969924812
1298,1730,3028,0.7502890173410405
1048,1504,2552,0.6968085106382979
1122,1567,2689,0.7160178685386088
1244,1685,2929,0.7382789317507419
1110,1656,2766,0.6702898550724637
1146,1566,2712,0.7318007662835249
1092,1366,2458,0.7994143484626647
1041,1503,2544,0.6926147704590818
1031,1636,2667,0.6301955990220048
1237,1696,2933,0.7293632075471698
1216,1617,2833,0.7520098948670377
1001,1427,2428,0.7014716187806588
1231,1741,2972,0.7070649052268811
1202,1570,2772,0.7656050955414013
1031,1596,2627,0.6459899749373433
1146,1706,2852,0.671746776084408
1027,1428,2455,0.719187675070028
1033,1406,2439,0.7347083926031295
1396,1868,3264,0.7473233404710921
1113,1616,2729,0.6887376237623762
1240,1658,2898,0.7478890229191797
1011,1329,2340,0.7607223476297968
1140,1427,2567,0.7988787666433076
1165,1485,2650,0.7845117845117845
1145,1803,2948,0.6350526899611758
1028,1507,2535,0.6821499668214996
1406,1623,3029,0.8662969808995687
1218,1682,2900,0.7241379310344828
1309,1873,3182,0.6988788040576615
1168,1579,2747,0.7397086763774541
1196,1667,2863,0.7174565086982604
1145,1587,2732,0.7214870825456837
1194,1573,2767,0.7590591226954864
1286,1616,2902,0.7957920792079208
1032,1331,2363,0.7753568745304282
1318,1593,2911,0.8273697426239799
897,1241,2138,0.7228041901692184
1234,1616,2850,0.7636138613861386
1294,1763,3057,0.7339761769710721
1112,1393,2505,0.7982770997846375
1580,2236,3816,0.7066189624329159
1015,1236,2251,0.8211974110032363
1043,1411,2454,0.7391920623671155
1217,1622,2839,0.750308261405672
985,1372,2357,0.717930029154519
1384,1887,3271,0.7334393216746158
1154,1738,2892,0.663981588032221
1339,1706,3045,0.7848769050410317
1148,1612,2760,0.7121588089330024
1092,1520,2612,0.718421052631579
1248,1929,3177,0.6469673405909798
1195,1817,3012,0.6576774903687397
1325,1873,3198,0.7074212493326215
1272,1634,2906,0.7784577723378213
1113,1569,2682,0.7093690248565966
1118,1672,2790,0.6686602870813397
1259,1903,3162,0.6615869679453494
1373,1998,3371,0.6871871871871872
1057,1718,2775,0.6152502910360885
1301,1867,3168,0.696839850026781
1209,1857,3066,0.6510500807754442
1149,1689,2838,0.6802841918294849
1154,1788,2942,0.645413870246085
990,1574,2564,0.6289707750952986
964,1343,2307,0.7177959791511541
1288,1766,3054,0.7293318233295584
1146,1548,2694,0.7403100775193798
1308,1668,2976,0.7841726618705036
997,1316,2313,0.7575987841945289
1060,1518,2578,0.6982872200263505
1084,1487,2571,0.7289845326160054
1106,1456,2562,0.7596153846153846
1115,1468,2583,0.7595367847411444
930,1250,2180,0.744
1260,1740,3000,0.7241379310344828
1041,1564,2605,0.6656010230179028
915,1397,2312,0.654974946313529
1117,1579,2696,0.707409753008233
1073,1441,2514,0.7446217904233171
1219,1727,2946,0.705848291835553
1061,1338,2399,0.7929745889387145
896,1321,2217,0.6782740348221045
952,1477,2429,0.6445497630331753
987,1402,2389,0.7039942938659058
992,1577,2569,0.6290424857324033
1178,1894,3072,0.6219640971488912
1158,1788,2946,0.6476510067114094
951,1470,2421,0.6469387755102041
1052,1475,2527,0.7132203389830508
1148,1520,2668,0.7552631578947369
1191,1582,2773,0.7528445006321113
997,1154,2151,0.8639514731369151
1065,1445,2510,0.7370242214532872
1336,1710,3046,0.7812865497076024
954,1418,2372,0.6727785613540197
1057,1613,2670,0.6553006819590824
1197,1697,2894,0.7053624042427814
1325,1934,3259,0.6851085832471562
1021,1365,2386,0.747985347985348
873,1333,2206,0.654913728432108
1242,1738,2980,0.714614499424626
1176,1544,2720,0.7616580310880829
965,1286,2251,0.750388802488336
1223,1875,3098,0.6522666666666667
1044,1593,2637,0.655367231638418
1106,1624,2730,0.6810344827586207
958,1588,2546,0.6032745591939547
1241,1897,3138,0.654190827622562
951,1544,2495,0.6159326424870466
1055,1694,2749,0.6227863046044865
1097,1602,2699,0.684769038701623
978,1420,2398,0.6887323943661972
1156,1727,2883,0.6693688477127968
1193,1856,3049,0.6427801724137931
1100,1630,2730,0.6748466257668712
995,1565,2560,0.6357827476038339
1062,1722,2784,0.6167247386759582
889,1309,2198,0.679144385026738
1142,1710,2852,0.6678362573099416
908,1424,2332,0.6376404494382022
892,1333,2225,0.6691672918229558
1054,1572,2626,0.6704834605597965
1153,1734,2887,0.6649365628604383
1104,1691,2795,0.6528681253696038
1014,1350,2364,0.7511111111111111
1158,1801,2959,0.642976124375347
1337,1730,3067,0.7728323699421965
1082,1318,2400,0.8209408194233687
1355,1847,3202,0.7336220898754737
1188,1848,3036,0.6428571428571429
1092,1519,2611,0.7188940092165899
1310,1813,3123,0.7225592939878654
1021,1407,2428,0.7256574271499645
1227,1733,2960,0.7080207732256203
1091,1560,2651,0.6993589743589743
1376,1731,3107,0.7949162333911034
1091,1565,2656,0.6971246006389776
1307,1965,3272,0.6651399491094148
1185,1752,2937,0.6763698630136986
1138,1643,2781,0.6926354230066951
1104,1729,2833,0.6385193753614806
981,1348,2329,0.7277448071216617
1132,1587,2719,0.7132955261499685
1182,1600,2782,0.73875
992,1422,2414,0.6976090014064698
1061,1695,2756,0.6259587020648968
1060,1607,2667,0.6596141879278158
937,1366,2303,0.6859443631039531
1022,1588,2610,0.6435768261964736
1068,1715,2783,0.6227405247813411
975,1533,2508,0.6360078277886497
1151,1755,2906,0.6558404558404558
1125,1773,2898,0.6345177664974619
981,1517,2498,0.6466710613052077
1130,1614,2744,0.7001239157372986
1096,1803,2899,0.6078757626178591
1175,1707,2882,0.6883421206795548
1158,1547,2705,0.7485455720749838
1288,1604,2892,0.8029925187032418
1063,1645,2708,0.6462006079027356
919,1101,2020,0.8346957311534968
906,1273,2179,0.7117046347211312
960,1553,2513,0.6181584030907921
809,1236,2045,0.6545307443365695
826,1105,1931,0.7475113122171946
1204,1657,2861,0.7266143633071817
1039,1403,2442,0.7405559515324305
995,1310,2305,0.7595419847328244
906,1177,2083,0.7697536108751062
939,1265,2204,0.7422924901185771
1194,1559,2753,0.7658755612572161
917,1229,2146,0.7461350691619203
1219,1467,2686,0.830947511929107
974,1473,2447,0.6612355736591989
972,1604,2576,0.6059850374064838
668,982,1650,0.6802443991853361
832,1087,1919,0.765409383624655
331,569,900,0.5817223198594025
1102,1399,2501,0.7877055039313795
988,1440,2428,0.6861111111111111
1111,1648,2759,0.6741504854368932
1221,1808,3029,0.6753318584070797
1006,1501,2507,0.670219853431046
1153,1705,2858,0.6762463343108505
976,1597,2573,0.6111458985597996
1220,1859,3079,0.656266810112964
945,1373,2318,0.6882738528769119
1001,1491,2492,0.6713615023474179
971,1541,2512,0.6301103179753407
901,1292,2193,0.6973684210526315
1043,1444,2487,0.7222991689750693
1000,1376,2376,0.7267441860465116
1104,1509,2613,0.731610337972167
1136,1621,2757,0.7008019740900678
1053,1465,2518,0.7187713310580205
897,1215,2112,0.7382716049382716
1375,1845,3220,0.7452574525745257
1063,1366,2429,0.7781844802342606
1191,1522,2713,0.7825229960578186
969,1484,2453,0.6529649595687331
1082,1520,2602,0.7118421052631579
1155,1594,2749,0.7245922208281054
1038,1500,2538,0.692
947,1169,2116,0.8100940975192472
901,1306,2207,0.6898928024502297
893,1344,2237,0.6644345238095238
1159,1699,2858,0.6821659799882284
1205,1666,2871,0.7232893157262905
1006,1387,2393,0.7253064167267483
1244,1730,2974,0.7190751445086705
946,1191,2137,0.7942905121746432
1165,1611,2776,0.723153320918684
1112,1602,2714,0.6941323345817728
1031,1521,2552,0.6778435239973701
1051,1433,2484,0.7334263782274948
1015,1133,2148,0.8958517210944396
1099,1513,2612,0.7263714474553866
1105,1554,2659,0.711068211068211
1378,1959,3337,0.703420112302195
1122,1637,2759,0.6854001221747098
812,1040,1852,0.7807692307692308
1058,1493,2551,0.7086403215003348
951,1296,2247,0.7337962962962963
918,1495,2413,0.6140468227424749
1013,1433,2446,0.7069085833914864
1035,1485,2520,0.696969696969697
966,1652,2618,0.5847457627118644
1067,1576,2643,0.6770304568527918
1002,1507,2509,0.6648971466489715
1145,1755,2900,0.6524216524216524
1150,1767,2917,0.6508205998868138
1095,1703,2798,0.642982971227246
1037,1326,2363,0.782051282051282
1259,1716,2975,0.7336829836829837
1250,1646,2896,0.7594167679222357
1059,1205,2264,0.8788381742738589
888,1227,2115,0.7237163814180929
885,1316,2201,0.6724924012158054
901,1305,2206,0.6904214559386973
840,1179,2019,0.712468193384224
1348,2146,3494,0.6281453867660765
1038,1391,2429,0.7462257368799425
1205,1600,2805,0.753125
1005,1480,2485,0.6790540540540541
1051,1596,2647,0.6585213032581454
1225,1590,2815,0.7704402515723271
997,1361,2358,0.7325495958853784
882,1254,2136,0.7033492822966507
1078,1642,2720,0.656516443361754
984,1375,2359,0.7156363636363636
897,1124,2021,0.7980427046263345
1062,1652,2714,0.6428571428571429
1049,1424,2473,0.7366573033707865
917,1483,2400,0.6183412002697235
1193,1657,2850,0.71997585998793
919,1220,2139,0.7532786885245901
988,1437,2425,0.6875434933890049
1145,1458,2603,0.7853223593964335
1234,1825,3059,0.6761643835616439
957,1455,2412,0.6577319587628866
1171,1664,2835,0.7037259615384616
889,1366,2255,0.650805270863836
1332,1959,3291,0.6799387442572741
1009,1538,2547,0.6560468140442133
1189,1784,2973,0.6664798206278026
1255,1839,3094,0.6824361065796629
904,1424,2328,0.6348314606741573
857,1391,2248,0.6161035226455788
981,1559,2540,0.6292495189223861
1094,1662,2756,0.6582430806257521
1258,1769,3027,0.711136235161108
1108,1703,2811,0.6506165590135056
1031,1465,2496,0.7037542662116041
967,1443,2410,0.6701316701316701
1204,1729,2933,0.6963562753036437
1204,1713,2917,0.7028604786923526
992,1283,2275,0.7731878409976617
915,1239,2154,0.738498789346247
943,1419,2362,0.6645525017618041
1222,1647,2869,0.7419550698239222
821,1190,2011,0.6899159663865546
1027,1645,2672,0.6243161094224924
1134,1776,2910,0.6385135135135135
1021,1741,2762,0.5864445720850087
1003,1456,2459,0.6888736263736264
1025,1648,2673,0.6219660194174758
893,1453,2346,0.6145905024088094
1022,1593,2615,0.6415568110483365
1078,1668,2746,0.6462829736211031
927,1239,2166,0.7481840193704601
1076,1710,2786,0.6292397660818714
851,1290,2141,0.6596899224806202
943,1425,2368,0.6617543859649123
901,1259,2160,0.715647339158062
904,1305,2209,0.69272030651341
1137,1678,2815,0.6775923718712753
1125,1702,2827,0.6609870740305523
987,1336,2323,0.7387724550898204
1016,1368,2384,0.7426900584795322
1094,1507,2601,0.7259455872594559
1066,1472,2538,0.7241847826086957
1175,1581,2756,0.7432005060088551
1017,1441,2458,0.7057598889659958
1101,1690,2791,0.6514792899408284
1057,1626,2683,0.6500615006150061
976,1345,2321,0.7256505576208179
1089,1572,2661,0.6927480916030534
853,1196,2049,0.7132107023411371
1057,1480,2537,0.7141891891891892
1009,1590,2599,0.6345911949685534
1107,1565,2672,0.7073482428115015
1148,1681,2829,0.6829268292682927
1220,1661,2881,0.7344972907886815
794,1242,2036,0.6392914653784219
938,1500,2438,0.6253333333333333
1158,1540,2698,0.7519480519480519
1019,1498,2517,0.6802403204272364
841,1253,2094,0.6711891460494812
1327,1964,3291,0.6756619144602851
919,1317,2236,0.6977980258162491
962,1375,2337,0.6996363636363636
1084,1594,2678,0.6800501882057717
1074,1551,2625,0.6924564796905223
1068,1435,2503,0.7442508710801393
966,1286,2252,0.7511664074650077
675,994,1669,0.6790744466800804
844,1275,2119,0.6619607843137255
890,1283,2173,0.6936866718628215
1225,1604,2829,0.763715710723192
1042,1557,2599,0.6692357096981374
1037,1506,2543,0.6885790172642763
921,1435,2356,0.6418118466898954
990,1470,2460,0.673469387755102
854,1241,2095,0.6881547139403706
913,1440,2353,0.6340277777777777
1166,1785,2951,0.6532212885154062
969,1406,2375,0.6891891891891891
1101,1615,2716,0.6817337461300309
1253,1884,3137,0.6650743099787686
814,1445,2259,0.5633217993079584
1166,1858,3024,0.6275565123789021
1079,1563,2642,0.6903390914907229
994,1421,2415,0.6995073891625616
874,1271,2145,0.6876475216365067
997,1470,2467,0.6782312925170068
990,1530,2520,0.6470588235294118
864,1356,2220,0.6371681415929203
1179,1679,2858,0.7022036926742108
1028,1476,2504,0.6964769647696477
1006,1349,2355,0.7457375833951075
1057,1559,2616,0.6779987171263631
1109,1662,2771,0.6672683513838749
1114,1549,2663,0.7191736604260813
1101,1594,2695,0.6907151819322459
1047,1371,2418,0.7636761487964989
1075,1670,2745,0.6437125748502994
1037,1583,2620,0.655085281111813
832,1263,2095,0.6587490102929533
754,1100,1854,0.6854545454545454
1109,1614,2723,0.6871127633209417
991,1328,2319,0.7462349397590361
840,1301,2141,0.6456571867794004
1042,1522,2564,0.6846254927726675
916,1279,2195,0.7161845191555903
1173,1552,2725,0.7557989690721649
1091,1508,2599,0.7234748010610079
1042,1546,2588,0.6739974126778784
1175,1718,2893,0.6839348079161816
1222,1751,2973,0.6978869217589948
975,1278,2253,0.7629107981220657
1138,1537,2675,0.7404033832140533
1044,1600,2644,0.6525
1310,1868,3178,0.7012847965738758
1059,1692,2751,0.625886524822695
892,1412,2304,0.6317280453257791
1079,1649,2728,0.6543359611885992
962,1454,2416,0.6616231086657497
1242,1893,3135,0.6561014263074485
1007,1496,2503,0.6731283422459893
1006,1434,2440,0.701534170153417
1212,1765,2977,0.686685552407932
957,1495,2452,0.640133779264214
978,1414,2392,0.6916548797736917
1095,1473,2568,0.7433808553971487
984,1617,2601,0.608534322820037
873,1335,2208,0.6539325842696629
1161,1593,2754,0.7288135593220338
954,1449,2403,0.6583850931677019
921,1237,2158,0.7445432497978981
1048,1473,2521,0.7114731839782756
1067,1761,2828,0.6059057353776264
1028,1512,2540,0.6798941798941799
780,1267,2047,0.6156274664561957
852,1270,2122,0.6708661417322834
1170,1566,2736,0.7471264367816092
1113,1599,2712,0.6960600375234521
776,1167,1943,0.6649528706083976
853,1221,2074,0.6986076986076986
986,1402,2388,0.703281027104137
1167,1662,2829,0.7021660649819494
1114,1502,2616,0.7416777629826897
1247,1675,2922,0.7444776119402985
1170,1791,2961,0.6532663316582915
929,1421,2350,0.6537649542575651
1038,1611,2649,0.6443202979515829
1101,1839,2940,0.598694942903752
961,1360,2321,0.7066176470588236
1186,1778,2964,0.6670416197975253
1190,1561,2751,0.7623318385650224
1167,1640,2807,0.7115853658536585
971,1312,2283,0.7400914634146342
1046,1457,2503,0.7179135209334249
1186,1811,2997,0.6548868028713418
1156,1560,2716,0.7410256410256411
1111,1619,2730,0.6862260654725139
1082,1579,2661,0.6852438252058265
1150,1715,2865,0.6705539358600583
693,989,1682,0.7007077856420627
1360,2003,3363,0.6789815277084373
661,1094,1755,0.6042047531992687
1133,1658,2791,0.6833534378769602
1081,1634,2715,0.6615667074663403
1169,1610,2779,0.7260869565217392
1031,1544,2575,0.6677461139896373
968,1464,2432,0.6612021857923497
1157,1619,2776,0.7146386658431131
871,1162,2033,0.7495697074010327
999,1463,2462,0.6828434723171565
935,1250,2185,0.748
1199,1804,3003,0.6646341463414634
1173,1768,2941,0.6634615384615384
1013,1470,2483,0.6891156462585034
1073,1713,2786,0.6263864565090485
1099,1673,2772,0.6569037656903766
1109,1498,2607,0.7403204272363151
1230,1779,3009,0.6913996627318718
1085,1651,2736,0.6571774682010902
1004,1598,2602,0.6282853566958698
888,1342,2230,0.6616989567809239
999,1431,2430,0.6981132075471698
1275,1867,3142,0.6829137653990359
866,1227,2093,0.7057864710676447
1101,1544,2645,0.7130829015544041
963,1455,2418,0.6618556701030928
953,1247,2200,0.764234161988773
1021,1537,2558,0.664281067013663
1294,1710,3004,0.7567251461988304
966,1470,2436,0.6571428571428571
917,1350,2267,0.6792592592592592
895,1365,2260,0.6556776556776557
961,1364,2325,0.7045454545454546
1033,1534,2567,0.6734028683181226
987,1454,2441,0.6788170563961485
1143,1894,3037,0.6034846884899683
1219,1821,3040,0.6694124107633168
1026,1421,2447,0.7220267417311752
1023,1513,2536,0.6761401189689359
1171,1614,2785,0.7255266418835192
1103,1532,2635,0.7199738903394256
1009,1360,2369,0.7419117647058824
953,1461,2414,0.6522929500342232
1117,1653,2770,0.6757410768300061
1201,1643,2844,0.7309799147900182
915,1421,2336,0.6439127375087966
978,1410,2388,0.6936170212765957
1054,1278,2332,0.8247261345852895
768,1281,2049,0.5995316159250585
862,1331,2193,0.6476333583771601
907,1312,2219,0.6913109756097561
989,1546,2535,0.6397153945666235
1197,1646,2843,0.727217496962333
1051,1380,2431,0.7615942028985507
1275,1732,3007,0.7361431870669746
1149,1829,2978,0.6282121377802078
994,1610,2604,0.6173913043478261
1002,1609,2611,0.622747047855811
793,1211,2004,0.6548307184145334
1107,1465,2572,0.7556313993174062
884,1288,2172,0.6863354037267081
939,1304,2243,0.7200920245398773
975,1409,2384,0.6919801277501775
768,1099,1867,0.6988171064604186
1029,1601,2630,0.6427232979387882
1036,1695,2731,0.6112094395280236
1039,1742,2781,0.5964408725602756
1130,1535,2665,0.7361563517915309
1214,1776,2990,0.6835585585585585
865,1238,2103,0.6987075928917609
921,1335,2256,0.6898876404494382
1051,1567,2618,0.6707083599234206
1118,1605,2723,0.6965732087227414
1182,1728,2910,0.6840277777777778
877,1351,2228,0.6491487786824575
973,1428,2401,0.6813725490196079
1053,1575,2628,0.6685714285714286
1122,1731,2853,0.6481802426343154
1240,1724,2964,0.7192575406032483
1090,1567,2657,0.6955966815571155
1138,1226,2364,0.9282218597063622
1092,1318,2410,0.8285280728376327
1201,1642,2843,0.7314250913520097
1094,1497,2591,0.7307949231796927
1291,1619,2910,0.7974058060531192
1038,1562,2600,0.6645326504481434
1195,1779,2974,0.671725688589095
1127,1733,2860,0.6503173687247548
1138,1760,2898,0.6465909090909091
860,1476,2336,0.5826558265582655
963,1482,2445,0.6497975708502024
1021,1550,2571,0.6587096774193548
1074,1554,2628,0.6911196911196911
1015,1469,2484,0.6909462219196733
935,1307,2242,0.7153787299158378
1054,1616,2670,0.6522277227722773
971,1597,2568,0.6080150281778335
931,1492,2423,0.6239946380697051
993,1541,2534,0.6443867618429591
946,1437,2383,0.6583159359777314
1700,2234,3934,0.7609668755595345
1233,1747,2980,0.7057813394390383
1138,1644,2782,0.6922141119221411
947,1364,2311,0.6942815249266863
976,1458,2434,0.6694101508916324
1250,1721,2971,0.726321905868681
1007,1569,2576,0.6418100701083492
984,1474,2458,0.6675712347354138
991,1371,2362,0.7228300510576222
1188,1754,2942,0.677309007981756
968,1311,2279,0.738367658276125
1317,1823,3140,0.7224355458036205
1131,1782,2913,0.6346801346801347
1145,1665,2810,0.6876876876876877
1157,1830,2987,0.6322404371584699
924,1421,2345,0.6502463054187192
920,1481,2401,0.6212018906144497
922,1253,2175,0.7358339984038308
1058,1721,2779,0.6147588611272516
1300,1904,3204,0.6827731092436975
1128,1612,2740,0.6997518610421837
1070,1483,2553,0.7215104517869184
1159,1591,2750,0.7284726587052168
1003,1571,2574,0.6384468491406747
852,1265,2117,0.6735177865612648
1097,1561,2658,0.7027546444586803
996,1469,2465,0.6780122532334921
1071,1506,2577,0.7111553784860558
1379,1889,3268,0.7300158814187401
1114,1736,2850,0.6417050691244239
1272,1692,2964,0.75177304964539
1071,1590,2661,0.6735849056603773
971,1498,2469,0.6481975967957276
1045,1651,2696,0.6329497274379164
837,1321,2158,0.6336109008327026
1070,1696,2766,0.6308962264150944
912,1329,2241,0.6862302483069977
1035,1462,2497,0.7079343365253078
1130,1670,2800,0.6766467065868264
944,1387,2331,0.6806056236481615
1188,1827,3015,0.6502463054187192
1052,1537,2589,0.6844502277163305
1054,1553,2607,0.678686413393432
1364,1982,3346,0.6881937436932392
1102,1746,2848,0.6311569301260023
1027,1244,2271,0.8255627009646302
1128,1538,2666,0.7334200260078023
1194,1641,2835,0.7276051188299817
969,1470,2439,0.6591836734693878
925,1412,2337,0.6550991501416431
1217,1758,2975,0.6922639362912401
976,1410,2386,0.6921985815602837
1022,1618,2640,0.6316440049443758
1074,1614,2688,0.6654275092936803
979,1393,2372,0.7027997128499641
1186,1825,3011,0.6498630136986301
1155,1695,2850,0.6814159292035398
1124,1652,2776,0.6803874092009685
993,1334,2327,0.7443778110944528
975,1355,2330,0.7195571955719557
1119,1474,2593,0.7591587516960652
1089,1622,2711,0.6713933415536375
993,1547,2540,0.6418875242404655
1304,1852,3156,0.7041036717062635
920,1428,2348,0.6442577030812325
1114,1732,2846,0.6431870669745958
1453,2300,3753,0.6317391304347826
1085,1592,2677,0.6815326633165829
1034,1534,2568,0.6740547588005215
942,1581,2523,0.5958254269449715
985,1604,2589,0.6140897755610972
1064,1704,2768,0.6244131455399061
987,1661,2648,0.5942203491872367
1094,1709,2803,0.6401404330017554
945,1545,2490,0.6116504854368932
1172,1685,2857,0.6955489614243323
1297,1803,3100,0.7193566278424848
1257,1991,3248,0.6313410346559518
1013,1518,2531,0.6673254281949934
1107,1618,2725,0.6841779975278122
895,1397,2292,0.6406585540443808
977,1540,2517,0.6344155844155844
1177,1742,2919,0.6756601607347876
1247,1836,3083,0.6791938997821351
1000,1627,2627,0.6146281499692686
947,1513,2460,0.6259087904824852
1312,1817,3129,0.7220693450742983
938,1370,2308,0.6846715328467153
1003,1549,2552,0.6475145255003227
906,1420,2326,0.6380281690140845
957,1548,2505,0.6182170542635659
1102,1659,2761,0.6642555756479807
1064,1683,2747,0.6322043969102793
968,1462,2430,0.6621067031463749
974,1436,2410,0.6782729805013927
862,1343,2205,0.6418466120625466
1231,1475,2706,0.8345762711864407
1066,1407,2473,0.757640369580668
1099,1445,2544,0.7605536332179931
1065,1694,2759,0.6286894923258559
903,1324,2227,0.68202416918429
1137,1651,2788,0.6886735311932163
1081,1467,2548,0.7368779822767553
1214,1644,2858,0.7384428223844283
1246,1949,3195,0.6393022062596203
940,1375,2315,0.6836363636363636
1007,1662,2669,0.6058965102286402
930,1416,2346,0.6567796610169492
1036,1463,2499,0.7081339712918661
855,1248,2103,0.6850961538461539
1140,1579,2719,0.7219759341355289
1401,2087,3488,0.6712985146142789
902,1383,2285,0.6522053506869125
900,1329,2229,0.6772009029345373
990,1442,2432,0.6865464632454924
1195,1807,3002,0.6613171001660211
1161,1764,2925,0.6581632653061225
787,1196,1983,0.6580267558528428
1016,1510,2526,0.6728476821192053
1065,1686,2751,0.6316725978647687
912,1498,2410,0.6088117489986649
913,1527,2440,0.5979043876882777
1236,1824,3060,0.6776315789473685
1032,1547,2579,0.6670976082740788
917,1420,2337,0.645774647887324
844,1247,2091,0.6768243785084203
998,1255,2253,0.7952191235059761
1044,1487,2531,0.7020847343644923
979,1213,2192,0.8070898598516076
964,1263,2227,0.7632620744259699
626,845,1471,0.7408284023668639
927,1288,2215,0.71972049689441
1028,1405,2433,0.7316725978647687
1438,2125,3563,0.6767058823529412
893,1259,2152,0.7092930897537728
1060,1511,2571,0.7015221707478491
996,1337,2333,0.7449513836948392
991,1439,2430,0.6886726893676164
1012,1566,2578,0.6462324393358876
1166,1686,2852,0.6915776986951364
1003,1339,2342,0.7490664675130695
1063,1610,2673,0.6602484472049689
888,1398,2286,0.6351931330472103
841,1263,2104,0.6658749010292954
1414,2105,3519,0.6717339667458432
988,1433,2421,0.6894626657362177
1136,1637,2773,0.6939523518631643
900,1340,2240,0.6716417910447762
1053,1496,2549,0.7038770053475936
1075,1538,2613,0.6989596879063719
920,1310,2230,0.7022900763358778
917,1385,2302,0.6620938628158844
1126,1422,2548,0.7918424753867792
1115,1617,2732,0.6895485466914039
949,1435,2384,0.6613240418118467
1048,1646,2694,0.6366950182260024
1116,1615,2731,0.6910216718266254
1026,1456,2482,0.7046703296703297
1158,1422,2580,0.8143459915611815
1194,1562,2756,0.764404609475032
1250,1780,3030,0.702247191011236
984,1359,2343,0.7240618101545254
1078,1600,2678,0.67375
1011,1471,2482,0.6872875594833446
912,1427,2339,0.6391030133146461
1115,1663,2778,0.6704750450992183
1168,1818,2986,0.6424642464246425
987,1461,2448,0.675564681724846
1107,1456,2563,0.7603021978021978
1328,1979,3307,0.6710459828196058
1055,1634,2689,0.6456548347613219
1112,1596,2708,0.6967418546365914
1236,1811,3047,0.6824958586416344
954,1433,2387,0.6657362177250523
926,1478,2404,0.6265223274695535
1333,1786,3119,0.7463605823068309
1006,1444,2450,0.6966759002770083
1238,1780,3018,0.6955056179775281
1058,1592,2650,0.664572864321608
934,1299,2233,0.7190146266358738
850,1246,2096,0.6821829855537721
788,1178,1966,0.6689303904923599
1071,1624,2695,0.6594827586206896
885,1179,2064,0.7506361323155216
1042,1541,2583,0.6761842959117457
1006,1414,2420,0.7114568599717115
1109,1593,2702,0.6961707470182047
954,1476,2430,0.6463414634146342
926,1513,2439,0.6120290812954395
973,1374,2347,0.7081513828238719
1031,1411,2442,0.7306874557051737
1028,1519,2547,0.6767610269914417
936,1408,2344,0.6647727272727273
1165,1642,2807,0.7095006090133983
961,1368,2329,0.702485380116959
872,1273,2145,0.6849960722702279
1050,1583,2633,0.6632975363234365
882,1434,2316,0.6150627615062761
1251,1971,3222,0.634703196347032
1088,1491,2579,0.7297116029510395
1042,1394,2436,0.7474892395982783
934,1295,2229,0.7212355212355213
746,977,1723,0.7635619242579325
773,1209,1982,0.6393713813068652
969,1372,2341,0.706268221574344
1132,1589,2721,0.7123977344241661
1116,1523,2639,0.7327642810242941
888,1317,2205,0.6742596810933941
963,1367,2330,0.7044623262618873
1446,2103,3549,0.6875891583452212
1017,1403,2420,0.7248752672843906
937,1461,2398,0.6413415468856948
723,1165,1888,0.6206008583690987
584,903,1487,0.646733111849391
1083,1620,2703,0.6685185185185185
874,1471,2345,0.5941536369816451
1148,1775,2923,0.6467605633802817
1115,1787,2902,0.6239507554560716
986,1492,2478,0.660857908847185
841,1184,2025,0.7103040540540541
1152,1722,2874,0.6689895470383276
1164,1740,2904,0.6689655172413793
743,1188,1931,0.6254208754208754
915,1483,2398,0.6169925826028321
1100,1535,2635,0.7166123778501629
844,1251,2095,0.6746602717825739
1027,1423,2450,0.7217146872803936
810,1155,1965,0.7012987012987013
1053,1404,2457,0.75
928,1453,2381,0.6386785960082588
960,1338,2298,0.7174887892376681
1264,1717,2981,0.7361677344205009
1215,1652,2867,0.7354721549636803
1068,1350,2418,0.7911111111111111
1190,1561,2751,0.7623318385650224
925,1371,2296,0.674690007293946
940,1373,2313,0.6846321922796795
1146,1668,2814,0.6870503597122302
892,1295,2187,0.6888030888030888
963,1409,2372,0.6834634492547906
1100,1577,2677,0.6975269499048827
980,1482,2462,0.6612685560053981
980,1353,2333,0.7243163340724317
1032,1687,2719,0.6117368109069354
1011,1387,2398,0.7289113193943764
844,1182,2026,0.7140439932318104
1031,1551,2582,0.6647324306898775
933,1236,2169,0.7548543689320388
971,1479,2450,0.656524678837052
674,1069,1743,0.6304957904583723
970,1375,2345,0.7054545454545454
1030,1387,2417,0.7426099495313626
1014,1427,2441,0.7105816398037842
1173,1764,2937,0.6649659863945578
1245,1937,3182,0.6427465152297367
879,1350,2229,0.6511111111111111
1150,1610,2760,0.7142857142857143
998,1658,2656,0.6019300361881785
1032,1565,2597,0.6594249201277955
1086,1478,2564,0.7347767253044655
893,1349,2242,0.6619718309859155
983,1425,2408,0.6898245614035088
890,1239,2129,0.718321226795803
983,1699,2682,0.5785756327251325
794,1181,1975,0.672311600338696
1311,1918,3229,0.6835245046923879
1021,1389,2410,0.7350611951043916
785,1270,2055,0.6181102362204725
919,1262,2181,0.7282091917591125
1062,1664,2726,0.6382211538461539
926,1162,2088,0.7969018932874354
780,1203,1983,0.6483790523690773
896,1238,2134,0.7237479806138933
1031,1418,2449,0.7270803949224259
872,1233,2105,0.7072181670721817
1051,1395,2446,0.753405017921147
1132,1701,2833,0.6654908877131099
1069,1358,2427,0.7871870397643593
829,1149,1978,0.721496953872933
792,1086,1878,0.7292817679558011
977,1457,2434,0.6705559368565546
1088,1563,2651,0.6960972488803583
1082,1657,2739,0.6529873264936632
1071,1508,2579,0.7102122015915119
641,733,1374,0.8744884038199181
998,1338,2336,0.7458893871449925
906,1270,2176,0.7133858267716535
1106,1613,2719,0.6856788592684439
822,1327,2149,0.6194423511680482
907,1392,2299,0.6515804597701149
856,1276,2132,0.670846394984326
843,1275,2118,0.6611764705882353
1054,1435,2489,0.7344947735191638
975,1549,2524,0.6294383473208521
1092,1697,2789,0.6434885091337654
908,1508,2416,0.6021220159151194
1068,1474,2542,0.7245590230664858
912,1439,2351,0.6337734537873523
1189,1628,2817,0.7303439803439803
690,1000,1690,0.69
923,1442,2365,0.6400832177531207
784,1148,1932,0.6829268292682927
792,1322,2114,0.5990922844175491
998,1281,2279,0.7790788446526151
870,1281,2151,0.6791569086651054
1129,1629,2758,0.6930632289748312
1097,1788,2885,0.6135346756152126
817,1155,1972,0.7073593073593074
1121,1537,2658,0.7293428757319453
1275,1811,3086,0.7040309221424628
1170,1659,2829,0.705244122965642
992,1548,2540,0.6408268733850129
1021,1447,2468,0.7055977885279889
1051,1497,2548,0.7020708082832331
904,1178,2082,0.767402376910017
870,1369,2239,0.635500365230095
1094,1736,2830,0.630184331797235
903,1460,2363,0.6184931506849315
1034,1453,2487,0.7116311080523056
1032,1405,2437,0.7345195729537367
1243,1801,3044,0.6901721265963354
836,1216,2052,0.6875
1318,1899,3217,0.6940494997367035
1572,2421,3993,0.6493184634448576
1528,2520,4048,0.6063492063492063
1401,2189,3590,0.6400182731841023
546,852,1398,0.6408450704225352
863,1345,2208,0.641635687732342
683,1137,1820,0.6007036059806509
646,1021,1667,0.6327130264446621
727,1222,1949,0.5949263502454992
1094,1731,2825,0.6320046216060081
1013,1761,2774,0.5752413401476434
1248,2013,3261,0.6199701937406855
1114,2020,3134,0.5514851485148515
1323,2042,3365,0.6478942213516161
1356,2107,3463,0.6435690555291884
1482,2152,3634,0.6886617100371747
1405,2285,3690,0.6148796498905909
1655,2244,3899,0.7375222816399287
1471,2340,3811,0.6286324786324786
980,1627,2607,0.6023355869698832
1418,2224,3642,0.637589928057554
1481,2376,3857,0.6233164983164983
1053,1826,2879,0.5766703176341731
1283,2029,3312,0.6323311976343026
850,1296,2146,0.6558641975308642
1208,2088,3296,0.578544061302682
1422,2278,3700,0.6242317822651449
1689,2373,4062,0.7117572692793932
1359,2253,3612,0.6031957390146472
857,1332,2189,0.6433933933933934
1256,1896,3152,0.6624472573839663
1170,1812,2982,0.6456953642384106
1589,2399,3988,0.6623593163818258
1456,2373,3829,0.6135693215339233
1092,1614,2706,0.6765799256505576
1577,2443,4020,0.6455178059762587
1416,2319,3735,0.610608020698577
1269,2050,3319,0.6190243902439024
1551,2329,3880,0.6659510519536281
1572,2159,3731,0.7281148679944419
1764,2320,4084,0.7603448275862069
1008,1450,2458,0.6951724137931035
1199,2088,3287,0.5742337164750958
1095,1616,2711,0.6775990099009901
1600,1996,3596,0.8016032064128257
1630,2002,3632,0.8141858141858141
1188,1809,2997,0.6567164179104478
1169,2114,3283,0.5529801324503312
1488,2581,4069,0.576520728399845
1132,1791,2923,0.6320491345616974
1618,2231,3849,0.7252353204840879
1514,2568,4082,0.589563862928349
1078,1764,2842,0.6111111111111112
1098,1780,2878,0.6168539325842697
1471,2111,3582,0.6968261487446707
1266,2099,3365,0.6031443544545021
1313,2287,3600,0.5741145605596851
1466,2309,3775,0.6349068860978778
1694,2322,4016,0.7295434969853575
1267,2460,3727,0.515040650406504
1234,2030,3264,0.6078817733990147
1541,2282,3823,0.6752848378615249
474,742,1216,0.6388140161725068
1259,2303,3562,0.5466782457663917
719,1059,1778,0.6789423984891407
909,1444,2353,0.6295013850415513
669,1011,1680,0.6617210682492581
1249,2111,3360,0.5916627190904784
1159,1917,3076,0.6045905059989567
1275,2029,3304,0.6283883686545096
1392,2252,3644,0.6181172291296625
1541,2462,4003,0.6259138911454102
1499,2316,3815,0.6472366148531952
1537,2512,4049,0.6118630573248408
1445,2114,3559,0.6835383159886471
1473,2414,3887,0.6101905550952775
1392,2323,3715,0.5992251399052949
1641,2363,4004,0.6944561997460855
1553,2287,3840,0.6790555312636641
1387,2168,3555,0.639760147601476
1554,2348,3902,0.661839863713799
1535,2371,3906,0.6474061577393505
1019,1453,2472,0.7013076393668273
1470,1951,3421,0.7534597642234752
1398,2108,3506,0.6631878557874763
1145,1782,2927,0.6425364758698092
602,881,1483,0.6833144154370034
1398,2088,3486,0.6695402298850575
1537,2233,3770,0.6883116883116883
1031,1609,2640,0.6407706650093226
1483,2383,3866,0.6223248006714226
1530,2344,3874,0.6527303754266212
1628,2181,3809,0.7464465841357175
773,1220,1993,0.6336065573770492
1202,1828,3030,0.6575492341356673
1282,2001,3283,0.6406796601699151
1221,2063,3284,0.5918565196316045
1395,2103,3498,0.6633380884450785
1157,1801,2958,0.6424208772903942
709,1191,1900,0.5952980688497062
716,1184,1900,0.6047297297297297
1521,2573,4094,0.5911387485425573
866,1443,2309,0.6001386001386001
755,1195,1950,0.6317991631799164
830,1235,2065,0.6720647773279352
869,1365,2234,0.6366300366300366
841,1437,2278,0.5852470424495476
1573,2206,3779,0.7130553037171351
1054,1743,2797,0.6047045324153758
1116,1851,2967,0.6029173419773096
1438,2171,3609,0.6623675725472132
1349,2064,3413,0.6535852713178295
1038,1469,2507,0.7066031313818925
1023,1767,2790,0.5789473684210527
1189,1887,3076,0.6301006889242183
905,1532,2437,0.5907310704960835
419,658,1077,0.6367781155015197
897,1485,2382,0.604040404040404
1587,2442,4029,0.6498771498771498
1475,2230,3705,0.6614349775784754
1532,2454,3986,0.6242868785656072
1435,1949,3384,0.7362750128270908
1444,2016,3460,0.7162698412698413
1178,1787,2965,0.6592053721320649
1627,2308,3935,0.7049393414211439
1413,2469,3882,0.5722964763061968
777,1280,2057,0.60703125
888,1369,2257,0.6486486486486487
879,1253,2132,0.7015163607342378
693,1043,1736,0.6644295302013423
1254,1887,3141,0.6645468998410174
827,1205,2032,0.6863070539419087
1261,1842,3103,0.6845819761129207
1512,2056,3568,0.7354085603112841
1448,2474,3922,0.5852869846402587
1555,2109,3664,0.7373162636320532
1361,1965,3326,0.6926208651399491
1441,2254,3695,0.6393078970718722
1349,1974,3323,0.6833839918946302
1425,2301,3726,0.6192959582790091
1336,2196,3532,0.6083788706739527
897,1478,2375,0.6069012178619756
1090,1767,2857,0.6168647425014149
1562,2338,3900,0.6680923866552609
469,780,1249,0.6012820512820513
1049,1698,2747,0.6177856301531213
1364,2148,3512,0.6350093109869647
1206,1883,3089,0.6404673393520978
1352,2321,3673,0.5825075398535114
1195,2146,3341,0.5568499534016775
1132,1894,3026,0.5976768743400211
905,1674,2579,0.540621266427718
1070,1778,2848,0.6017997750281214
1053,1705,2758,0.6175953079178885
1162,1742,2904,0.6670493685419059
1001,1692,2693,0.5916075650118203
1068,1758,2826,0.6075085324232082
1119,1657,2776,0.6753168376584189
1627,2012,3639,0.808648111332008
1141,1755,2896,0.6501424501424501
1060,1714,2774,0.6184364060676779
1544,2315,3859,0.6669546436285098
1378,2385,3763,0.5777777777777777
1109,1897,3006,0.5846072746441751
1603,2234,3837,0.7175470008952551
1486,2381,3867,0.624107517849643
392,638,1030,0.6144200626959248
912,1598,2510,0.5707133917396746
1024,1542,2566,0.6640726329442282
1051,1726,2777,0.6089223638470452
1054,1682,2736,0.6266349583828775
828,1362,2190,0.6079295154185022
1153,1984,3137,0.5811491935483871
660,1135,1795,0.5814977973568282
971,1640,2611,0.5920731707317073
1362,2213,3575,0.6154541346588341
1206,1988,3194,0.6066398390342053
1329,1878,3207,0.707667731629393
524,802,1326,0.6533665835411472
936,1560,2496,0.6
815,1386,2201,0.588023088023088
1059,1997,3056,0.5302954431647471
1445,2533,3978,0.5704697986577181
1374,2502,3876,0.5491606714628298
837,1406,2243,0.5953058321479374
1361,1920,3281,0.7088541666666667
1517,2499,4016,0.6070428171268507
979,1499,2478,0.6531020680453635
1084,1816,2900,0.5969162995594713
1117,1904,3021,0.5866596638655462
1137,1661,2798,0.6845273931366647
1368,2074,3442,0.6595949855351977
1196,2050,3246,0.5834146341463414
412,607,1019,0.6787479406919276
628,984,1612,0.6382113821138211
1266,2201,3467,0.5751930940481599
749,1269,2018,0.5902285263987391
738,1253,1991,0.5889864325618516
969,1521,2490,0.6370808678500987
565,966,1531,0.5848861283643892
972,1424,2396,0.6825842696629213
1367,2352,3719,0.5812074829931972
999,1657,2656,0.6028968014484007
1560,2482,4042,0.628525382755842
1460,2421,3881,0.6030565881866997
1393,2512,3905,0.5545382165605095
1415,2340,3755,0.6047008547008547
1255,1944,3199,0.6455761316872428
1300,1957,3257,0.6642820643842616
1046,1716,2762,0.6095571095571095
1070,1895,2965,0.5646437994722955
1065,1661,2726,0.6411800120409392
1038,1667,2705,0.6226754649070186
1185,2203,3388,0.5379028597367227
1360,1990,3350,0.6834170854271356
1213,1928,3141,0.629149377593361
1144,2057,3201,0.5561497326203209
792,1358,2150,0.5832106038291606
1407,2330,3737,0.603862660944206
1472,2531,4003,0.5815883050177796
1125,1796,2921,0.626391982182628
1355,2163,3518,0.6264447526583449
1343,2469,3812,0.5439449169704333
1130,1828,2958,0.6181619256017505
1488,2497,3985,0.5959150981177412
1128,2084,3212,0.5412667946257198
1635,2226,3861,0.7345013477088949
1437,2169,3606,0.6625172890733056
1358,2579,3937,0.5265606824350524
957,1639,2596,0.5838926174496645
1460,2152,3612,0.6784386617100372
1408,2341,3749,0.6014523707817172
1220,2064,3284,0.5910852713178295
1448,2561,4009,0.5654041390082
1088,1734,2822,0.6274509803921569
508,919,1427,0.5527747551686616
1196,1728,2924,0.6921296296296297
893,1534,2427,0.5821382007822686
1233,2054,3287,0.6002921129503408
746,1280,2026,0.5828125
368,682,1050,0.5395894428152492
1220,1882,3102,0.6482465462274176
1109,1889,2998,0.587083112758073
591,1016,1607,0.5816929133858267
1329,2038,3367,0.6521099116781158
1262,2059,3321,0.6129188926663429
1447,2425,3872,0.596701030927835
902,1435,2337,0.6285714285714286
557,935,1492,0.5957219251336898
1250,2071,3321,0.6035731530661517
1283,2085,3368,0.6153477218225419
1123,1800,2923,0.6238888888888889
1309,2291,3600,0.571366215626364
1201,2003,3204,0.599600599101348
1408,2388,3796,0.5896147403685092
1473,2457,3930,0.5995115995115995
1438,2506,3944,0.5738228252194733
1265,2232,3497,0.5667562724014337
1047,1877,2924,0.5578050079914758
1219,2148,3367,0.5675046554934823
1312,2310,3622,0.567965367965368
1262,1874,3136,0.6734258271077909
1088,1821,2909,0.5974739154310819
1098,1893,2991,0.5800316957210776
1040,1617,2657,0.6431663574520717
1235,1686,2921,0.732502965599051
1431,2427,3858,0.5896168108776267
466,676,1142,0.6893491124260355
1233,2413,3646,0.5109821798590966
530,744,1274,0.7123655913978495
1124,1652,2776,0.6803874092009685
1340,2034,3374,0.6588003933136677
1393,2478,3871,0.5621468926553672
1311,2097,3408,0.6251788268955651
1248,1972,3220,0.6328600405679513
1306,2486,3792,0.5253419147224457
1037,1737,2774,0.597006332757628
1353,2197,3550,0.6158397815202549
1492,2241,3733,0.6657742079428827
1477,2454,3931,0.6018744906275468
973,1688,2661,0.5764218009478673
1141,1872,3013,0.6095085470085471
1612,2318,3930,0.6954270923209663
905,1575,2480,0.5746031746031746
994,1736,2730,0.5725806451612904
1366,2170,3536,0.6294930875576037
1046,1764,2810,0.5929705215419501
643,1010,1653,0.6366336633663366
1430,2277,3707,0.6280193236714976
1158,1774,2932,0.6527621195039459
1331,2095,3426,0.6353221957040572
1244,1934,3178,0.6432264736297828
1344,2050,3394,0.655609756097561
402,604,1006,0.6655629139072847
885,1328,2213,0.6664156626506024
457,716,1173,0.638268156424581
1205,1736,2941,0.6941244239631337
1378,1988,3366,0.693158953722334
1436,1881,3317,0.7634237107921319
805,1097,1902,0.7338195077484048
742,1077,1819,0.6889507892293407
1290,1972,3262,0.654158215010142
1303,2098,3401,0.6210676835081029
1448,2197,3645,0.6590805644060082
913,1433,2346,0.6371249127704117
1312,2170,3482,0.6046082949308755
875,1400,2275,0.625
1319,2182,3501,0.6044912923923006
1076,1898,2974,0.5669125395152792
1140,1775,2915,0.6422535211267606
1177,2324,3501,0.5064543889845095
1309,2328,3637,0.5622852233676976
932,1476,2408,0.6314363143631436
1058,1902,2960,0.5562565720294427
1360,2070,3430,0.6570048309178744
1464,2424,3888,0.6039603960396039
1360,1954,3314,0.6960081883316275
1398,2272,3670,0.6153169014084507
1377,2169,3546,0.6348547717842323
1287,1764,3051,0.7295918367346939
1094,2168,3262,0.5046125461254612
1570,2506,4076,0.6264964086193137
1206,2074,3280,0.5814850530376084
1256,2106,3362,0.5963912630579298
1394,2080,3474,0.6701923076923076
1184,2035,3219,0.5818181818181818
1076,1767,2843,0.6089417091114884
1391,2229,3620,0.6240466576940332
929,1530,2459,0.6071895424836601
1224,1843,3067,0.6641345632121541
946,1461,2407,0.6475017111567419
718,1051,1769,0.6831588962892483
1203,1902,3105,0.6324921135646687
885,1453,2338,0.609084652443221
1281,1950,3231,0.6569230769230769
946,1617,2563,0.5850340136054422
1225,2101,3326,0.5830556877677296
1674,2409,4083,0.6948941469489415
1290,2177,3467,0.5925585668350941
963,1913,2876,0.5033978044955567
1082,1632,2714,0.6629901960784313
888,1443,2331,0.6153846153846154
1212,2152,3364,0.5631970260223048
1476,2557,4033,0.577238951896754
1153,1926,3079,0.59865005192108
419,689,1108,0.6081277213352685
1478,2303,3781,0.6417716022579244
1116,1958,3074,0.5699693564862104
608,934,1542,0.6509635974304069
973,1532,2505,0.6351174934725848
1390,2146,3536,0.6477166821994408
1193,1823,3016,0.6544157981349424
682,950,1632,0.7178947368421053
1528,2495,4023,0.6124248496993988
1488,1918,3406,0.7758081334723671
1432,2245,3677,0.6378619153674833
1498,2290,3788,0.6541484716157205
514,896,1410,0.5736607142857143
1183,1798,2981,0.6579532814238043
1353,1792,3145,0.7550223214285714
754,1223,1977,0.616516762060507
1198,1849,3047,0.6479177934018389
1536,2361,3897,0.650571791613723
1015,1763,2778,0.5757231990924561
1190,1962,3152,0.6065239551478083
1004,1809,2813,0.5550027639579879
992,1417,2409,0.7000705716302047
1236,2144,3380,0.5764925373134329
1196,1866,3062,0.6409431939978564
1031,1576,2607,0.6541878172588832
738,1186,1924,0.6222596964586846
1098,1664,2762,0.6598557692307693
1568,2226,3794,0.7044025157232704
1167,1821,2988,0.6408566721581549
1384,1773,3157,0.7805978567399887
1422,2328,3750,0.6108247422680413
1343,1963,3306,0.6841569026999491
1559,2364,3923,0.6594754653130288
1324,2152,3476,0.6152416356877324
822,1366,2188,0.6017569546120058
1147,1922,3069,0.5967741935483871
1677,2375,4052,0.7061052631578948
1462,2238,3700,0.6532618409294012
1265,1560,2825,0.8108974358974359
1167,1659,2826,0.7034358047016275
661,1085,1746,0.6092165898617512
1333,2068,3401,0.6445841392649904
1224,1962,3186,0.6238532110091743
750,1217,1967,0.6162695152013147
1092,1645,2737,0.6638297872340425
432,758,1190,0.5699208443271768
855,1214,2069,0.7042833607907742
1349,2178,3527,0.6193755739210285
1057,1869,2926,0.5655430711610487
1088,1895,2983,0.5741424802110818
1272,2571,3843,0.4947491248541423
638,975,1613,0.6543589743589744
834,1129,1963,0.7387068201948627
552,814,1366,0.6781326781326781
1620,2385,4005,0.6792452830188679
1165,1814,2979,0.6422271223814774
1282,2188,3470,0.5859232175502742
539,916,1455,0.5884279475982532
1102,1694,2796,0.6505312868949232
1202,1783,2985,0.6741446999439148
1393,2116,3509,0.6583175803402647
1185,2033,3218,0.5828824397442204
1218,2056,3274,0.5924124513618677
1531,2198,3729,0.6965423111919927
929,1407,2336,0.660270078180526
924,1549,2473,0.5965138799225307
944,1532,2476,0.6161879895561357
1658,2297,3955,0.7218110579016108
447,671,1118,0.6661698956780924
1044,1722,2766,0.6062717770034843
1323,2130,3453,0.6211267605633802
1399,1843,3242,0.7590884427563754
1042,1534,2576,0.6792698826597132
1131,1753,2884,0.6451796919566457
1535,2336,3871,0.6571061643835616
573,901,1474,0.6359600443951166
1346,1986,3332,0.6777442094662638
897,1456,2353,0.6160714285714286
1174,1584,2758,0.7411616161616161
691,952,1643,0.7258403361344538
1328,2001,3329,0.6636681659170415
822,1359,2181,0.6048565121412803
692,946,1638,0.7315010570824524
1206,1806,3012,0.6677740863787376
1488,1876,3364,0.7931769722814499
798,1242,2040,0.642512077294686
1142,1684,2826,0.6781472684085511
816,1300,2116,0.6276923076923077
1006,1407,2413,0.7149964463397299
1368,1651,3019,0.8285887341005451
1533,2331,3864,0.6576576576576577
956,1717,2673,0.5567850902737332
958,1488,2446,0.6438172043010753
1377,2075,3452,0.6636144578313253
1361,2140,3501,0.6359813084112149
998,1912,2910,0.5219665271966527
1115,1599,2714,0.6973108192620388
1012,1715,2727,0.5900874635568513
1199,1678,2877,0.7145411203814065
882,1246,2128,0.7078651685393258
1230,1737,2967,0.7081174438687392
1155,1772,2927,0.6518058690744921
1621,1830,3451,0.885792349726776
1037,1499,2536,0.6917945296864576
1373,1954,3327,0.702661207778915
1538,2025,3563,0.7595061728395062
1617,2204,3821,0.7336660617059891
1152,2098,3250,0.5490943755958055
1382,2126,3508,0.6500470366886171
765,1107,1872,0.6910569105691057
1000,1525,2525,0.6557377049180327
1548,2270,3818,0.6819383259911894
1341,1751,3092,0.7658480868075386
1263,1896,3159,0.6661392405063291
1326,1997,3323,0.6639959939909865
797,1375,2172,0.5796363636363636
1275,1813,3088,0.7032542746828461
862,1429,2291,0.6032190342897131
1404,2089,3493,0.672091910004787
1298,2034,3332,0.6381514257620452
1072,1462,2534,0.7332421340629275
1448,1878,3326,0.7710330138445154
1383,2480,3863,0.5576612903225806
1168,1730,2898,0.6751445086705202
1102,1990,3092,0.5537688442211055
1092,1461,2553,0.7474332648870636
779,1292,2071,0.6029411764705882
1121,1812,2933,0.6186534216335541
1394,2347,3741,0.593949723050703
901,1407,2308,0.6403695806680881
991,1767,2758,0.5608375778155065
1105,1587,2692,0.6962822936357907
1449,2032,3481,0.7130905511811023
1170,1514,2684,0.7727873183619551
1332,1842,3174,0.7231270358306189
1472,2319,3791,0.6347563605002156
1523,2415,3938,0.6306418219461698
474,900,1374,0.5266666666666666
1304,1763,3067,0.7396483267158253
915,1370,2285,0.6678832116788321
1116,1585,2701,0.7041009463722397
1228,1831,3059,0.6706717640633534
1518,2072,3590,0.7326254826254827
1041,1647,2688,0.6320582877959927
458,796,1254,0.5753768844221105
1388,2177,3565,0.6375746440055122
1570,2047,3617,0.7669760625305325
622,1043,1665,0.5963566634707574
1353,2193,3546,0.6169630642954856
912,1342,2254,0.6795827123695977
900,1544,2444,0.582901554404145
1560,2353,3913,0.6629834254143646
1376,2159,3535,0.6373320981936081
1654,2181,3835,0.7583677212287941
1114,1825,2939,0.6104109589041096
1257,2109,3366,0.5960170697012802
1142,1893,3035,0.6032752245113576
1490,2333,3823,0.6386626660951564
1658,2390,4048,0.693723849372385
1418,1955,3373,0.7253196930946292
1204,2065,3269,0.5830508474576271
417,640,1057,0.6515625
865,1505,2370,0.574750830564784
1098,1702,2800,0.645123384253819
853,1259,2112,0.6775218427323273
1134,1914,3048,0.5924764890282131
1188,1970,3158,0.6030456852791878
987,1684,2671,0.586104513064133
1430,2491,3921,0.5740666399036531
1146,1759,2905,0.6515065378055713
814,1344,2158,0.6056547619047619
1288,1984,3272,0.6491935483870968
723,1065,1788,0.6788732394366197
812,1305,2117,0.6222222222222222
1051,1790,2841,0.5871508379888268
1535,2554,4089,0.601018010963195
1138,1982,3120,0.574167507568113
1413,2445,3858,0.5779141104294478
1634,2323,3957,0.7034007748600947
1443,2246,3689,0.6424755120213713
554,856,1410,0.647196261682243
1120,1545,2665,0.7249190938511327
1559,2130,3689,0.7319248826291079
1381,1954,3335,0.7067553735926305
1252,2119,3371,0.5908447380840018
753,1267,2020,0.5943172849250198
982,1676,2658,0.5859188544152745
826,1586,2412,0.5208070617906684
937,1446,2383,0.6479944674965422
1547,2403,3950,0.6437786100707449
1601,2173,3774,0.7367694431661298
1233,1708,2941,0.7218969555035128
934,1501,2435,0.6222518321119254
866,1296,2162,0.6682098765432098
1506,2429,3935,0.6200082338410868
1227,1865,3092,0.6579088471849865
1062,1699,2761,0.6250735726898176
1531,2499,4030,0.6126450580232092
1085,1879,2964,0.5774348057477382
1088,1618,2706,0.6724351050679852
613,953,1566,0.6432318992654774
945,1391,2336,0.6793673616103523
1168,1943,3111,0.6011322696860525
1538,2359,3897,0.6519711742263671
740,1120,1860,0.6607142857142857
1256,1852,3108,0.6781857451403888
1113,1889,3002,0.5892006352567496
1099,1758,2857,0.6251422070534699
1599,2463,4062,0.6492082825822169
1113,1789,2902,0.6221352711011738
1207,1918,3125,0.6293013555787278
1324,2202,3526,0.6012715712988193
1119,2111,3230,0.5300805305542396
1574,2239,3813,0.7029924073246985
1309,1836,3145,0.7129629629629629
1179,1831,3010,0.6439104314582196
1264,2044,3308,0.6183953033268101
802,1419,2221,0.5651867512332629
1516,2539,4055,0.5970854667191808
1291,2039,3330,0.6331535066208926
1460,2232,3692,0.6541218637992832
1319,2160,3479,0.6106481481481482
537,786,1323,0.683206106870229
1106,1747,2853,0.6330852890669719
1330,1848,3178,0.7196969696969697
1174,1846,3020,0.6359696641386782
1256,1712,2968,0.7336448598130841
924,1714,2638,0.5390898483080513
1413,2310,3723,0.6116883116883117
1387,1916,3303,0.7239039665970772
973,1590,2563,0.6119496855345912
805,1253,2058,0.6424581005586593
1165,2096,3261,0.5558206106870229
1364,1997,3361,0.6830245368052078
1025,1698,2723,0.6036513545347467
1002,1550,2552,0.6464516129032258
1461,2511,3972,0.5818399044205496
1558,2204,3762,0.7068965517241379
470,758,1228,0.6200527704485488
961,1416,2377,0.6786723163841808
1198,1840,3038,0.6510869565217391
1246,2063,3309,0.603974793989336
1034,1804,2838,0.573170731707317
797,1428,2225,0.5581232492997199
1026,1632,2658,0.6286764705882353
1471,2338,3809,0.6291702309666382
1368,1993,3361,0.6864024084295033
1256,1816,3072,0.6916299559471366
878,1430,2308,0.6139860139860139
1095,1760,2855,0.6221590909090909
1251,1977,3228,0.6327769347496206
1640,2373,4013,0.6911083017277707
1143,1879,3022,0.6083022884513039
1498,2415,3913,0.6202898550724638
437,692,1129,0.6315028901734104
1657,2203,3860,0.752156150703586
1416,1940,3356,0.7298969072164948
1338,2148,3486,0.6229050279329609
1418,2403,3821,0.5900957136912193
1549,2492,4041,0.6215890850722311
1084,1950,3034,0.5558974358974359
824,1330,2154,0.6195488721804512
1045,1731,2776,0.6036972848064702
974,1514,2488,0.6433289299867899
1317,2120,3437,0.6212264150943396
1151,1994,3145,0.5772316950852557
389,547,936,0.7111517367458866
645,1099,1744,0.5868971792538672
1078,1648,2726,0.654126213592233
649,1076,1725,0.6031598513011153
1095,1791,2886,0.6113902847571189
1466,2228,3694,0.6579892280071813
1630,2292,3922,0.7111692844677138
1355,1972,3327,0.6871196754563894
1325,1902,3227,0.6966351209253417
637,955,1592,0.6670157068062827
961,1459,2420,0.658670322138451
775,1133,1908,0.6840247131509267
1208,1563,2771,0.7728726807421625
475,754,1229,0.629973474801061
1340,1780,3120,0.7528089887640449
1293,1844,3137,0.7011930585683297
869,1319,2188,0.6588324488248674
1487,2384,3871,0.6237416107382551
1034,1492,2526,0.693029490616622
1260,2005,3265,0.628428927680798
1561,2320,3881,0.6728448275862069
1184,1828,3012,0.6477024070021882
1583,2078,3661,0.7617901828681425
863,1434,2297,0.601813110181311
631,917,1548,0.688113413304253
1216,1995,3211,0.6095238095238096
1490,2138,3628,0.696913002806361
1541,2332,3873,0.6608061749571184
1367,2028,3395,0.6740631163708086
1459,2132,3591,0.6843339587242027
843,1421,2264,0.5932441942294159
1287,1945,3232,0.6616966580976864
948,1673,2621,0.56664674237896
1392,2192,3584,0.635036496350365
633,936,1569,0.6762820512820513
857,1265,2122,0.6774703557312253
1163,1913,3076,0.6079456351280711
1153,1679,2832,0.6867182846932698
1347,2148,3495,0.6270949720670391
996,1782,2778,0.5589225589225589
1323,1967,3290,0.6725978647686833
1466,2267,3733,0.6466696074106749
1035,1525,2560,0.6786885245901639
595,931,1526,0.6390977443609023
1422,1891,3313,0.7519830777366473
1266,1948,3214,0.6498973305954825
709,1120,1829,0.6330357142857143
1163,1739,2902,0.6687751581368603
592,1064,1656,0.556390977443609
1392,2632,4024,0.5288753799392097
521,859,1380,0.6065192083818394
1374,2149,3523,0.63936714751047
1530,2175,3705,0.7034482758620689
628,908,1536,0.6916299559471366
1210,1920,3130,0.6302083333333334
569,930,1499,0.6118279569892473
1493,1904,3397,0.7841386554621849
1119,1688,2807,0.6629146919431279
1092,2520,3612,0.4333333333333333
496,857,1353,0.5787631271878646
1311,2123,3434,0.617522373999058
534,936,1470,0.5705128205128205
1322,1872,3194,0.7061965811965812
1402,2117,3519,0.6622579121398205
1925,2123,4048,0.9067357512953368
1385,1972,3357,0.7023326572008114
761,972,1733,0.7829218106995884
1722,2235,3957,0.7704697986577181
624,870,1494,0.7172413793103448
1453,2208,3661,0.6580615942028986
723,1177,1900,0.6142735768903993
1326,2010,3336,0.6597014925373135
1314,2197,3511,0.5980883022303141
1095,1690,2785,0.6479289940828402
388,631,1019,0.6148969889064976
1524,2352,3876,0.6479591836734694
1505,1951,3456,0.7713992824192721
1436,2198,3634,0.6533212010919017
467,748,1215,0.6243315508021391
1460,2240,3700,0.6517857142857143
1338,1769,3107,0.756359525155455
1592,2425,4017,0.6564948453608247
1103,1705,2808,0.6469208211143695
656,1042,1698,0.6295585412667947
1167,1647,2814,0.7085610200364298
1660,2316,3976,0.7167530224525043
1074,1748,2822,0.61441647597254
1085,1644,2729,0.6599756690997567
1145,1862,3007,0.6149301825993555
635,1101,1736,0.5767484105358764
1134,2275,3409,0.4984615384615384
1421,1823,3244,0.7794843664289632
1566,2219,3785,0.7057232987832357
1286,1759,3045,0.7310972143263218
1390,2143,3533,0.648623425104993
1652,1959,3611,0.843287391526289
1562,2074,3636,0.7531340405014465
1431,2284,3715,0.6265323992994746
1621,2285,3906,0.7094091903719912
1439,2293,3732,0.6275621456607064
1476,2188,3664,0.6745886654478976
1453,2204,3657,0.6592558983666061
1531,2464,3995,0.6213474025974026
1759,2090,3849,0.8416267942583732
1500,2292,3792,0.6544502617801047
1334,1997,3331,0.6680020030045067
1269,1880,3149,0.675
1700,2260,3960,0.7522123893805309
1361,2050,3411,0.6639024390243903
1517,2380,3897,0.6373949579831932
1198,1769,2967,0.6772187676653476
1093,1540,2633,0.7097402597402598
1581,2340,3921,0.6756410256410257
1444,2317,3761,0.6232196806214934
1505,2130,3635,0.7065727699530516
1505,2003,3508,0.7513729405891163
1314,2018,3332,0.6511397423191279
1369,1975,3344,0.6931645569620253
1732,1894,3626,0.914466737064414
1479,2291,3770,0.6455696202531646
1493,2452,3945,0.6088907014681892
1058,1688,2746,0.6267772511848341
1502,2117,3619,0.7094945677846008
1652,2266,3918,0.7290379523389232
1740,2144,3884,0.8115671641791045
1744,2117,3861,0.8238072744449693
1603,2080,3683,0.770673076923077
1440,1973,3413,0.7298530157121136
1422,2256,3678,0.6303191489361702
1295,1797,3092,0.7206455203116305
1389,1784,3173,0.7785874439461884
1605,2371,3976,0.6769295655841417
625,411,1036,1.520681265206813
1655,2195,3850,0.7539863325740319
605,672,1277,0.9002976190476191
1101,1407,2508,0.7825159914712153
1165,1335,2500,0.8726591760299626
946,1251,2197,0.7561950439648282
879,702,1581,1.252136752136752
768,883,1651,0.869762174405436
1599,1774,3373,0.9013528748590756
676,874,1550,0.7734553775743707
1422,2489,3911,0.5713137806347931
1407,1765,3172,0.7971671388101983
1270,1690,2960,0.7514792899408284
1352,1454,2806,0.9298486932599724
608,821,1429,0.7405602923264312
939,1098,2037,0.855191256830601
1188,1390,2578,0.8546762589928057
1452,1512,2964,0.9603174603174603
1582,1763,3345,0.897334089619966
1500,2335,3835,0.6423982869379015
1382,1848,3230,0.7478354978354979
1602,2183,3785,0.733852496564361
1650,2436,4086,0.6773399014778325
1699,2334,4033,0.7279348757497858
1391,2333,3724,0.5962280325760823
1302,1867,3169,0.6973754686663096
1656,2109,3765,0.7852062588904695
1888,2109,3997,0.8952110004741584
1446,1851,3297,0.7811993517017828
1310,1798,3108,0.728587319243604
1585,2447,4032,0.6477319166326113
1460,2152,3612,0.6784386617100372
1408,1940,3348,0.7257731958762886
1604,2150,3754,0.746046511627907
1085,1723,2808,0.6297156123041208
1118,1604,2722,0.6970074812967582
1411,1954,3365,0.7221084953940634
1242,2342,3584,0.5303159692570453
1252,2081,3333,0.6016338298894762
1339,2182,3521,0.6136571952337305
1389,1925,3314,0.7215584415584415
1368,2071,3439,0.6605504587155964
1320,1880,3200,0.7021276595744681
1552,2256,3808,0.6879432624113475
1714,2350,4064,0.7293617021276596
1606,2312,3918,0.6946366782006921
1766,2271,4037,0.7776309995596653
1710,2323,4033,0.7361170899698666
1538,2248,3786,0.6841637010676157
1467,2141,3608,0.6851938346567025
1087,1508,2595,0.7208222811671088
1667,2300,3967,0.7247826086956521
1477,2333,3810,0.6330904414916416
1590,2388,3978,0.6658291457286433
1495,2367,3862,0.6316011829319814
1604,2320,3924,0.6913793103448276
1438,2309,3747,0.6227804244261586
1470,2281,3751,0.644454186760193
1631,2425,4056,0.6725773195876289
1589,2423,4012,0.6557985967808502
1744,2311,4055,0.7546516659454782
1679,2278,3957,0.7370500438981563
1710,2380,4090,0.7184873949579832
1760,2299,4059,0.7655502392344498
1454,2398,3852,0.6063386155129274
1393,2244,3637,0.6207664884135472
1594,2324,3918,0.6858864027538726
1689,2341,4030,0.7214865442118753
1621,2460,4081,0.6589430894308943
1571,2340,3911,0.6713675213675213
1634,2378,4012,0.6871320437342304
1521,2128,3649,0.7147556390977443
1492,2221,3713,0.6717694732102657
1547,2059,3606,0.751335599805731
1668,2297,3965,0.7261645624727906
1672,2243,3915,0.7454302273740526
1503,2125,3628,0.7072941176470589
1387,1773,3160,0.7822899041173152
1553,2267,3820,0.6850463167181297
1572,2495,4067,0.630060120240481
1368,2230,3598,0.6134529147982063
1477,2287,3764,0.6458242238740708
1627,2371,3998,0.6862083509067903
1634,2340,3974,0.6982905982905983
1553,2512,4065,0.6182324840764332
1499,2313,3812,0.6480760916558582
1544,2425,3969,0.636701030927835
1648,2309,3957,0.7137288869640537
1539,2344,3883,0.6565699658703071
1589,2403,3992,0.6612567623803579
717,1049,1766,0.6835081029551954
1000,1458,2458,0.6858710562414266
774,1241,2015,0.6236905721192587
917,1440,2357,0.6368055555555555
1634,2374,4008,0.6882898062342039
1701,2388,4089,0.7123115577889447
1628,2314,3942,0.7035436473638721
1733,2185,3918,0.7931350114416476
1606,2324,3930,0.6910499139414802
1679,2326,4005,0.7218400687876182
1751,2156,3907,0.812152133580705
1456,1745,3201,0.8343839541547278
31,18,49,1.7222222222222223
1207,1786,2993,0.6758118701007839
1538,2517,4055,0.6110448947159317
591,1034,1625,0.5715667311411993
915,1321,2236,0.6926570779712339
1010,1359,2369,0.7431935246504783
1255,2121,3376,0.5917020273455917
1397,2588,3985,0.5397990726429676
943,1584,2527,0.5953282828282829
1153,1782,2935,0.6470258136924804
1409,1750,3159,0.8051428571428572
1370,1726,3096,0.7937427578215527
1703,2079,3782,0.8191438191438192
947,1402,2349,0.6754636233951498
439,758,1197,0.579155672823219
738,829,1567,0.8902291917973462
1042,1507,2549,0.6914399469143995
1034,1489,2523,0.6944257891202149
332,393,725,0.8447837150127226
906,1418,2324,0.6389280677009873
1849,2197,4046,0.8416021847974511
1075,1546,2621,0.6953428201811126
744,994,1738,0.7484909456740443
1066,1671,2737,0.6379413524835428
954,1236,2190,0.7718446601941747
1582,2492,4074,0.6348314606741573
293,483,776,0.6066252587991718
1583,2421,4004,0.6538620404791409
1620,2411,4031,0.6719203649937785
1585,2351,3936,0.6741811994895789
1615,2171,3786,0.7438968217411331
1428,2059,3487,0.6935405536668285
1365,2090,3455,0.65311004784689
1613,2379,3992,0.6780159730979403
1249,1617,2866,0.7724180581323439
1420,1876,3296,0.7569296375266524
1648,2402,4050,0.6860949208992506
1295,1938,3233,0.6682146542827657
1178,1537,2715,0.7664281067013663
1593,2047,3640,0.7782120175867122
1239,1688,2927,0.7340047393364929
1470,2426,3896,0.6059356966199505
1422,2052,3474,0.6929824561403509
1175,1901,3076,0.6180957390846923
1126,1757,2883,0.640865110984633
1643,2345,3988,0.7006396588486141
1660,2265,3925,0.7328918322295805
1562,2466,4028,0.6334144363341444
1692,2358,4050,0.7175572519083969
1302,2176,3478,0.5983455882352942
1631,2107,3738,0.7740863787375415
1427,2095,3522,0.681145584725537
1506,2270,3776,0.6634361233480176
1355,2231,3586,0.607350963693411
1497,2233,3730,0.6703985669502911
1329,1999,3328,0.6648324162081041
1535,2471,4006,0.6212059894779441
1038,1815,2853,0.571900826446281
1634,2422,4056,0.6746490503715937
1381,2657,4038,0.5197591268347761
1407,2678,4085,0.5253920836445108
1261,2798,4059,0.4506790564689064
1871,2183,4054,0.8570774163994503
1544,2353,3897,0.6561835954101147
1534,1899,3433,0.8077935755660874
1150,1323,2473,0.8692365835222978
1316,2404,3720,0.5474209650582362
1154,1752,2906,0.658675799086758
969,1832,2801,0.5289301310043668
987,1751,2738,0.5636778983438036
1085,1923,3008,0.5642225689027561
1268,1638,2906,0.7741147741147741
1127,2109,3236,0.5343764817449028
1524,2206,3730,0.6908431550317317
787,1422,2209,0.5534458509142054
641,1296,1937,0.4945987654320987
1543,2361,3904,0.6535366370182126
1176,1964,3140,0.5987780040733197
1323,2242,3565,0.5900981266726137
91,340,431,0.2676470588235294
3129,171,3300,18.29824561403509
3307,271,3578,12.202952029520295
1353,2030,3383,0.6665024630541871
3152,235,3387,13.412765957446808
3216,284,3500,11.32394366197183
1122,1664,2786,0.6742788461538461
1394,2419,3813,0.576271186440678
1292,2520,3812,0.5126984126984127
1343,1959,3302,0.6855538540071465
1563,2305,3868,0.6780911062906725
1753,2304,4057,0.7608506944444444
1194,1814,3008,0.6582138919514884
1473,2483,3956,0.5932339911397503
1624,2358,3982,0.6887192536047498
1522,2465,3987,0.6174442190669371
1451,2351,3802,0.6171841769459804
1221,2169,3390,0.5629322268326418
809,1125,1934,0.7191111111111111
1507,2530,4037,0.5956521739130435
1221,1523,2744,0.8017071569271176
1426,2552,3978,0.5587774294670846
1568,2519,4087,0.6224692338229456
1024,2057,3081,0.4978123480797277
1580,2512,4092,0.6289808917197452
1336,2510,3846,0.5322709163346614
1322,2359,3681,0.5604069520983468
1468,2382,3850,0.6162888329135181
1552,2529,4081,0.6136812969553183
1117,1984,3101,0.5630040322580645
1500,2527,4027,0.593589236248516
1443,2423,3866,0.5955427156417664
1507,2555,4062,0.5898238747553816
642,1128,1770,0.5691489361702128
1503,2542,4045,0.5912667191188041
1444,2389,3833,0.6044370029300963
1498,2596,4094,0.5770416024653313
1259,2074,3333,0.607039537126326
1469,2626,4095,0.5594059405940595
1417,2607,4024,0.5435366321442271
1228,2074,3302,0.5920925747348119
1477,2413,3890,0.61210111893908
1040,1967,3007,0.5287239450940519
1162,2197,3359,0.5289030496131087
1287,1904,3191,0.6759453781512605
1535,2480,4015,0.6189516129032258
1077,1542,2619,0.6984435797665369
1465,2626,4091,0.5578827113480579
1321,2309,3630,0.5721091381550455
1354,2277,3631,0.5946420729029425
1571,2336,3907,0.6725171232876712
1335,2294,3629,0.5819529206625981
568,675,1243,0.8414814814814815
726,1221,1947,0.5945945945945946
1505,2368,3873,0.6355574324324325
1479,2573,4052,0.5748153905946366
1447,2380,3827,0.6079831932773109
1213,2217,3430,0.5471357690572847
1233,2136,3369,0.577247191011236
1265,2228,3493,0.5677737881508079
859,1345,2204,0.6386617100371748
1603,2187,3790,0.7329675354366713
1424,2468,3892,0.5769854132901134
1405,2350,3755,0.597872340425532
1390,2301,3691,0.6040851803563668
1491,2324,3815,0.641566265060241
1397,2428,3825,0.5753706754530478
1349,2232,3581,0.6043906810035843
1501,2293,3794,0.6546009594417793
681,1312,1993,0.5190548780487805
1555,2489,4044,0.6247488951386099
1124,2034,3158,0.5526057030481809
1546,2496,4042,0.6193910256410257
1336,1994,3330,0.6700100300902708
1184,1278,2462,0.9264475743348984
1016,1448,2464,0.7016574585635359
1383,2036,3419,0.6792730844793713
746,1127,1873,0.6619343389529725
1313,2189,3502,0.5998172681589767
1399,2009,3408,0.6963663514186162
1431,2399,3830,0.5964985410587745
1411,2290,3701,0.6161572052401747
1258,1855,3113,0.678167115902965
1076,2055,3131,0.5236009732360097
1196,1812,3008,0.6600441501103753
1334,2353,3687,0.566935826604335
1006,1393,2399,0.7221823402727925
642,1222,1864,0.5253682487725041
1425,2216,3641,0.6430505415162455
1124,1730,2854,0.6497109826589595
1564,2489,4053,0.6283648051426276
916,1330,2246,0.6887218045112782
1094,2040,3134,0.5362745098039216
648,964,1612,0.6721991701244814
1299,1793,3092,0.724484104852203
483,672,1155,0.71875
1457,2358,3815,0.6178965224766751
1124,2016,3140,0.5575396825396826
1472,1933,3405,0.7615106052767718
1117,1910,3027,0.5848167539267015
1415,2247,3662,0.6297285269247886
1231,1990,3221,0.6185929648241206
1112,1814,2926,0.6130099228224918
800,1117,1917,0.7162041181736795
1059,1734,2793,0.610726643598616
800,1147,1947,0.6974716652136007
1535,2489,4024,0.6167135395741261
937,1491,2428,0.6284372904091214
1320,2129,3449,0.6200093940817285
1275,2009,3284,0.6346441015430563
1176,2197,3373,0.535275375512062
1405,2686,4091,0.5230826507818317
1267,1900,3167,0.6668421052631579
1130,1874,3004,0.6029882604055496
1342,2046,3388,0.6559139784946236
1470,2305,3775,0.6377440347071583
1495,2148,3643,0.6959962756052142
1537,2420,3957,0.6351239669421488
1467,2364,3831,0.6205583756345178
946,1395,2341,0.6781362007168459
1465,2396,3861,0.6114357262103506
1280,2632,3912,0.486322188449848
1171,2401,3572,0.4877134527280299
1203,2385,3588,0.5044025157232704
1275,2317,3592,0.550280535174795
1253,2169,3422,0.5776855693868141
1487,2405,3892,0.6182952182952183
1389,2425,3814,0.5727835051546392
1374,2447,3821,0.5615038823048631
1537,2538,4075,0.6055949566587865
1322,2456,3778,0.5382736156351792
1318,2261,3579,0.5829279080053074
1314,2243,3557,0.5858225590726706
1415,2530,3945,0.5592885375494071
1476,2597,4073,0.568348093954563
1299,2459,3758,0.5282635217568117
1331,2288,3619,0.5817307692307693
1298,2103,3401,0.6172135045173561
1478,2611,4089,0.5660666411336652
1243,2291,3534,0.5425578350065473
1078,1732,2810,0.6224018475750578
1014,1616,2630,0.6274752475247525
1013,1704,2717,0.5944835680751174
980,1653,2633,0.5928614640048396
1022,1784,2806,0.5728699551569507
967,1664,2631,0.5811298076923077
1033,1723,2756,0.5995356935577482
1118,1701,2819,0.6572604350382129
1040,1647,2687,0.6314511232544019
1101,1817,2918,0.6059438635112824
1117,1720,2837,0.6494186046511627
1055,1725,2780,0.6115942028985507
1094,1794,2888,0.6098104793756968
1019,1785,2804,0.5708683473389355
1020,1724,2744,0.5916473317865429
1074,1764,2838,0.608843537414966
1073,1650,2723,0.6503030303030303
1100,1763,2863,0.6239364719228587
1047,1714,2761,0.6108518086347725
1114,1394,2508,0.7991391678622669
1085,1764,2849,0.6150793650793651
1100,1781,2881,0.617630544637844
1103,1818,2921,0.6067106710671067
1160,1801,2961,0.6440866185452526
1106,1724,2830,0.6415313225058005
1064,1706,2770,0.6236811254396248
1040,1691,2731,0.6150206978119456
1084,1763,2847,0.6148610323312536
1206,1804,3010,0.6685144124168514
1128,1739,2867,0.6486486486486487
1078,1637,2715,0.6585216860109957
1193,1821,3014,0.6551345414607359
1071,1763,2834,0.6074872376630743
1177,1870,3047,0.6294117647058823
1050,1667,2717,0.629874025194961
1018,1782,2800,0.5712682379349046
1058,1746,2804,0.6059564719358533
1013,1851,2864,0.5472717450027013
1006,1657,2663,0.6071213035606517
1020,1673,2693,0.6096832038254633
958,1543,2501,0.6208684381075826
1121,1715,2836,0.6536443148688047
1012,1734,2746,0.5836216839677048
1030,1636,2666,0.6295843520782396
1164,1874,3038,0.6211312700106724
1070,1736,2806,0.6163594470046083
1132,1871,3003,0.6050240513094601
1081,1632,2713,0.6623774509803921
1046,1709,2755,0.6120538326506729
1241,1795,3036,0.6913649025069638
1036,1729,2765,0.5991902834008097
1122,1693,2815,0.6627288836385116
1112,1778,2890,0.625421822272216
1098,1701,2799,0.6455026455026455
1047,1579,2626,0.6630778974034199
1095,1812,2907,0.6043046357615894
1061,1701,2762,0.623750734861846
1148,1846,2994,0.6218851570964247
1090,1701,2791,0.6407995296884186
1167,1857,3024,0.6284329563812601
1066,1699,2765,0.6274278987639789
1063,1789,2852,0.5941866964784795
1148,1878,3026,0.6112886048988285
1027,1729,2756,0.5939849624060151
992,1706,2698,0.5814771395076201
1054,1745,2799,0.6040114613180516
1105,1704,2809,0.6484741784037559
905,1586,2491,0.5706179066834804
1178,1813,2991,0.6497517926089355
1134,1888,3022,0.600635593220339
1082,1822,2904,0.5938529088913282
1136,1835,2971,0.6190735694822889
1051,1668,2719,0.6300959232613909
1235,1800,3035,0.6861111111111111
1195,1798,2993,0.6646273637374861
1064,1733,2797,0.6139642238892095
1106,1745,2851,0.633810888252149
996,1765,2761,0.5643059490084986
988,1889,2877,0.5230280571731075
1100,1812,2912,0.6070640176600441
1062,1786,2848,0.5946248600223965
995,1692,2687,0.5880614657210402
1096,1734,2830,0.6320645905420992
1112,1615,2727,0.6885448916408669
1122,1758,2880,0.6382252559726962
1045,1700,2745,0.6147058823529412
1138,1834,2972,0.6205016357688113
1108,1884,2992,0.5881104033970276
1075,1765,2840,0.6090651558073654
1013,1800,2813,0.5627777777777778
959,1641,2600,0.5843997562461913
1089,1848,2937,0.5892857142857143
1058,1737,2795,0.6090961427748992
1015,1817,2832,0.5586130985140341
1012,1832,2844,0.5524017467248908
1067,1836,2903,0.5811546840958606
1034,1815,2849,0.5696969696969697
1031,1701,2732,0.606114050558495
1037,1804,2841,0.5748337028824834
1123,1778,2901,0.6316085489313836
1045,1778,2823,0.5877390326209224
1026,1832,2858,0.5600436681222707
1107,1855,2962,0.5967654986522911
1078,1735,2813,0.6213256484149856
1043,1708,2751,0.610655737704918
1031,1789,2820,0.5762996087199553
1103,1738,2841,0.6346375143843498
1160,1735,2895,0.6685878962536023
1067,1709,2776,0.6243417203042715
1085,1743,2828,0.6224899598393574
1066,1719,2785,0.6201279813845259
1103,1764,2867,0.6252834467120182
1122,1760,2882,0.6375
1051,1716,2767,0.6124708624708625
1084,1731,2815,0.6262276140958983
1008,1717,2725,0.5870704717530577
998,1622,2620,0.6152897657213316
1051,1904,2955,0.5519957983193278
1121,1722,2843,0.6509872241579558
1024,1749,2773,0.5854774156660949
1017,1616,2633,0.6293316831683168
1174,1580,2754,0.7430379746835443
1052,1669,2721,0.6303175554224086
1077,1749,2826,0.6157804459691252
937,1608,2545,0.5827114427860697
1046,1742,2788,0.600459242250287
1003,1704,2707,0.5886150234741784
1032,1592,2624,0.6482412060301508
1074,1726,2800,0.6222479721900348
1089,1867,2956,0.5832886984467059
1090,1813,2903,0.6012134583563155
1127,1814,2941,0.6212789415656009
1158,1820,2978,0.6362637362637362
1068,1779,2847,0.6003372681281619
1096,1699,2795,0.6450853443201884
1114,1868,2982,0.5963597430406852
1157,1892,3049,0.611522198731501
1080,1775,2855,0.6084507042253521
1068,1420,2488,0.752112676056338
1067,1823,2890,0.5852989577619309
1022,1745,2767,0.5856733524355301
988,1756,2744,0.5626423690205011
1099,1882,2981,0.5839532412327312
1049,1880,2929,0.5579787234042554
1135,1799,2934,0.6309060589216231
958,1714,2672,0.558926487747958
1058,1712,2770,0.6179906542056075
1040,1775,2815,0.5859154929577465
1060,1622,2682,0.6535141800246609
1085,1682,2767,0.6450653983353151
989,1696,2685,0.5831367924528302
1094,1826,2920,0.5991237677984665
1062,1826,2888,0.5815991237677984
1010,1698,2708,0.5948174322732627
900,1534,2434,0.5867014341590613
1081,1762,2843,0.6135073779795687
1105,1679,2784,0.658129839189994
783,1294,2077,0.6051004636785162
1024,1647,2671,0.6217364905889496
986,1659,2645,0.594333936106088
1000,1771,2771,0.564652738565782
1054,1683,2737,0.6262626262626263
1135,1771,2906,0.6408808582721626
1075,1731,2806,0.6210283073367996
1087,1714,2801,0.6341890315052509
1033,1784,2817,0.5790358744394619
1064,1627,2691,0.6539643515673018
994,1785,2779,0.5568627450980392
1049,1750,2799,0.5994285714285714
1032,1777,2809,0.5807540799099606
1003,1674,2677,0.5991636798088411
1008,1711,2719,0.5891291642314436
1058,1861,2919,0.5685115529285331
1053,1737,2790,0.6062176165803109
1064,1826,2890,0.5826944140197152
1006,1705,2711,0.5900293255131965
1059,1842,2901,0.5749185667752443
1018,1776,2794,0.5731981981981982
1002,1828,2830,0.5481400437636762
1120,1812,2932,0.6181015452538632
1101,1691,2792,0.6510940272028386
1143,1692,2835,0.675531914893617
1144,1683,2827,0.6797385620915033
1098,1743,2841,0.6299483648881239
1096,1747,2843,0.6273611906124785
1035,1718,2753,0.6024447031431898
1056,1647,2703,0.6411657559198543
1033,1405,2438,0.7352313167259786
1123,1704,2827,0.659037558685446
995,1639,2634,0.6070774862721171
1011,1772,2783,0.5705417607223476
1012,1798,2810,0.5628476084538376
1064,1745,2809,0.6097421203438396
857,1365,2222,0.6278388278388278
1071,1709,2780,0.6266822703335284
1010,1742,2752,0.5797933409873708
1077,1819,2896,0.5920835623969214
1017,1727,2744,0.5888824551244933
941,1454,2395,0.6471801925722146
1167,1683,2850,0.6934046345811051
1110,1811,2921,0.6129210381004969
1054,1577,2631,0.6683576410906785
1032,1804,2836,0.5720620842572062
1057,1846,2903,0.5725893824485374
1118,1685,2803,0.6635014836795252
1105,1583,2688,0.6980416929879975
969,1652,2621,0.5865617433414043
909,1551,2460,0.586073500967118
964,1736,2700,0.5552995391705069
997,1760,2757,0.5664772727272728
1036,1663,2699,0.6229705351773902
1024,1829,2853,0.5598687807545106
941,1765,2706,0.5331444759206799
983,1692,2675,0.5809692671394799
970,1698,2668,0.5712603062426383
1055,1781,2836,0.592363840539023
1010,1563,2573,0.6461932181701855
970,1358,2328,0.7142857142857143
1027,1629,2656,0.6304481276856968
1018,1580,2598,0.6443037974683544
1030,1657,2687,0.6216053108026554
1029,1690,2719,0.6088757396449704
1088,1790,2878,0.6078212290502794
1143,1942,3085,0.5885684860968075
1103,1651,2754,0.6680799515445185
1062,1736,2798,0.6117511520737328
1033,1881,2914,0.5491759702286018
1024,1741,2765,0.5881677197013211
1135,1806,2941,0.6284606866002215
1068,1787,2855,0.5976496922216005
1082,1748,2830,0.6189931350114416
958,1534,2492,0.6245110821382008
1093,1669,2762,0.6548831635710006
955,1458,2413,0.6550068587105624
1069,1735,2804,0.6161383285302594
1003,1711,2714,0.5862068965517241
1045,1887,2932,0.5537890832008479
999,1768,2767,0.5650452488687783
983,1699,2682,0.5785756327251325
1009,1756,2765,0.5746013667425968
1044,1635,2679,0.6385321100917432
1097,1630,2727,0.6730061349693252
1055,1614,2669,0.6536555142503098
1030,1802,2832,0.5715871254162043
1129,1721,2850,0.6560139453805927
1035,1782,2817,0.5808080808080808
934,1551,2485,0.6021921341070278
931,1606,2537,0.5797011207970112
1063,1855,2918,0.5730458221024258
911,1552,2463,0.5869845360824743
1059,1760,2819,0.6017045454545454
1023,1643,2666,0.6226415094339622
998,1739,2737,0.5738930419781484
1145,1789,2934,0.6400223588596982
1004,1670,2674,0.6011976047904192
1101,1770,2871,0.6220338983050847
1027,1724,2751,0.595707656612529
1067,1834,2901,0.5817884405670665
1009,1653,2662,0.6104053236539625
983,1539,2522,0.6387264457439896
997,1632,2629,0.6109068627450981
991,1876,2867,0.5282515991471215
1028,1858,2886,0.5532831001076426
941,1679,2620,0.5604526503871352
922,1651,2573,0.5584494245911569
1047,1812,2859,0.5778145695364238
1125,1805,2930,0.6232686980609419
1051,1753,2804,0.5995436394751854
1026,1677,2703,0.6118067978533095
1009,1844,2853,0.547180043383948
1038,1744,2782,0.5951834862385321
1103,1802,2905,0.6120976692563818
1050,1767,2817,0.5942275042444821
965,1760,2725,0.5482954545454546
1085,1643,2728,0.660377358490566
1067,1758,2825,0.6069397042093287
1017,1633,2650,0.6227801592161666
1093,1670,2763,0.6544910179640718
1026,1633,2659,0.6282914880587875
1106,1819,2925,0.6080263881253436
1010,1609,2619,0.6277190801740211
1139,1874,3013,0.6077908217716115
980,1801,2781,0.5441421432537479
993,1686,2679,0.5889679715302492
999,1550,2549,0.6445161290322581
1133,1833,2966,0.6181123840698309
995,1813,2808,0.5488141202426917
1027,1688,2715,0.6084123222748815
1046,1730,2776,0.6046242774566474
955,1735,2690,0.5504322766570605
1024,1678,2702,0.6102502979737783
1075,1785,2860,0.6022408963585434
989,1807,2796,0.5473159933591588
1018,1797,2815,0.5664997217584864
1071,1752,2823,0.6113013698630136
1052,1698,2750,0.6195524146054181
1018,1686,2704,0.6037959667852907
1088,1749,2837,0.6220697541452258
1024,1622,2646,0.6313193588162762
1068,1761,2829,0.606473594548552
1015,1338,2353,0.7585949177877429
1059,1635,2694,0.6477064220183486
1051,1665,2716,0.6312312312312313
1056,1369,2425,0.7713659605551497
1005,1637,2642,0.6139279169211973
950,1302,2252,0.7296466973886329
1086,1636,2722,0.6638141809290954
979,1560,2539,0.6275641025641026
1063,1651,2714,0.6438522107813447
1120,1803,2923,0.6211869107043816
1066,1731,2797,0.6158290005777007
976,1459,2435,0.6689513365318711
1115,1758,2873,0.6342434584755404
1027,1613,2640,0.6367017978921264
1163,1882,3045,0.6179596174282678
1136,1774,2910,0.6403607666290868
1046,1812,2858,0.5772626931567328
1070,1739,2809,0.6152961472110409
1062,1612,2674,0.6588089330024814
1198,1736,2934,0.6900921658986175
1119,1742,2861,0.6423650975889782
1144,1906,3050,0.6002098635886673
1031,1652,2683,0.62409200968523
1071,1743,2814,0.6144578313253012
1077,1642,2719,0.6559074299634592
1100,1591,2691,0.6913890634820867
1119,1772,2891,0.631489841986456
1128,1800,2928,0.6266666666666667
1147,1805,2952,0.6354570637119114
1076,1611,2687,0.6679081315952824
1099,1651,2750,0.6656571774682011
1104,1906,3010,0.5792235047219307
1074,1814,2888,0.5920617420066152
1139,1861,3000,0.6120365394948952
1044,1755,2799,0.5948717948717949
1060,1883,2943,0.562931492299522
1010,1563,2573,0.6461932181701855
1021,1852,2873,0.5512958963282938
1012,1583,2595,0.6392924826279217
1101,1631,2732,0.6750459840588596
991,1464,2455,0.6769125683060109
1102,1636,2738,0.6735941320293398
1041,1731,2772,0.6013864818024264
1102,1733,2835,0.6358915175995383
1104,1815,2919,0.6082644628099173
1027,1722,2749,0.5963995354239257
1049,1674,2723,0.6266427718040621
1060,1652,2712,0.6416464891041163
1064,1747,2811,0.6090440755580996
1087,1663,2750,0.6536380036079374
1049,1605,2654,0.653582554517134
1102,1798,2900,0.6129032258064516
1030,1729,2759,0.5957200694042799
1065,1747,2812,0.609616485403549
1011,1535,2546,0.6586319218241042
1055,1708,2763,0.6176814988290398
1048,1527,2575,0.6863130320890635
1033,1527,2560,0.676489849377865
1052,1623,2675,0.6481823783117683
1079,1681,2760,0.6418798334324807
1077,1504,2581,0.7160904255319149
1019,1660,2679,0.613855421686747
1236,1824,3060,0.6776315789473685
965,1458,2423,0.6618655692729767
1038,1668,2706,0.6223021582733813
1130,1633,2763,0.6919779546846295
1096,1863,2959,0.5882984433709071
1027,1639,2666,0.62660158633313
1059,1549,2608,0.683666881859264
1068,1564,2632,0.6828644501278772
1116,1768,2884,0.6312217194570136
1019,1748,2767,0.5829519450800915
981,1549,2530,0.6333118140735958
1046,1833,2879,0.5706492089470813
1072,1724,2796,0.6218097447795824
1076,1763,2839,0.6103233125354509
1097,1582,2679,0.6934260429835651
1085,1778,2863,0.610236220472441
1032,1801,2833,0.5730149916712938
1008,1756,2764,0.5740318906605922
1098,1828,2926,0.600656455142232
1008,1712,2720,0.5887850467289719
1053,1741,2794,0.604824813325675
1031,1758,2789,0.5864618885096701
1043,1798,2841,0.5800889877641824
1050,1701,2751,0.6172839506172839
1051,1789,2840,0.5874790385690329
1087,1712,2799,0.634929906542056
1079,1792,2871,0.6021205357142857
1039,1684,2723,0.6169833729216152
939,1637,2576,0.5736102626756261
1178,1811,2989,0.650469353948095
1050,1825,2875,0.5753424657534246
973,1702,2675,0.5716803760282021
1008,1686,2694,0.597864768683274
1078,1782,2860,0.6049382716049383
1047,1746,2793,0.5996563573883161
1021,1644,2665,0.6210462287104623
1069,1729,2798,0.6182764603817236
1075,1825,2900,0.589041095890411
1052,1825,2877,0.5764383561643835
1003,1716,2719,0.5844988344988346
958,1693,2651,0.5658594211458948
881,1715,2596,0.5137026239067055
994,1709,2703,0.5816266822703335
1009,1694,2703,0.5956316410861865
927,1786,2713,0.5190369540873461
1089,1767,2856,0.6162988115449916
1008,1742,2750,0.5786452353616532
1088,1769,2857,0.6150367439231204
1069,1824,2893,0.5860745614035088
1014,1794,2808,0.5652173913043478
1056,1840,2896,0.5739130434782609
928,1581,2509,0.5869702719797596
1066,1646,2712,0.6476306196840826
1067,1690,2757,0.6313609467455621
1040,1571,2611,0.6619987269255252
1107,1651,2758,0.6705027256208359
1014,1524,2538,0.6653543307086615
1132,1664,2796,0.6802884615384616
1040,1481,2521,0.7022282241728561
1000,1759,2759,0.5685048322910745
1089,1648,2737,0.6608009708737864
969,1657,2626,0.5847917923958962
938,1773,2711,0.5290468133107727
1083,1754,2837,0.6174458380843786
1068,1725,2793,0.6191304347826087
1089,1558,2647,0.6989730423620025
1038,1685,2723,0.6160237388724036
1064,1563,2627,0.6807421625079975
952,1635,2587,0.582262996941896
970,1743,2713,0.5565117613310384
1089,1774,2863,0.6138669673055243
948,1647,2595,0.575591985428051
983,1614,2597,0.6090458488228006
947,1589,2536,0.5959723096286973
1052,1656,2708,0.6352657004830918
1049,1724,2773,0.6084686774941995
981,1547,2528,0.6341305753070459
885,1529,2414,0.578809679529104
921,1605,2526,0.5738317757009346
924,1651,2575,0.5596608116293156
938,1791,2729,0.5237297599106644
1143,1898,3041,0.6022128556375131
1081,1681,2762,0.6430696014277216
1032,1892,2924,0.5454545454545454
1038,1893,2931,0.5483359746434231
959,1737,2696,0.5521013241220495
1006,1777,2783,0.566122678671919
1081,1834,2915,0.589422028353326
1044,1847,2891,0.5652409312398484
902,1802,2704,0.5005549389567148
923,1709,2632,0.540081919251024
995,1799,2794,0.5530850472484714
1000,1767,2767,0.5659309564233164
1114,1780,2894,0.6258426966292134
928,1827,2755,0.5079365079365079
938,1759,2697,0.5332575326890279
1024,1832,2856,0.5589519650655022
942,1654,2596,0.5695284159613059
1032,1775,2807,0.5814084507042253
887,1629,2516,0.5445058317986495
970,1784,2754,0.5437219730941704
1033,1756,2789,0.5882687927107062
1050,1486,2536,0.7065948855989233
1040,1667,2707,0.623875224955009
1107,1710,2817,0.6473684210526316
997,1811,2808,0.5505245720596356
1051,1628,2679,0.6455773955773956
1090,1666,2756,0.6542617046818727
1086,1672,2758,0.6495215311004785
1145,1783,2928,0.6421761076836792
1016,1735,2751,0.5855907780979827
1001,1639,2640,0.610738255033557
997,1710,2707,0.5830409356725146
1095,1686,2781,0.6494661921708185
1035,1587,2622,0.6521739130434783
1131,1651,2782,0.6850393700787402
1011,1648,2659,0.6134708737864077
1039,1710,2749,0.6076023391812866
1022,1622,2644,0.6300863131935882
1019,1644,2663,0.6198296836982968
1103,1517,2620,0.7270929466051417
1051,1740,2791,0.6040229885057471
1055,1594,2649,0.6618569636135508
962,1617,2579,0.5949288806431664
990,1756,2746,0.5637813211845103
1032,1717,2749,0.6010483401281305
1192,1794,2986,0.6644370122630993
1066,1770,2836,0.6022598870056497
1084,1740,2824,0.6229885057471264
1003,1611,2614,0.6225946617008069
1040,1781,2821,0.583941605839416
1033,1727,2760,0.5981470758540822
943,1702,2645,0.5540540540540541
978,1739,2717,0.562392179413456
1080,1874,2954,0.576307363927428
975,1638,2613,0.5952380952380952
971,1726,2697,0.5625724217844728
1065,1707,2772,0.6239015817223199
1031,1772,2803,0.5818284424379232
1039,1779,2818,0.5840359752670039
1020,1692,2712,0.6028368794326241
1043,1767,2810,0.590265987549519
1080,1719,2799,0.6282722513089005
1079,1780,2859,0.6061797752808988
1033,1660,2693,0.6222891566265061
1036,1784,2820,0.5807174887892377
1026,1567,2593,0.6547543075941289
1012,1658,2670,0.6103739445114595
1024,1583,2607,0.6468730259001895
1026,1498,2524,0.684913217623498
1059,1547,2606,0.6845507433742728
1035,1724,2759,0.6003480278422274
1055,1643,2698,0.6421180766889836
1024,1577,2601,0.6493341788205453
986,1417,2403,0.6958362738179252
1013,1556,2569,0.6510282776349614
977,1582,2559,0.6175726927939317
956,1639,2595,0.5832824893227577
1052,1741,2793,0.6042504307869041
1078,1636,2714,0.6589242053789731
962,1724,2686,0.5580046403712297
1017,1744,2761,0.5831422018348624
979,1707,2686,0.5735207967193907
1002,1740,2742,0.5758620689655173
1028,1802,2830,0.5704772475027747
986,1710,2696,0.5766081871345029
1028,1668,2696,0.6163069544364509
1003,1701,2704,0.5896531452087007
1057,1741,2798,0.6071223434807582
973,1615,2588,0.6024767801857586
980,1709,2689,0.5734347571679345
928,1598,2526,0.5807259073842302
987,1759,2746,0.5611142694712905
1026,1735,2761,0.5913544668587897
1021,1584,2605,0.6445707070707071
1044,1717,2761,0.6080372743156669
989,1737,2726,0.5693724812895797
1055,1660,2715,0.6355421686746988
1021,1530,2551,0.6673202614379085
908,1478,2386,0.6143437077131259
1111,1818,2929,0.6111111111111112
1046,1618,2664,0.646477132262052
1074,1769,2843,0.6071226681741096
984,1724,2708,0.5707656612529002
944,1780,2724,0.5303370786516854
1015,1850,2865,0.5486486486486486
890,1705,2595,0.5219941348973607
962,1590,2552,0.6050314465408805
977,1560,2537,0.6262820512820513
948,1374,2322,0.6899563318777293
1033,1347,2380,0.7668893838158871
1058,1629,2687,0.6494782074892572
1053,1523,2576,0.6913985554826001
1004,1747,2751,0.5746994848311391
1068,1669,2737,0.639904134212103
1064,1421,2485,0.7487684729064039
1071,1475,2546,0.7261016949152542
1151,1683,2834,0.6838978015448604
1101,1747,2848,0.6302232398397253
972,1422,2394,0.6835443037974683
979,1582,2561,0.6188369152970923
963,1835,2798,0.5247956403269755
1018,1824,2842,0.5581140350877193
1017,1665,2682,0.6108108108108108
1123,1716,2839,0.6544289044289044
949,1697,2646,0.559222156747201
1063,1668,2731,0.6372901678657075
956,1467,2423,0.6516700749829584
888,1443,2331,0.6153846153846154
893,1674,2567,0.533452807646356
972,1658,2630,0.586248492159228
954,1173,2127,0.8132992327365729
542,724,1266,0.7486187845303868
839,1006,1845,0.8339960238568589
989,1791,2780,0.5522054718034618
1075,1635,2710,0.6574923547400612
939,1664,2603,0.5643028846153846
965,1761,2726,0.5479840999432141
907,1613,2520,0.5623062616243025
973,1683,2656,0.5781342840166369
987,1760,2747,0.5607954545454545
993,1770,2763,0.5610169491525424
955,1728,2683,0.5526620370370371
979,1770,2749,0.5531073446327683
1028,1748,2776,0.5881006864988558
1095,1696,2791,0.6456367924528302
1059,1737,2796,0.6096718480138169
926,1533,2459,0.604044357469015
971,1807,2778,0.5373547315993359
933,1406,2339,0.6635846372688478
884,1542,2426,0.5732814526588845
943,1915,2858,0.4924281984334203
1007,1813,2820,0.5554329840044125
994,1559,2553,0.63758819756254
994,1581,2575,0.6287160025300442
943,1606,2549,0.587173100871731
1019,1717,2736,0.5934769947582994
1000,1678,2678,0.5959475566150179
1058,1714,2772,0.617269544924154
995,1528,2523,0.6511780104712042
943,1535,2478,0.6143322475570032
979,1619,2598,0.6046942557134033
1003,1623,2626,0.6179913739987677
1063,1642,2705,0.6473812423873325
978,1620,2598,0.6037037037037037
1041,1491,2532,0.6981891348088531
1010,1630,2640,0.6196319018404908
996,1704,2700,0.5845070422535211
1070,1609,2679,0.6650093225605966
965,1677,2642,0.5754323196183662
931,1486,2417,0.626514131897712
969,1752,2721,0.553082191780822
968,1852,2820,0.5226781857451404
975,1637,2612,0.5956017104459377
1010,1681,2691,0.6008328375966686
1015,1626,2641,0.6242312423124231
1016,1671,2687,0.6080191502094554
1029,1654,2683,0.6221281741233373
895,1660,2555,0.5391566265060241
1037,1686,2723,0.6150652431791221
916,1564,2480,0.5856777493606138
952,1668,2620,0.5707434052757794
945,1609,2554,0.5873213175885643
1068,1690,2758,0.6319526627218935
1004,1677,2681,0.5986881335718545
981,1683,2664,0.5828877005347594
1004,1651,2655,0.6081162931556632
910,1692,2602,0.5378250591016549
1009,1669,2678,0.6045536249251049
1016,1676,2692,0.6062052505966588
980,1682,2662,0.582639714625446
941,1725,2666,0.5455072463768116
1004,1650,2654,0.6084848484848485
1007,1660,2667,0.6066265060240964
927,1655,2582,0.5601208459214502
962,1562,2524,0.615877080665813
971,1599,2570,0.6072545340838024
963,1806,2769,0.5332225913621262
993,1811,2804,0.5483158475980121
982,1545,2527,0.6355987055016181
981,1711,2692,0.5733489187609585
1103,1868,2971,0.5904710920770878
1003,1700,2703,0.59
903,1620,2523,0.5574074074074075
940,1546,2486,0.6080206985769728
960,1697,2657,0.5657041838538598
1030,1724,2754,0.5974477958236659
915,1555,2470,0.5884244372990354
927,1652,2579,0.5611380145278451
1066,1642,2708,0.6492082825822169
1066,1566,2632,0.6807151979565773
1096,1663,2759,0.6590499098015634
1067,1564,2631,0.6822250639386189
999,1707,2706,0.5852372583479789
1050,1689,2739,0.6216696269982238
1031,1571,2602,0.6562698917886697
1012,1653,2665,0.6122202056866304
1036,1734,2770,0.5974625144175317
904,1495,2399,0.6046822742474917
954,1487,2441,0.6415601882985877
988,1675,2663,0.5898507462686567
974,1203,2177,0.8096425602660017
932,1567,2499,0.5947670708359923
1089,1722,2811,0.632404181184669
1119,1886,3005,0.5933191940615058
966,1507,2473,0.6410086264100863
1010,1671,2681,0.604428485936565
963,1764,2727,0.5459183673469388
1045,1803,2848,0.5795895729339989
965,1517,2482,0.6361239288068556
898,1698,2596,0.5288574793875147
901,1718,2619,0.5244470314318975
1021,1658,2679,0.6158021712907117
979,1673,2652,0.5851763299462044
940,1445,2385,0.6505190311418685
1125,1834,2959,0.6134133042529989
999,1671,2670,0.5978456014362658
1028,1779,2807,0.5778527262507026
1057,1629,2686,0.6488643339472069
1033,1857,2890,0.5562735595045772
1117,1802,2919,0.6198668146503885
1103,1783,2886,0.6186203028603477
927,1579,2506,0.5870804306523116
1041,1701,2742,0.6119929453262787
937,1576,2513,0.5945431472081218
984,1446,2430,0.6804979253112033
1102,1859,2961,0.5927918235610543
988,1626,2614,0.6076260762607626
993,1800,2793,0.5516666666666666
1028,1664,2692,0.6177884615384616
909,1622,2531,0.5604192355117139
955,1678,2633,0.569129916567342
1013,1746,2759,0.5801832760595648
1096,1705,2801,0.6428152492668622
941,1452,2393,0.6480716253443526
742,1317,2059,0.5634016704631739
955,1694,2649,0.5637544273907911
1060,1698,2758,0.624263839811543
849,1268,2117,0.669558359621451
1039,1691,2730,0.6144293317563572
881,1699,2580,0.51854031783402
753,1479,2232,0.5091277890466531
822,1372,2194,0.5991253644314869
908,1456,2364,0.6236263736263736
955,1551,2506,0.6157317859445519
970,1338,2308,0.7249626307922272
975,1531,2506,0.6368386675375571
1115,1480,2595,0.7533783783783784
1013,1747,2760,0.5798511734401832
1101,1377,2478,0.7995642701525054
1151,1692,2843,0.6802600472813238
863,1130,1993,0.763716814159292
1083,1612,2695,0.6718362282878412
967,1620,2587,0.5969135802469135
967,1532,2499,0.631201044386423
1055,1626,2681,0.6488314883148831
1063,1329,2392,0.799849510910459
961,1582,2543,0.6074589127686473
1036,1559,2595,0.6645285439384221
947,1693,2640,0.5593620791494389
975,1368,2343,0.7127192982456141
1037,1655,2692,0.6265861027190333
1008,1522,2530,0.6622864651773982
965,1663,2628,0.5802766085387854
1039,1725,2764,0.6023188405797102
1046,1701,2747,0.6149323927101705
1001,1634,2635,0.6126070991432069
926,1413,2339,0.6553432413305025
959,1704,2663,0.562793427230047
985,1756,2741,0.5609339407744874
1057,1780,2837,0.5938202247191011
959,1427,2386,0.6720392431674842
956,1465,2421,0.6525597269624573
939,1536,2475,0.611328125
982,1412,2394,0.6954674220963173
993,1556,2549,0.6381748071979434
867,1471,2338,0.5893949694085656
936,1629,2565,0.574585635359116
993,1521,2514,0.6528599605522682
1023,1679,2702,0.6092912447885647
952,1622,2574,0.5869297163995068
1067,1903,2970,0.5606936416184971
889,1541,2430,0.5768981181051266
1037,1524,2561,0.6804461942257218
1009,1723,2732,0.5856065002901916
990,1612,2602,0.6141439205955335
1018,1567,2585,0.6496490108487556
985,1432,2417,0.6878491620111732
1041,1516,2557,0.6866754617414248
995,1679,2674,0.5926146515783204
914,1159,2073,0.7886108714408974
949,1463,2412,0.6486671223513328
1219,1764,2983,0.6910430839002267
920,1606,2526,0.572851805728518
1026,1647,2673,0.6229508196721312
1021,1639,2660,0.6229408175716901
999,1676,2675,0.5960620525059666
1011,1719,2730,0.5881326352530541
1001,1800,2801,0.5561111111111111
1045,1801,2846,0.5802332037756802
932,1717,2649,0.5428072218986605
991,1675,2666,0.5916417910447761
908,1453,2361,0.6249139710942877
1117,1926,3043,0.5799584631360333
990,1579,2569,0.6269791006966434
850,1390,2240,0.6115107913669064
1023,1500,2523,0.682
1030,1649,2679,0.624620982413584
890,1485,2375,0.5993265993265994
1060,1519,2579,0.6978275181040158
869,1590,2459,0.5465408805031446
994,1714,2708,0.5799299883313885
1033,1785,2818,0.5787114845938376
921,1735,2656,0.530835734870317
1185,1848,3033,0.6412337662337663
1144,1793,2937,0.6380368098159509
1062,1689,2751,0.6287744227353463
1004,1624,2628,0.6182266009852216
1051,1679,2730,0.6259678379988088
860,1370,2230,0.6277372262773723
951,1396,2347,0.6812320916905444
1030,1751,2781,0.5882352941176471
951,1603,2554,0.5932626325639426
895,1546,2441,0.5789133247089263
942,1660,2602,0.5674698795180723
968,1536,2504,0.6302083333333334
1094,1686,2780,0.6488730723606169
993,1517,2510,0.6545814106789717
931,1488,2419,0.6256720430107527
906,1689,2595,0.5364120781527532
959,1565,2524,0.612779552715655
1017,1747,2764,0.5821408128219805
927,1643,2570,0.5642118076688983
982,1683,2665,0.5834818775995246
1006,1687,2693,0.5963248369887374
991,1672,2663,0.5927033492822966
995,1810,2805,0.5497237569060773
1077,1752,2829,0.6147260273972602
999,1568,2567,0.6371173469387755
972,1664,2636,0.5841346153846154
896,1555,2451,0.5762057877813505
976,1683,2659,0.5799168152109329
956,1762,2718,0.5425652667423383
1013,1789,2802,0.5662381218557854
998,1720,2718,0.5802325581395349
869,1522,2391,0.5709592641261498
974,1713,2687,0.5685931115002919
1042,1783,2825,0.5844083006169377
1114,1797,2911,0.6199220923761826
919,1536,2455,0.5983072916666666
1016,1557,2573,0.6525369299935774
939,1785,2724,0.5260504201680672
875,1662,2537,0.52647412755716
924,1723,2647,0.5362739408009286
1079,1736,2815,0.6215437788018433
865,1280,2145,0.67578125
938,1597,2535,0.5873512836568566
990,1631,2621,0.6069895769466584
1014,1594,2608,0.6361355081555834
1248,1894,3142,0.6589229144667371
1106,1622,2728,0.6818742293464858
1080,1633,2713,0.6613594611145132
1052,1512,2564,0.6957671957671958
1073,1614,2687,0.6648079306071871
999,1600,2599,0.624375
1116,1702,2818,0.6556991774383079
1047,1620,2667,0.6462962962962963
1039,1659,2698,0.6262808921036769
1010,1683,2693,0.6001188354129531
1000,1512,2512,0.6613756613756614
980,1672,2652,0.5861244019138756
1027,1668,2695,0.6157074340527577
997,1533,2530,0.6503587736464449
965,1605,2570,0.6012461059190031
928,1583,2511,0.5862286797220467
854,1613,2467,0.5294482331060136
962,1684,2646,0.5712589073634204
1032,1735,2767,0.5948126801152738
902,1596,2498,0.5651629072681704
931,1599,2530,0.5822388993120701
979,1596,2575,0.6134085213032582
969,1756,2725,0.5518223234624146
925,1499,2424,0.6170780520346898
992,1692,2684,0.5862884160756501
1024,1643,2667,0.6232501521606817
978,1636,2614,0.597799511002445
1009,1446,2455,0.6977869986168741
1011,1634,2645,0.6187270501835985
959,1563,2522,0.6135636596289188
1006,1631,2637,0.6167995095033721
990,1499,2489,0.6604402935290193
938,1585,2523,0.5917981072555205
953,1561,2514,0.6105060858424087
944,1569,2513,0.6016571064372211
998,1608,2606,0.6206467661691543
989,1502,2491,0.6584553928095872
899,1674,2573,0.5370370370370371
1052,1545,2597,0.6809061488673139
996,1539,2535,0.6471734892787524
966,1580,2546,0.6113924050632912
997,1583,2580,0.6298168035375868
982,1508,2490,0.6511936339522546
839,1450,2289,0.5786206896551724
1032,1703,2735,0.6059894304169113
935,1586,2521,0.5895334174022698
1014,1654,2668,0.6130592503022975
974,1641,2615,0.5935405240706886
926,1816,2742,0.5099118942731278
803,1487,2290,0.5400134498991258
960,1602,2562,0.599250936329588
910,1416,2326,0.6426553672316384
918,1676,2594,0.5477326968973747
955,1600,2555,0.596875
876,1495,2371,0.585953177257525
1045,1694,2739,0.6168831168831169
954,1678,2632,0.5685339690107271
1052,1768,2820,0.5950226244343891
934,1648,2582,0.566747572815534
1029,1553,2582,0.6625885383129427
928,1628,2556,0.5700245700245701
1066,1780,2846,0.5988764044943821
984,1676,2660,0.5871121718377088
884,1288,2172,0.6863354037267081
1027,1609,2636,0.6382846488502175
1013,1731,2744,0.585210860774119
1033,1653,2686,0.6249243799153055
1044,1723,2767,0.6059199071387116
1064,1706,2770,0.6236811254396248
1029,1627,2656,0.6324523663183774
1065,1694,2759,0.6286894923258559
1059,1609,2668,0.6581727781230577
998,1667,2665,0.5986802639472105
1050,1606,2656,0.6537982565379825
1097,1799,2896,0.6097832128960534
1013,1704,2717,0.5944835680751174
1082,1803,2885,0.6001109262340544
964,1700,2664,0.5670588235294117
989,1621,2610,0.6101172115977791
1479,2236,3715,0.6614490161001789
1250,2695,3945,0.4638218923933209
865,1575,2440,0.5492063492063493
817,1218,2035,0.6707717569786535
760,1308,2068,0.581039755351682
881,1572,2453,0.5604325699745547
861,1489,2350,0.5782404298186703
912,1386,2298,0.658008658008658
754,1299,2053,0.5804464973056197
806,1311,2117,0.6147978642257819
873,1421,2294,0.6143560872624912
1011,1528,2539,0.6616492146596858
844,1645,2489,0.5130699088145897
889,1516,2405,0.5864116094986808
795,1486,2281,0.5349932705248991
767,1282,2049,0.5982839313572543
827,1302,2129,0.6351766513056836
789,1485,2274,0.5313131313131313
739,1359,2098,0.5437821927888153
843,1473,2316,0.5723014256619144
815,1337,2152,0.6095736724008975
823,1609,2432,0.5114978247358608
983,1807,2790,0.5439955727725512
850,1334,2184,0.6371814092953523
948,1775,2723,0.5340845070422535
841,1494,2335,0.5629183400267738
913,1574,2487,0.5800508259212198
824,1587,2411,0.5192186515437933
774,1312,2086,0.5899390243902439
799,1481,2280,0.5395003376097232
853,1497,2350,0.569806279225117
843,1521,2364,0.5542406311637081
831,1440,2271,0.5770833333333333
744,1346,2090,0.5527488855869243
781,1414,2195,0.5523338048090524
1031,1771,2802,0.5821569734613213
770,1366,2136,0.5636896046852123
844,1385,2229,0.6093862815884477
865,1613,2478,0.5362678239305642
1004,1760,2764,0.5704545454545454
824,1384,2208,0.5953757225433526
1023,1531,2554,0.6681907250163291
961,1482,2443,0.6484480431848852
867,1413,2280,0.613588110403397
927,1614,2541,0.5743494423791822
780,1535,2315,0.50814332247557
1033,1730,2763,0.5971098265895953
781,1278,2059,0.6111111111111112
1004,1706,2710,0.5885111371629543
733,1187,1920,0.6175231676495366
864,1436,2300,0.6016713091922006
864,1213,2077,0.7122835943940643
921,1711,2632,0.538281706604325
912,1736,2648,0.5253456221198156
952,1807,2759,0.5268400664084117
952,1529,2481,0.6226291693917593
524,921,1445,0.5689467969598263
1021,1840,2861,0.5548913043478261
845,1355,2200,0.6236162361623616
934,1509,2443,0.6189529489728297
877,1490,2367,0.5885906040268456
972,1663,2635,0.5844858689116055
938,1360,2298,0.6897058823529412
792,1475,2267,0.5369491525423729
863,1390,2253,0.620863309352518
787,1355,2142,0.5808118081180812
986,1592,2578,0.6193467336683417
825,1499,2324,0.5503669112741828
815,1462,2277,0.5574555403556771
860,1814,2674,0.474090407938258
905,1717,2622,0.5270821199767035
674,1207,1881,0.5584092792046396
806,1760,2566,0.4579545454545454
1010,1552,2562,0.6507731958762887
960,1646,2606,0.583232077764277
876,1440,2316,0.6083333333333333
1022,1643,2665,0.6220328667072429
915,1388,2303,0.659221902017291
954,1440,2394,0.6625
952,1680,2632,0.5666666666666667
996,1584,2580,0.6287878787878788
972,1581,2553,0.6148007590132827
896,1521,2417,0.589086127547666
818,1442,2260,0.5672676837725381
869,1260,2129,0.6896825396825397
932,1705,2637,0.5466275659824047
934,1614,2548,0.5786864931846345
954,1739,2693,0.5485911443358252
973,1696,2669,0.5737028301886793
996,1903,2899,0.5233841303205465
861,1582,2443,0.5442477876106194
967,1687,2654,0.5732068761114404
991,1705,2696,0.5812316715542521
1001,1508,2509,0.6637931034482759
966,1658,2624,0.5826296743063932
840,1553,2393,0.5408886027044431
952,1748,2700,0.5446224256292906
843,1298,2141,0.6494607087827426
1062,1818,2880,0.5841584158415841
977,1618,2595,0.603831891223733
982,1826,2808,0.5377875136911281
810,1623,2433,0.499075785582255
835,1319,2154,0.6330553449583017
845,1611,2456,0.5245189323401613
645,1415,2060,0.4558303886925795
859,1555,2414,0.5524115755627009
1084,1651,2735,0.6565717746820109
936,1576,2512,0.5939086294416244
982,1401,2383,0.7009279086366881
1079,1774,2853,0.6082299887260428
902,1537,2439,0.586857514638907
765,1105,1870,0.6923076923076923
991,1798,2789,0.5511679644048944
1012,1727,2739,0.5859872611464968
1005,1581,2586,0.635673624288425
832,1485,2317,0.5602693602693603
936,1589,2525,0.5890497168030208
598,958,1556,0.6242171189979123
919,1645,2564,0.5586626139817629
1021,1662,2683,0.6143200962695547
765,1519,2284,0.5036208031599737
737,1382,2119,0.5332850940665702
743,1482,2225,0.5013495276653172
1078,1644,2722,0.6557177615571776
946,1572,2518,0.6017811704834606
519,841,1360,0.6171224732461356
989,1682,2671,0.5879904875148633
938,1603,2541,0.5851528384279476
983,1798,2781,0.5467185761957731
825,1489,2314,0.5540631296171927
953,1733,2686,0.5499134448932487
891,1596,2487,0.5582706766917294
985,1483,2468,0.6641942009440324
625,1067,1692,0.5857544517338332
926,1693,2619,0.5469580626107502
838,1582,2420,0.5297092288242731
946,1529,2475,0.6187050359712231
928,1616,2544,0.5742574257425742
984,1691,2675,0.5819041986989947
954,1672,2626,0.5705741626794258
833,1697,2530,0.4908662345315262
961,1482,2443,0.6484480431848852
676,1104,1780,0.6123188405797102
951,1634,2585,0.5820073439412484
1028,1642,2670,0.6260657734470159
904,1588,2492,0.5692695214105793
836,1531,2367,0.5460483344219464
559,1003,1562,0.5573280159521435
676,1327,2003,0.5094197437829691
882,1523,2405,0.5791201575837164
920,1627,2547,0.5654578979717271
935,1501,2436,0.6229180546302465
890,1673,2563,0.5319784817692768
975,1665,2640,0.5855855855855856
821,1489,2310,0.5513767629281396
918,1408,2326,0.6519886363636364
983,1765,2748,0.5569405099150142
741,1556,2297,0.4762210796915167
821,1602,2423,0.5124843945068664
859,1488,2347,0.5772849462365591
985,1732,2717,0.5687066974595842
833,1514,2347,0.5501981505944518
932,1410,2342,0.6609929078014184
644,1159,1803,0.5556514236410699
814,1596,2410,0.5100250626566416
831,1616,2447,0.5142326732673267
992,1750,2742,0.5668571428571428
958,1731,2689,0.5534373194685153
879,1503,2382,0.5848303393213573
920,1617,2537,0.5689548546691404
941,1553,2494,0.60592401802962
801,1239,2040,0.6464891041162227
784,1418,2202,0.5528913963328632
1149,1830,2979,0.6278688524590164
774,1357,2131,0.5703758290346352
879,1525,2404,0.5763934426229508
895,1520,2415,0.5888157894736842
1041,1752,2793,0.5941780821917808
819,1241,2060,0.6599516518936341
833,1465,2298,0.5686006825938567
826,1249,2075,0.6613290632506005
965,1507,2472,0.6403450564034505
1048,1773,2821,0.5910885504794134
771,1376,2147,0.5603197674418605
937,1737,2674,0.5394358088658607
900,1466,2366,0.6139154160982264
826,1478,2304,0.5588633288227334
935,1664,2599,0.5618990384615384
907,1695,2602,0.5351032448377581
930,1624,2554,0.5726600985221675
762,1410,2172,0.5404255319148936
931,1647,2578,0.5652701882210079
916,1631,2547,0.5616186388718577
989,1589,2578,0.6224040276903713
856,1548,2404,0.5529715762273901
1042,1735,2777,0.6005763688760807
976,1496,2472,0.6524064171122995
799,1273,2072,0.6276512175962293
1086,1648,2734,0.6589805825242718
989,1592,2581,0.6212311557788944
1069,1980,3049,0.5398989898989899
803,1568,2371,0.5121173469387755
895,1647,2542,0.5434122647237402
903,1767,2670,0.5110356536502547
831,1276,2107,0.6512539184952978
1008,1660,2668,0.6072289156626506
953,1573,2526,0.6058486967577876
910,1380,2290,0.6594202898550725
898,1548,2446,0.5801033591731266
927,1591,2518,0.5826524198617222
887,1681,2568,0.5276621058893516
900,1581,2481,0.5692599620493358
838,1637,2475,0.5119120342089187
963,1598,2561,0.6026282853566959
995,1625,2620,0.6123076923076923
824,1575,2399,0.5231746031746032
1037,1717,2754,0.6039603960396039
940,1746,2686,0.5383734249713631
1046,1720,2766,0.608139534883721
858,1398,2256,0.6137339055793991
906,1535,2441,0.5902280130293159
945,1650,2595,0.5727272727272728
1046,1634,2680,0.6401468788249693
830,1564,2394,0.530690537084399
762,1320,2082,0.5772727272727273
1004,1598,2602,0.6282853566958698
834,1374,2208,0.6069868995633187
998,1689,2687,0.590882178804026
991,1731,2722,0.5725014442518775
1148,1855,3003,0.6188679245283019
945,1629,2574,0.580110497237569
835,1322,2157,0.6316187594553706
1006,1542,2548,0.6523994811932555
882,1444,2326,0.610803324099723
986,1669,2655,0.5907729179149191
827,1483,2310,0.5576534052596089
989,1571,2560,0.6295353278166773
1064,1765,2829,0.6028328611898017
960,1822,2782,0.5268935236004391
885,1604,2489,0.5517456359102244
974,1696,2670,0.5742924528301887
1022,1559,2581,0.6555484284797948
1019,1691,2710,0.602602010644589
832,1327,2159,0.6269781461944235
873,1379,2252,0.6330674401740392
991,1649,2640,0.600970285021225
723,1335,2058,0.5415730337078651
925,1600,2525,0.578125
886,1390,2276,0.637410071942446
840,1379,2219,0.6091370558375635
978,1424,2402,0.6867977528089888
998,1752,2750,0.569634703196347
965,1748,2713,0.5520594965675057
835,1604,2439,0.520573566084788
929,1626,2555,0.5713407134071341
969,1746,2715,0.5549828178694158
1135,1971,3106,0.5758498224251649
803,1370,2173,0.5861313868613138
934,1697,2631,0.5503830288744844
655,1084,1739,0.6042435424354243
957,1671,2628,0.5727109515260324
983,1653,2636,0.5946763460375075
975,1715,2690,0.5685131195335277
1033,1849,2882,0.5586803677663602
782,1431,2213,0.546470999301188
1017,1785,2802,0.5697478991596638
1007,1681,2688,0.5990481856038072
1001,1735,2736,0.5769452449567724
707,1366,2073,0.5175695461200586
1030,1824,2854,0.5646929824561403
1001,1706,2707,0.5867526377491208
964,1689,2653,0.5707519242155121
861,1498,2359,0.5747663551401869
751,1240,1991,0.6056451612903225
1127,1742,2869,0.6469575200918485
1054,1726,2780,0.6106604866743917
1010,1553,2563,0.6503541532517708
958,1598,2556,0.5994993742177722
1048,1756,2804,0.5968109339407744
820,1719,2539,0.477021524141943
782,1227,2009,0.6373268133659332
932,1578,2510,0.5906210392902408
971,1583,2554,0.6133922931143398
960,1553,2513,0.6181584030907921
869,1479,2348,0.5875591615956728
964,1685,2649,0.572106824925816
853,1601,2454,0.532792004996877
1049,1775,2824,0.5909859154929578
919,1568,2487,0.5860969387755102
1034,1829,2863,0.5653362493165665
818,1427,2245,0.5732305536089699
1106,1836,2942,0.6023965141612201
978,1675,2653,0.5838805970149253
947,1743,2690,0.5433161216293746
982,1801,2783,0.5452526374236535
941,1701,2642,0.5532039976484421
819,1513,2332,0.5413086582947786
811,1384,2195,0.5859826589595376
971,1784,2755,0.5442825112107623
975,1591,2566,0.6128221244500315
1088,1806,2894,0.602436323366556
828,1437,2265,0.5762004175365344
907,1535,2442,0.5908794788273616
1083,1770,2853,0.611864406779661
1011,1601,2612,0.6314803247970019
731,1131,1862,0.6463306808134395
1018,1597,2615,0.6374452097683156
1071,1608,2679,0.6660447761194029
862,1348,2210,0.6394658753709199
1043,1633,2676,0.6387017758726271
906,1648,2554,0.5497572815533981
919,1579,2498,0.5820139328689043
696,1123,1819,0.6197684772929652
979,1705,2684,0.5741935483870968
921,1470,2391,0.6265306122448979
851,1449,2300,0.5873015873015873
919,1553,2472,0.5917578879587895
1025,1673,2698,0.6126718469814704
999,1593,2592,0.6271186440677966
934,1578,2512,0.5918884664131813
941,1393,2334,0.6755204594400575
889,1358,2247,0.654639175257732
1074,1696,2770,0.6332547169811321
880,1461,2341,0.6023271731690623
1002,1618,2620,0.619283065512979
1020,1594,2614,0.6398996235884568
898,1644,2542,0.5462287104622872
864,1542,2406,0.5603112840466926
828,1603,2431,0.5165315034310668
887,1441,2328,0.6155447605829285
708,1291,1999,0.5484120836560805
1084,1699,2783,0.6380223660977046
817,1157,1974,0.7061365600691444
747,1315,2062,0.5680608365019011
788,1560,2348,0.5051282051282051
1004,1652,2656,0.6077481840193705
851,1607,2458,0.5295581829495956
913,1464,2377,0.6236338797814208
810,1460,2270,0.5547945205479452
922,1660,2582,0.555421686746988
823,1616,2439,0.5092821782178217
952,1706,2658,0.5580304806565064
1008,1597,2605,0.6311834690043833
855,1272,2127,0.6721698113207547
822,1449,2271,0.567287784679089
861,1371,2232,0.6280087527352297
593,1178,1771,0.5033955857385399
597,956,1553,0.6244769874476988
1006,1703,2709,0.5907222548443922
805,1478,2283,0.5446549391069012
860,1276,2136,0.6739811912225705
899,1600,2499,0.561875
1044,1705,2749,0.612316715542522
747,1570,2317,0.475796178343949
1007,1694,2701,0.5944510035419126
818,1484,2302,0.5512129380053908
912,1590,2502,0.5735849056603773
610,1360,1970,0.4485294117647059
774,1308,2082,0.591743119266055
895,1678,2573,0.533373063170441
784,1311,2095,0.5980167810831426
1000,1613,2613,0.6199628022318661
758,1502,2260,0.5046604527296937
718,1068,1786,0.6722846441947565
849,1335,2184,0.6359550561797753
1004,1707,2711,0.5881663737551259
690,1483,2173,0.4652730950775455
866,1517,2383,0.5708635464733026
604,986,1590,0.6125760649087221
738,1300,2038,0.5676923076923077
1099,1779,2878,0.6177627880831928
686,1197,1883,0.5730994152046783
1094,1790,2884,0.6111731843575419
542,848,1390,0.6391509433962265
773,1187,1960,0.6512215669755687
469,784,1253,0.5982142857142857
1084,1669,2753,0.6494907130017975
912,1632,2544,0.5588235294117647
1076,1663,2739,0.6470234515935057
563,1085,1648,0.5188940092165899
858,1536,2394,0.55859375
1024,1645,2669,0.6224924012158055
758,1574,2332,0.4815756035578145
1075,1703,2778,0.631238990017616
884,1476,2360,0.5989159891598916
1165,1812,2977,0.6429359823399559
830,1383,2213,0.6001446131597975
1037,1702,2739,0.6092831962397179
899,1769,2668,0.5081967213114754
1127,1791,2918,0.6292573981016192
915,1746,2661,0.5240549828178694
748,1546,2294,0.4838292367399741
988,1674,2662,0.5902031063321386
820,1355,2175,0.6051660516605166
1065,1561,2626,0.6822549647661755
923,1723,2646,0.5356935577481138
1027,1608,2635,0.638681592039801
776,1401,2177,0.5538900785153462
947,1703,2650,0.5560775102759835
779,1465,2244,0.531740614334471
1017,1678,2695,0.6060786650774732
669,1416,2085,0.4724576271186441
844,1489,2333,0.5668233713901948
1101,1594,2695,0.6907151819322459
875,1652,2527,0.5296610169491526
920,1672,2592,0.5502392344497608
816,1400,2216,0.5828571428571429
1156,1704,2860,0.6784037558685446
791,1372,2163,0.576530612244898
1001,1390,2391,0.7201438848920864
937,1517,2454,0.6176664469347396
1073,1648,2721,0.6510922330097088
637,1366,2003,0.4663250366032211
898,1559,2457,0.5760102629890955
923,1552,2475,0.5947164948453608
691,1446,2137,0.4778699861687414
916,1679,2595,0.5455628350208458
714,1311,2025,0.5446224256292906
1056,1740,2796,0.6068965517241379
895,1654,2549,0.5411124546553809
970,1668,2638,0.5815347721822542
811,1453,2264,0.5581555402615279
1035,1807,2842,0.5727725511898174
715,1385,2100,0.516245487364621
850,1426,2276,0.5960729312762973
1037,1783,2820,0.5816040381379697
871,1803,2674,0.483083749306711
1044,1781,2825,0.5861875350926445
859,1576,2435,0.5450507614213198
838,1297,2135,0.646106399383192
890,1805,2695,0.4930747922437673
1045,1688,2733,0.6190758293838863
805,1532,2337,0.5254569190600522
996,1836,2832,0.5424836601307189
638,1131,1769,0.5641025641025641
912,1679,2591,0.5431804645622395
848,1571,2419,0.5397835773392744
859,1648,2507,0.5212378640776699
916,1646,2562,0.5565006075334143
787,1437,2224,0.5476687543493389
910,1817,2727,0.5008255365987893
893,1620,2513,0.5512345679012346
972,1634,2606,0.594859241126071
1004,1864,2868,0.5386266094420601
716,1417,2133,0.5052928722653494
629,1264,1893,0.497626582278481
971,1882,2853,0.5159404888416578
938,1737,2675,0.5400115141047783
1009,1806,2815,0.5586932447397563
879,1664,2543,0.5282451923076923
815,1518,2333,0.5368906455862977
873,1656,2529,0.5271739130434783
918,1613,2531,0.569125852448853
912,1497,2409,0.6092184368737475
935,1737,2672,0.5382843983880253
947,1625,2572,0.5827692307692308
975,1565,2540,0.6230031948881789
591,1197,1788,0.4937343358395989
917,1504,2421,0.6097074468085106
759,1406,2165,0.5398293029871978
850,1623,2473,0.5237215033887862
882,1595,2477,0.5529780564263322
821,1345,2166,0.6104089219330855
806,1285,2091,0.6272373540856031
844,1493,2337,0.565304755525787
854,1474,2328,0.5793758480325645
820,1516,2336,0.5408970976253298
835,1343,2178,0.6217423678332092
759,1546,2305,0.4909443725743855
906,1578,2484,0.5741444866920152
987,1502,2489,0.6571238348868176
798,1371,2169,0.5820568927789934
778,1516,2294,0.5131926121372031
874,1353,2227,0.6459719142645972
819,1570,2389,0.521656050955414
901,1668,2569,0.540167865707434
852,1661,2513,0.5129440096327513
931,1731,2662,0.5378393991912189
720,1482,2202,0.48582995951417
633,1209,1842,0.5235732009925558
890,1645,2535,0.541033434650456
493,1185,1678,0.4160337552742616
824,1550,2374,0.5316129032258065
836,1627,2463,0.5138291333743086
833,1586,2419,0.5252206809583859
927,1506,2433,0.6155378486055777
1000,1747,2747,0.5724098454493417
969,1729,2698,0.5604395604395604
830,1353,2183,0.6134515890613451
925,1659,2584,0.5575647980711271
727,1502,2229,0.4840213049267643
1020,1772,2792,0.5756207674943566
788,1337,2125,0.5893792071802543
883,1453,2336,0.6077081899518239
925,1525,2450,0.6065573770491803
938,1444,2382,0.649584487534626
932,1581,2513,0.5895003162555345
1037,1794,2831,0.5780379041248607
866,1500,2366,0.5773333333333334
806,1628,2434,0.4950859950859951
765,1477,2242,0.5179417738659445
750,1354,2104,0.5539143279172821
886,1760,2646,0.5034090909090909
873,1414,2287,0.6173974540311173
928,1501,2429,0.6182544970019986
853,1582,2435,0.5391908975979772
789,1457,2246,0.5415236787920384
796,1362,2158,0.5844346549192364
761,1466,2227,0.5190995907230559
685,1281,1966,0.5347384855581577
696,1352,2048,0.514792899408284
973,1774,2747,0.54847801578354
642,1338,1980,0.4798206278026906
696,1272,1968,0.5471698113207547
852,1480,2332,0.5756756756756757
939,1643,2582,0.5715155203895314
643,1351,1994,0.4759437453737972
764,1345,2109,0.5680297397769517
806,1158,1964,0.696027633851468
778,1328,2106,0.5858433734939759
1044,1534,2578,0.6805736636245111
789,1530,2319,0.515686274509804
974,1692,2666,0.5756501182033097
784,1308,2092,0.599388379204893
551,1114,1665,0.4946140035906642
768,1459,2227,0.5263879369431117
736,1319,2055,0.5579984836997726
742,1307,2049,0.5677123182861515
805,1463,2268,0.5502392344497608
811,1555,2366,0.5215434083601286
850,1554,2404,0.546975546975547
691,1294,1985,0.5340030911901081
677,1253,1930,0.5403032721468476
974,1597,2571,0.6098935504070131
741,1412,2153,0.5247875354107648
836,1531,2367,0.5460483344219464
822,1152,1974,0.7135416666666666
794,1473,2267,0.5390359809911744
758,1404,2162,0.5398860398860399
779,1302,2081,0.598310291858679
842,1414,2256,0.5954738330975955
858,1523,2381,0.5633617859487853
762,1352,2114,0.5636094674556213
673,1231,1904,0.5467099918765231
750,1281,2031,0.585480093676815
850,1368,2218,0.6213450292397661
855,1519,2374,0.5628703094140882
766,1526,2292,0.5019659239842726
778,1436,2214,0.541782729805014
707,1202,1909,0.5881863560732113
731,1327,2058,0.5508666164280331
800,1455,2255,0.5498281786941581
654,1419,2073,0.4608879492600423
705,1376,2081,0.5123546511627907
795,1430,2225,0.5559440559440559
755,1401,2156,0.5389007851534618
1348,1634,2982,0.824969400244798
1733,2122,3855,0.8166823751178134
1468,1907,3375,0.7697954902988988
1340,2042,3382,0.6562193927522038
1619,1773,3392,0.913141567963903
1595,2122,3717,0.7516493873704053
1221,1714,2935,0.7123687281213535
1627,2248,3875,0.7237544483985765
1411,1788,3199,0.7891498881431768
1676,2238,3914,0.7488829311885612
1623,2281,3904,0.7115300306882946
1267,1681,2948,0.7537180249851279
1414,1968,3382,0.7184959349593496
1423,1866,3289,0.762593783494105
1340,1935,3275,0.6925064599483204
1262,1817,3079,0.6945514584479912
1814,2021,3835,0.8975754576942108
1460,1830,3290,0.7978142076502732
1530,2271,3801,0.6737120211360634
1760,2249,4009,0.7825700311249444
1517,2191,3708,0.6923779096303058
1843,2151,3994,0.8568107856810786
1609,2310,3919,0.6965367965367966
1565,1956,3521,0.8001022494887525
1799,2246,4045,0.800979519145147
1487,2340,3827,0.6354700854700854
1270,1627,2897,0.7805777504609711
1656,2393,4049,0.6920183869619724
1671,2031,3702,0.8227474150664698
1264,1624,2888,0.7783251231527094
1258,1466,2724,0.8581173260572987
1733,2248,3981,0.7709074733096085
1675,2409,4084,0.6953092569530925
1642,2332,3974,0.7041166380789022
1768,2272,4040,0.778169014084507
1235,1283,2518,0.9625876851130164
1402,1973,3375,0.7105930055752661
1455,1698,3153,0.8568904593639576
1530,2256,3786,0.6781914893617021
1725,2362,4087,0.7303132938187976
1528,2038,3566,0.7497546614327772
1440,1893,3333,0.7606973058637084
1539,2193,3732,0.7017783857729138
1233,1769,3002,0.6970039570378745
1603,2010,3613,0.7975124378109453
1583,1991,3574,0.7950778503264692
805,853,1658,0.943728018757327
932,1561,2493,0.5970531710442024
1374,1187,2561,1.1575400168491996
1034,1722,2756,0.6004645760743321
627,846,1473,0.7411347517730497
1149,1685,2834,0.6818991097922849
1217,1569,2786,0.775653282345443
1219,1678,2897,0.7264600715137068
1588,2209,3797,0.7188773200543233
666,1097,1763,0.6071103008204193
1366,2313,3679,0.5905750108084739
923,1376,2299,0.6707848837209303
1007,1421,2428,0.7086558761435608
1515,2055,3570,0.7372262773722628
908,1556,2464,0.583547557840617
1130,1825,2955,0.6191780821917808
989,1642,2631,0.6023142509135201
944,1678,2622,0.5625744934445769
957,1542,2499,0.6206225680933852
958,1701,2659,0.5631981187536743
960,1589,2549,0.604153555695406
1028,1814,2842,0.5667034178610805
933,1526,2459,0.6114023591087812
1050,1684,2734,0.6235154394299287
1200,1980,3180,0.6060606060606061
962,1673,2635,0.5750149432157801
1066,1683,2749,0.6333927510398099
937,1665,2602,0.5627627627627627
807,1380,2187,0.5847826086956521
992,1569,2561,0.6322498406628426
927,1702,2629,0.5446533490011751
1075,1765,2840,0.6090651558073654
1191,1990,3181,0.5984924623115578
958,1679,2637,0.570577724836212
834,1354,2188,0.6159527326440177
1592,2215,3807,0.7187358916478556
1272,1764,3036,0.7210884353741497
1512,2060,3572,0.7339805825242719
1252,1664,2916,0.7524038461538461
1083,1518,2601,0.7134387351778656
1241,1714,2955,0.7240373395565928
1205,1620,2825,0.7438271604938271
1546,2182,3728,0.7085242896425298
1295,1754,3049,0.7383124287343216
1743,2351,4094,0.7413866439812845
1120,1502,2622,0.7456724367509987
1396,1976,3372,0.7064777327935222
1317,1711,3028,0.7697253068381064
1526,2053,3579,0.7433024841695081
1525,2139,3664,0.7129499766245909
1285,1783,3068,0.7206954570947841
1472,2022,3494,0.7279920870425322
1296,1802,3098,0.7192008879023307
1344,1809,3153,0.7429519071310116
1512,2017,3529,0.7496281606346058
1321,1891,3212,0.698572184029614
1576,2095,3671,0.7522673031026254
1607,2023,3630,0.7943648047454276
1252,1596,2848,0.7844611528822055
1559,2028,3587,0.7687376725838264
1301,1645,2946,0.7908814589665654
1189,1579,2768,0.7530082330588981
1653,2097,3750,0.7882689556509299
1078,1512,2590,0.7129629629629629
1373,1850,3223,0.7421621621621621
1148,1636,2784,0.7017114914425427
1744,2217,3961,0.7866486242670275
1056,1382,2438,0.76410998552822
1099,1600,2699,0.686875
1321,1843,3164,0.7167661421595225
1804,2216,4020,0.8140794223826715
1110,1633,2743,0.6797305572565829
1123,1653,2776,0.6793708408953418
1248,1748,2996,0.7139588100686499
1138,1542,2680,0.7380025940337225
1254,1721,2975,0.7286461359674608
1160,1650,2810,0.703030303030303
1136,1559,2695,0.7286722257857601
1178,1741,2919,0.6766226306720275
1067,1618,2685,0.6594561186650185
1129,1672,2801,0.6752392344497608
1086,1560,2646,0.6961538461538461
1136,1631,2767,0.6965052115266708
800,1257,2057,0.6364359586316627
1004,1636,2640,0.6136919315403423
1306,1886,3192,0.6924708377518558
1570,2172,3742,0.7228360957642725
1358,1844,3202,0.7364425162689805
1399,1917,3316,0.7297861241523214
1227,1692,2919,0.725177304964539
1849,2103,3952,0.8792201616737993
1855,2133,3988,0.8696671354899203
1704,2109,3813,0.8079658605974396
1782,2125,3907,0.8385882352941176
1733,2084,3817,0.831573896353167
1670,2157,3827,0.7742234585071859
1854,2225,4079,0.8332584269662922
1713,2230,3943,0.7681614349775785
1691,2352,4043,0.7189625850340136
1796,1959,3755,0.9167942827973456
1630,2363,3993,0.6898011002962336
1760,2132,3892,0.8255159474671669
814,1225,2039,0.6644897959183673
1685,2077,3762,0.8112662493981705
1529,1608,3137,0.9508706467661692
1487,1843,3330,0.806836679327184
1707,2322,4029,0.7351421188630491
1645,2277,3922,0.7224418093983311
1605,2031,3636,0.7902511078286558
2175,1811,3986,1.2009939260077305
1791,1860,3651,0.9629032258064516
1620,1704,3324,0.9507042253521126
1897,2194,4091,0.8646308113035551
1625,2077,3702,0.7823784304285026
1816,2249,4065,0.8074699866607381
1849,2243,4092,0.8243423985733392
1700,2337,4037,0.727428326914848
1702,2243,3945,0.7588051716451182
1541,1827,3368,0.8434592227695676
1696,2078,3774,0.8161693936477382
1835,2080,3915,0.8822115384615384
1858,2222,4080,0.8361836183618362
1742,1852,3594,0.9406047516198704
749,1221,1970,0.6134316134316135
1538,2498,4036,0.6156925540432346
1552,2543,4095,0.6103027919779788
1546,2536,4082,0.6096214511041009
1389,2272,3661,0.6113556338028169
1395,2164,3559,0.6446395563770795
1465,2251,3716,0.6508218569524655
1480,2333,3813,0.6343763394770682
1539,2217,3756,0.6941813261163735
1477,2348,3825,0.629045996592845
1466,2378,3844,0.616484440706476
1650,2409,4059,0.684931506849315
1628,2448,4076,0.6650326797385621
1551,2214,3765,0.7005420054200542
1574,2309,3883,0.6816803811173668
1514,2496,4010,0.6065705128205128
1598,2178,3776,0.7337006427915519
1543,2376,3919,0.6494107744107744
1647,2362,4009,0.6972904318374259
1702,2361,4063,0.7208809826344769
1569,2517,4086,0.6233611442193087
1368,2394,3762,0.5714285714285714
1475,2465,3940,0.5983772819472617
1477,2519,3996,0.5863437872171496
1542,2515,4057,0.6131212723658052
1586,2350,3936,0.6748936170212766
1533,2370,3903,0.6468354430379747
1471,2419,3890,0.6081025217031831
1482,2415,3897,0.613664596273292
1358,2309,3667,0.5881333910783889
1410,2062,3472,0.6838021338506305
1543,2369,3912,0.651329674968341
1377,2267,3644,0.6074106749007498
1521,2182,3703,0.6970669110907425
1510,2392,3902,0.6312709030100334
1553,2467,4020,0.6295095257397649
1418,2465,3883,0.5752535496957404
1577,2470,4047,0.6384615384615384
1445,2429,3874,0.5948950185261425
1489,2162,3651,0.6887141535615171
1407,2517,3924,0.5589988081048868
1492,2453,3945,0.6082348145128414
1515,2395,3910,0.6325678496868476
535,922,1457,0.5802603036876356
1441,2324,3765,0.6200516351118761
1456,2191,3647,0.6645367412140575
1541,2477,4018,0.6221235365361324
998,1591,2589,0.6272784412319296
620,970,1590,0.6391752577319587
1606,2051,3657,0.7830326669917114
1070,1336,2406,0.8008982035928144
1453,1592,3045,0.9126884422110552
899,959,1858,0.9374348279457768
1191,1882,3073,0.6328374070138151
949,1347,2296,0.7045285820341499
732,1234,1966,0.593192868719611
715,929,1644,0.7696447793326158
935,1164,2099,0.8032646048109966
885,1387,2272,0.6380677721701514
525,1251,1776,0.4196642685851319
1566,2057,3623,0.7613028682547399
1162,1680,2842,0.6916666666666667
1504,1996,3500,0.7535070140280561
1587,2167,3754,0.732348869404707
814,1238,2052,0.6575121163166397
1279,1971,3250,0.6489091831557585
717,1436,2153,0.4993036211699164
1600,2427,4027,0.6592501030078286
1044,1647,2691,0.6338797814207651
1412,2144,3556,0.6585820895522388
314,451,765,0.6962305986696231
362,574,936,0.6306620209059234
59,78,137,0.7564102564102564
309,349,658,0.8853868194842407
200,220,420,0.9090909090909092
1119,1621,2740,0.690314620604565
1545,1952,3497,0.7914959016393442
1622,2291,3913,0.7079877782627674
1293,1886,3179,0.6855779427359491
1701,1929,3630,0.8818040435458787
1251,2412,3663,0.5186567164179104
1818,2086,3904,0.8715244487056567
1183,1687,2870,0.7012448132780082
1208,1784,2992,0.6771300448430493
1459,2088,3547,0.6987547892720306
1094,1948,3042,0.5616016427104723
1261,1649,2910,0.7647058823529411
1060,1689,2749,0.6275902901124926
1186,1540,2726,0.7701298701298701
1018,1401,2419,0.7266238401142041
1173,1742,2915,0.6733639494833524
1178,1755,2933,0.6712250712250712
1074,1706,2780,0.6295427901524033
1030,1695,2725,0.6076696165191741
1166,1716,2882,0.6794871794871795
1034,1661,2695,0.6225165562913907
1061,1890,2951,0.5613756613756614
984,1520,2504,0.6473684210526316
1024,1569,2593,0.6526449968132568
1140,1609,2749,0.7085146053449347
1147,1589,2736,0.7218376337319069
1210,1770,2980,0.6836158192090396
1099,1698,2797,0.6472320376914017
1083,1804,2887,0.6003325942350333
1153,1798,2951,0.6412680756395995
1288,1771,3059,0.7272727272727273
1187,1831,3018,0.6482796286182414
831,1308,2139,0.6353211009174312
1120,1676,2796,0.6682577565632458
1108,1751,2859,0.6327812678469446
1152,1850,3002,0.6227027027027027
1031,1743,2774,0.591508892713712
1203,1827,3030,0.6584564860426929
1212,1825,3037,0.6641095890410958
1158,1816,2974,0.6376651982378855
1135,1731,2866,0.6556903523974581
1251,1734,2985,0.7214532871972318
1124,1494,2618,0.7523427041499331
1063,1850,2913,0.5745945945945946
1153,1749,2902,0.6592338479130933
1166,1711,2877,0.6814728229105786
1135,1604,2739,0.7076059850374065
1173,1677,2850,0.6994633273703041
1089,1564,2653,0.6962915601023018
1190,1753,2943,0.6788362806617227
1268,1687,2955,0.7516301126259632
1239,1766,3005,0.70158550396376
1268,1770,3038,0.7163841807909604
1124,1560,2684,0.7205128205128205
1045,1768,2813,0.5910633484162896
1158,1678,2836,0.6901072705601907
759,1257,2016,0.60381861575179
1103,1660,2763,0.6644578313253012
1185,1670,2855,0.7095808383233533
1183,1834,3017,0.6450381679389313
1008,1481,2489,0.6806212018906145
1022,1440,2462,0.7097222222222223
1210,1755,2965,0.6894586894586895
1017,1758,2775,0.5784982935153583
1056,1553,2609,0.6799742433998712
1006,1681,2687,0.5984533016061868
1104,1367,2471,0.8076079005120702
1171,1443,2614,0.8115038115038115
1275,1736,3011,0.7344470046082949
1131,1652,2783,0.6846246973365617
1227,1660,2887,0.7391566265060241
1179,1482,2661,0.7955465587044535
1156,1683,2839,0.6868686868686869
1215,1828,3043,0.6646608315098468
1162,1662,2824,0.6991576413959085
1163,1724,2887,0.6745939675174014
1101,1820,2921,0.6049450549450549
1208,1710,2918,0.7064327485380117
1142,1656,2798,0.6896135265700483
1238,1825,3063,0.6783561643835616
1156,1749,2905,0.6609491137793024
1316,1796,3112,0.732739420935412
1150,1706,2856,0.6740914419695193
1231,1815,3046,0.6782369146005509
1222,1854,3076,0.6591154261057174
1131,1557,2688,0.7263969171483622
1140,1725,2865,0.6608695652173913
1114,1613,2727,0.6906385616862988
1033,1457,2490,0.7089910775566232
984,1551,2535,0.6344294003868471
1071,1613,2684,0.6639801611903285
1059,1701,2760,0.6225749559082893
1162,1672,2834,0.6949760765550239
1077,1784,2861,0.6036995515695067
1033,1762,2795,0.5862656072644722
1050,1815,2865,0.5785123966942148
1035,1785,2820,0.5798319327731093
1205,1923,3128,0.6266250650026001
988,1461,2449,0.676249144421629
1044,1767,2811,0.5908319185059423
1234,1900,3134,0.6494736842105263
1202,1846,3048,0.6511375947995667
1208,1821,3029,0.6633717737506865
1065,1372,2437,0.7762390670553936
1218,1709,2927,0.7126974839087186
1170,1553,2723,0.7533805537669027
1225,1659,2884,0.7383966244725738
1109,1575,2684,0.7041269841269842
994,1532,2526,0.6488250652741514
1102,1527,2629,0.7216764898493778
1187,1772,2959,0.6698645598194131
1280,1841,3121,0.6952743074416078
1171,1718,2889,0.6816065192083819
1109,1673,2782,0.6628810520023909
1273,1762,3035,0.7224744608399546
1149,1749,2898,0.6569468267581475
1242,1636,2878,0.7591687041564792
1252,1696,2948,0.7382075471698113
1221,1617,2838,0.7551020408163265
1058,1605,2663,0.659190031152648
1069,1829,2898,0.5844723892837617
1128,1537,2665,0.7338972023422251
1221,1676,2897,0.7285202863961814
1196,1629,2825,0.7341927562922038
1174,1693,2867,0.6934435912581217
1234,1781,3015,0.6928691746209994
1222,1825,3047,0.6695890410958905
1160,1658,2818,0.6996381182147166
1218,1705,2923,0.7143695014662756
1221,1698,2919,0.7190812720848057
1165,1670,2835,0.6976047904191617
1073,1757,2830,0.6107000569151964
1247,1778,3025,0.7013498312710911
1239,1804,3043,0.6868070953436807
1118,1495,2613,0.7478260869565218
1226,1640,2866,0.7475609756097561
1229,1758,2987,0.699089874857793
1104,1506,2610,0.7330677290836654
1288,1788,3076,0.7203579418344519
1189,1770,2959,0.6717514124293785
1270,1814,3084,0.7001102535832414
1209,1754,2963,0.6892816419612314
1090,1692,2782,0.6442080378250591
1207,1789,2996,0.674678591391839
758,1130,1888,0.6707964601769911
1115,1468,2583,0.7595367847411444
1230,1704,2934,0.721830985915493
1188,1669,2857,0.7118034751348112
1110,1557,2667,0.7129094412331407
1090,1570,2660,0.6942675159235668
1191,1423,2614,0.8369641602248771
1050,1542,2592,0.6809338521400778
1188,1707,2895,0.6959578207381371
1116,1849,2965,0.6035694970254192
1194,1630,2824,0.7325153374233129
1012,1601,2613,0.63210493441599
1048,1603,2651,0.6537741734248285
1221,1874,3095,0.651547491995731
1170,1744,2914,0.6708715596330275
1135,1608,2743,0.7058457711442786
1013,1398,2411,0.7246065808297568
937,1156,2093,0.8105536332179931
1070,1521,2591,0.7034845496383958
1167,1697,2864,0.6876841484973483
954,1557,2511,0.6127167630057804
1068,1661,2729,0.6429861529199278
1067,1458,2525,0.7318244170096022
1225,1650,2875,0.7424242424242424
1011,1337,2348,0.7561705310396409
1268,1745,3013,0.7266475644699141
1209,1565,2774,0.7725239616613419
1375,1850,3225,0.7432432432432432
1202,1696,2898,0.7087264150943396
1224,1572,2796,0.7786259541984732
1323,1816,3139,0.7285242290748899
1085,1725,2810,0.6289855072463768
1335,1703,3038,0.7839107457428068
1210,1605,2815,0.7538940809968847
1239,1618,2857,0.7657601977750309
1303,1806,3109,0.721483942414175
1275,1764,3039,0.7227891156462585
1289,1775,3064,0.7261971830985916
1172,1732,2904,0.6766743648960739
1136,1671,2807,0.6798324356672651
1183,1726,2909,0.6853997682502897
1154,1444,2598,0.7991689750692521
958,1528,2486,0.6269633507853403
1193,1728,2921,0.6903935185185185
1217,1637,2854,0.7434331093463653
1181,1843,3024,0.6408030385241454
1144,1408,2552,0.8125
1093,1350,2443,0.8096296296296296
1359,1917,3276,0.7089201877934272
1230,1718,2948,0.7159487776484285
1087,1545,2632,0.7035598705501618
1042,1480,2522,0.7040540540540541
1135,1662,2797,0.6829121540312876
1070,1567,2637,0.6828334396936822
1092,1447,2539,0.7546648237733241
1016,1386,2402,0.733044733044733
1335,1662,2997,0.8032490974729242
1285,1860,3145,0.6908602150537635
1134,1603,2737,0.7074235807860262
1207,1710,2917,0.7058479532163743
1225,1759,2984,0.6964184195565662
1219,1697,2916,0.718326458456099
1156,1564,2720,0.7391304347826086
1206,1774,2980,0.6798196166854565
1094,1580,2674,0.6924050632911393
1296,1801,3097,0.719600222098834
1150,1557,2707,0.7385998715478485
1169,1762,2931,0.6634506242905789
1193,1695,2888,0.703834808259587
1213,1721,2934,0.704822777454968
1254,1758,3012,0.7133105802047781
1168,1741,2909,0.6708788052843193
1299,1833,3132,0.7086743044189853
1203,1678,2881,0.7169249106078666
1034,1414,2448,0.7312588401697313
1075,1791,2866,0.6002233389168062
1175,1645,2820,0.7142857142857143
1137,1575,2712,0.7219047619047619
1274,1686,2960,0.7556346381969158
1121,1529,2650,0.7331589274035317
1280,1794,3074,0.7134894091415831
1175,1681,2856,0.6989886972040452
1263,1797,3060,0.7028380634390651
1186,1624,2810,0.7302955665024631
1059,1451,2510,0.729841488628532
1246,1667,2913,0.7474505098980204
988,1539,2527,0.6419753086419753
1106,1941,3047,0.5698093766099949
1137,1832,2969,0.6206331877729258
1220,1710,2930,0.7134502923976608
1223,1621,2844,0.7544725478099938
1188,1672,2860,0.7105263157894737
1268,1796,3064,0.7060133630289532
1201,1838,3039,0.6534276387377584
1177,1592,2769,0.739321608040201
1095,1453,2548,0.7536132140399174
1283,1880,3163,0.6824468085106383
1253,1787,3040,0.7011751538891998
1140,1818,2958,0.6270627062706271
1152,1567,2719,0.7351627313337588
1113,1643,2756,0.6774193548387096
1233,1633,2866,0.7550520514390692
1182,1693,2875,0.6981689308919079
1142,1584,2726,0.7209595959595959
1220,1742,2962,0.7003444316877153
1042,1451,2493,0.7181254307374225
1063,1559,2622,0.6818473380372033
1171,1641,2812,0.7135892748324193
1056,1760,2816,0.6
1165,1596,2761,0.7299498746867168
1352,1811,3163,0.7465488680287135
1159,1584,2743,0.7316919191919192
1182,1713,2895,0.6900175131348512
1126,1753,2879,0.6423274386765545
1137,1643,2780,0.6920267802799757
1136,1600,2736,0.71
1188,1695,2883,0.7008849557522124
1075,1493,2568,0.7200267916945747
1193,1602,2795,0.7446941323345818
971,1562,2533,0.6216389244558259
1139,1528,2667,0.7454188481675392
1246,1719,2965,0.7248400232693426
1201,1743,2944,0.6890418818129661
1149,1536,2685,0.748046875
1192,1698,2890,0.702002355712603
1063,1581,2644,0.67235926628716
1137,1787,2924,0.6362618914381645
1171,1677,2848,0.6982707215265355
1098,1673,2771,0.6563060370591751
1100,1633,2733,0.6736068585425597
999,1460,2459,0.6842465753424658
1191,1723,2914,0.6912362159024956
1099,1825,2924,0.6021917808219178
1171,1742,2913,0.6722158438576349
1160,1526,2686,0.7601572739187418
1169,1756,2925,0.6657175398633257
1190,1893,3083,0.6286318013734813
1140,1612,2752,0.707196029776675
1223,1767,2990,0.6921335597057159
1327,1861,3188,0.7130574959699086
1136,1673,2809,0.6790197250448297
1022,1860,2882,0.5494623655913978
1085,1540,2625,0.7045454545454546
1116,1602,2718,0.6966292134831461
1056,1568,2624,0.673469387755102
1188,1772,2960,0.6704288939051919
1207,1670,2877,0.7227544910179641
1036,1429,2465,0.7249825052484254
1227,1660,2887,0.7391566265060241
1103,1906,3009,0.5786988457502623
1120,1724,2844,0.6496519721577726
1223,1824,3047,0.6705043859649122
996,1621,2617,0.6144355336212215
1337,1833,3170,0.729405346426623
1193,1613,2806,0.7396156230626162
1213,1624,2837,0.7469211822660099
1272,1757,3029,0.723961297666477
1203,1802,3005,0.667591564927858
1250,1807,3057,0.6917542888765911
1108,1676,2784,0.6610978520286396
1074,1584,2658,0.678030303030303
988,1490,2478,0.6630872483221476
1060,1613,2673,0.657160570365778
944,1545,2489,0.6110032362459547
1083,1687,2770,0.6419679905157084
1078,1645,2723,0.6553191489361702
1160,1644,2804,0.7055961070559611
1134,1642,2776,0.6906211936662606
1035,1698,2733,0.6095406360424028
1065,1626,2691,0.6549815498154982
1187,1841,3028,0.6447582835415535
928,1477,2405,0.6283006093432634
964,1409,2373,0.6841731724627396
1205,1792,2997,0.6724330357142857
1175,1856,3031,0.6330818965517241
1239,1821,3060,0.6803953871499177
979,1424,2403,0.6875
1164,1808,2972,0.6438053097345132
1212,1790,3002,0.6770949720670391
1318,1975,3293,0.6673417721518987
1019,1546,2565,0.6591203104786546
1186,1786,2972,0.6640537513997761
1187,1831,3018,0.6482796286182414
1233,1808,3041,0.6819690265486725
1194,1750,2944,0.6822857142857143
1101,1846,2947,0.5964247020585048
1153,1747,2900,0.659988551803091
1226,1789,3015,0.6852990497484628
1127,1629,2756,0.6918354818907305
1106,1622,2728,0.6818742293464858
1061,1621,2682,0.6545342381246144
1142,1694,2836,0.6741440377804014
1183,1732,2915,0.6830254041570438
1140,1634,2774,0.6976744186046512
1164,1648,2812,0.7063106796116505
1073,1684,2757,0.6371733966745843
1117,1588,2705,0.7034005037783375
1225,1885,3110,0.649867374005305
1106,1610,2716,0.6869565217391305
1109,1719,2828,0.6451425247236765
1034,1701,2735,0.6078777189888301
1025,1677,2702,0.6112104949314252
1172,1704,2876,0.687793427230047
1197,1856,3053,0.6449353448275862
1112,1726,2838,0.6442641946697567
1128,1778,2906,0.6344206974128234
1081,1669,2750,0.6476932294787298
1100,1693,2793,0.6497341996455995
1047,1783,2830,0.5872125630959057
1097,1690,2787,0.649112426035503
1061,1561,2622,0.6796925048046124
1003,1533,2536,0.6542726679712981
1091,1697,2788,0.642899233942251
1211,1870,3081,0.6475935828877005
1219,1779,2998,0.6852164137155705
1176,1753,2929,0.6708499714774672
1265,1826,3091,0.6927710843373494
1198,1848,3046,0.6482683982683982
1091,1777,2868,0.6139561057962859
1112,1822,2934,0.610318331503842
1144,1783,2927,0.6416152551878855
1157,1743,2900,0.663798049340218
1103,1592,2695,0.6928391959798995
989,1444,2433,0.6849030470914127
1127,1708,2835,0.6598360655737705
1215,1686,2901,0.7206405693950177
1136,1776,2912,0.6396396396396397
1170,1686,2856,0.693950177935943
1176,1718,2894,0.6845168800931315
1077,1580,2657,0.6816455696202531
1034,1820,2854,0.5681318681318681
1180,1638,2818,0.7203907203907204
1191,1675,2866,0.711044776119403
1277,1785,3062,0.715406162464986
1112,1601,2713,0.6945658963148033
1307,1759,3066,0.7430358158044343
1219,1717,2936,0.7099592312172394
1152,1810,2962,0.63646408839779
1234,1842,3076,0.6699239956568946
1182,1751,2933,0.6750428326670475
1158,1770,2928,0.6542372881355932
1185,1870,3055,0.6336898395721925
1153,1786,2939,0.6455767077267637
906,1422,2328,0.6371308016877637
1163,1710,2873,0.6801169590643275
1247,1764,3011,0.7069160997732427
1148,1749,2897,0.6563750714694111
1072,1695,2767,0.6324483775811209
896,1435,2331,0.624390243902439
1046,1552,2598,0.6739690721649485
1231,1704,2935,0.7224178403755869
1165,1629,2794,0.7151626764886433
1146,1771,2917,0.6470920383963862
1244,1739,2983,0.7153536515238643
1205,1677,2882,0.7185450208706022
1074,1691,2765,0.6351271437019516
1116,1733,2849,0.6439699942296595
1147,1651,2798,0.6947304663840097
1166,1683,2849,0.6928104575163399
1105,1674,2779,0.6600955794504182
1064,1517,2581,0.7013843111404087
1027,1593,2620,0.6446955430006277
1169,1795,2964,0.6512534818941504
1138,1790,2928,0.6357541899441341
1108,1764,2872,0.6281179138321995
1120,1682,2802,0.6658739595719382
735,1143,1878,0.6430446194225722
1154,1809,2963,0.6379215035931454
1071,1602,2673,0.6685393258426966
973,1466,2439,0.6637107776261937
1129,1676,2805,0.6736276849642004
1119,1670,2789,0.670059880239521
1087,1655,2742,0.656797583081571
1139,1672,2811,0.68122009569378
843,1460,2303,0.5773972602739726
1020,1501,2521,0.6795469686875416
1043,1510,2553,0.6907284768211921
1121,1776,2897,0.6311936936936937
1140,1618,2758,0.7045735475896168
1164,1595,2759,0.7297805642633229
1212,1702,2914,0.7121034077555817
1146,1584,2730,0.7234848484848485
1140,1573,2713,0.7247298156389066
1217,1687,2904,0.7213989330171903
1122,1409,2531,0.7963094393186657
1061,1677,2738,0.6326774001192605
1158,1643,2801,0.7048082775410834
1141,1504,2645,0.7586436170212766
1252,1712,2964,0.7313084112149533
1223,1806,3029,0.67718715393134
1239,1632,2871,0.7591911764705882
1144,1663,2807,0.687913409500902
1235,1797,3032,0.6872565386755703
1239,1733,2972,0.7149451817657242
1142,1543,2685,0.7401166558651977
1193,1620,2813,0.7364197530864197
987,1595,2582,0.618808777429467
1150,1599,2749,0.7191994996873046
1312,1755,3067,0.7475783475783476
1228,1632,2860,0.7524509803921569
1104,1597,2701,0.691296180338134
1061,1583,2644,0.6702463676563487
1167,1653,2820,0.705989110707804
1313,1534,2847,0.8559322033898306
1211,1772,2983,0.6834085778781038
1329,1657,2986,0.8020519010259505
1127,1650,2777,0.683030303030303
1087,1815,2902,0.5988980716253444
1231,1650,2881,0.7460606060606061
1129,1778,2907,0.6349831271091113
1187,1856,3043,0.6395474137931034
1057,1773,2830,0.5961646926113932
1035,1577,2612,0.6563094483195941
1218,1720,2938,0.708139534883721
1141,1773,2914,0.643542019176537
1052,1733,2785,0.6070398153491056
1037,1278,2315,0.8114241001564946
1030,1629,2659,0.6322897483118478
959,1652,2611,0.5805084745762712
1181,1742,2923,0.6779563719862227
1181,1845,3026,0.6401084010840108
1097,1758,2855,0.624004550625711
1148,1743,2891,0.6586345381526104
1176,1701,2877,0.691358024691358
1174,1557,2731,0.7540141297366731
1092,1724,2816,0.6334106728538283
1058,1737,2795,0.6090961427748992
1016,1695,2711,0.5994100294985251
871,1450,2321,0.6006896551724138
1253,1773,3026,0.7067117879300621
1145,1665,2810,0.6876876876876877
1113,1554,2667,0.7162162162162162
1204,1647,2851,0.7310261080752884
1025,1630,2655,0.6288343558282209
1116,1735,2851,0.6432276657060518
1190,1703,2893,0.6987668819729889
1076,1594,2670,0.6750313676286073
1076,1775,2851,0.6061971830985915
1122,1728,2850,0.6493055555555556
1089,1692,2781,0.6436170212765957
1124,1749,2873,0.642652944539737
961,1517,2478,0.6334871456822676
1092,1701,2793,0.6419753086419753
1106,1772,2878,0.6241534988713319
1168,1823,2991,0.6407021393307735
1128,1738,2866,0.6490218642117376
1163,1651,2814,0.7044215626892792
1076,1714,2790,0.6277712952158693
1052,1721,2773,0.6112725159790819
1081,1749,2830,0.6180674671240709
1143,1781,2924,0.6417742841100506
1138,1759,2897,0.6469584991472428
1071,1752,2823,0.6113013698630136
993,1368,2361,0.7258771929824561
844,1334,2178,0.6326836581709145
1027,1627,2654,0.6312231100184389
1142,1637,2779,0.6976175931582163
1261,1766,3027,0.7140430351075878
1130,1634,2764,0.6915544675642595
1120,1678,2798,0.6674612634088201
1152,1618,2770,0.7119901112484549
1093,1446,2539,0.7558782849239281
1005,1516,2521,0.6629287598944591
1197,1686,2883,0.7099644128113879
1062,1672,2734,0.6351674641148325
1076,1523,2599,0.706500328299409
1066,1660,2726,0.6421686746987951
1122,1677,2799,0.669051878354204
981,1492,2473,0.6575067024128687
1120,1766,2886,0.6342015855039638
1204,1854,3058,0.6494066882416397
1168,1763,2931,0.6625070901871809
1128,1677,2805,0.6726296958855098
1167,1674,2841,0.6971326164874552
1203,1829,3032,0.6577364680153089
1029,1502,2531,0.6850865512649801
1215,1617,2832,0.75139146567718
1250,1788,3038,0.6991051454138703
1006,1443,2449,0.6971586971586972
1079,1583,2662,0.6816171825647505
1244,1826,3070,0.6812705366922235
1061,1501,2562,0.7068620919387075
1088,1666,2754,0.6530612244897959
1195,1713,2908,0.6976065382370111
1080,1650,2730,0.6545454545454545
1202,1741,2943,0.6904078116025273
1234,1840,3074,0.6706521739130434
1121,1597,2718,0.701941139636819
1142,1737,2879,0.6574553828439839
1265,1923,3188,0.6578263130525221
1081,1748,2829,0.618421052631579
1086,1810,2896,0.6
1139,1774,2913,0.6420518602029313
1220,1870,3090,0.6524064171122995
1072,1698,2770,0.6313309776207303
1125,1794,2919,0.6270903010033445
1066,1478,2544,0.7212449255751014
1239,1804,3043,0.6868070953436807
1137,1680,2817,0.6767857142857143
1182,1647,2829,0.7176684881602914
1184,1609,2793,0.7358607830950901
1138,1611,2749,0.7063935443823712
1102,1796,2898,0.6135857461024499
1155,1689,2844,0.6838365896980462
1186,1847,3033,0.642122360584732
1218,1824,3042,0.6677631578947368
1166,1794,2960,0.6499442586399108
1032,1490,2522,0.6926174496644295
1137,1699,2836,0.6692171865803413
1224,1838,3062,0.6659412404787813
1155,1693,2848,0.6822209096278795
1203,1683,2886,0.714795008912656
1193,1660,2853,0.7186746987951808
1191,1638,2829,0.7271062271062271
1206,1564,2770,0.7710997442455243
1167,1659,2826,0.7034358047016275
1113,1704,2817,0.653169014084507
1066,1664,2730,0.640625
1093,1628,2721,0.6713759213759214
953,1597,2550,0.5967438948027551
1220,1622,2842,0.752157829839704
1044,1576,2620,0.6624365482233503
1098,1567,2665,0.7007019783024888
1178,1713,2891,0.6876824284880327
1014,1589,2603,0.6381371932032724
1053,1648,2701,0.6389563106796117
1190,1575,2765,0.7555555555555555
899,1415,2314,0.6353356890459364
1034,1677,2711,0.616577221228384
1201,1744,2945,0.6886467889908257
1078,1656,2734,0.6509661835748792
1132,1732,2864,0.6535796766743649
1150,1854,3004,0.6202804746494067
1168,1796,2964,0.6503340757238307
1238,1821,3059,0.6798462383305875
1065,1801,2866,0.5913381454747363
1160,1706,2866,0.6799531066822978
1100,1757,2857,0.6260671599317018
1132,1826,2958,0.619934282584885
1139,1810,2949,0.6292817679558012
1176,1685,2861,0.6979228486646885
971,1386,2357,0.7005772005772006
1104,1606,2710,0.6874221668742216
1165,1730,2895,0.6734104046242775
1144,1721,2865,0.6647298082510168
1092,1616,2708,0.6757425742574258
1078,1630,2708,0.6613496932515337
1045,1512,2557,0.6911375661375662
1079,1638,2717,0.6587301587301587
1176,1696,2872,0.6933962264150944
1076,1774,2850,0.6065388951521984
1099,1672,2771,0.6572966507177034
1156,1574,2730,0.7344345616264295
1117,1689,2806,0.6613380698638247
1145,1722,2867,0.664924506387921
1189,1852,3041,0.6420086393088553
1179,1664,2843,0.7085336538461539
922,1284,2206,0.7180685358255452
964,1540,2504,0.625974025974026
1226,1788,3014,0.685682326621924
1183,1734,2917,0.682237600922722
1171,1717,2888,0.6820034944670937
1213,1720,2933,0.7052325581395349
1148,1689,2837,0.679692125518058
1112,1591,2703,0.6989314896291641
1133,1731,2864,0.6545349508954361
1136,1776,2912,0.6396396396396397
1138,1660,2798,0.6855421686746987
1161,1570,2731,0.7394904458598726
1150,1702,2852,0.6756756756756757
1185,1769,2954,0.6698699830412662
1206,1780,2986,0.6775280898876405
1115,1405,2520,0.7935943060498221
1051,1473,2524,0.7135098438560761
1228,1751,2979,0.7013135351227869
1070,1838,2908,0.5821545157780196
1186,1752,2938,0.6769406392694064
1117,1611,2728,0.6933581626319056
1117,1717,2834,0.65055329062318
972,1457,2429,0.667124227865477
1080,1563,2643,0.690978886756238
1161,1611,2772,0.7206703910614525
1189,1713,2902,0.6941039112667834
1165,1496,2661,0.7787433155080213
1125,1702,2827,0.6609870740305523
1195,1588,2783,0.7525188916876574
1177,1806,2983,0.6517165005537099
1100,1576,2676,0.6979695431472082
1189,1811,3000,0.6565433462175594
1162,1809,2971,0.6423438363736871
1124,1751,2875,0.6419189034837236
1039,1701,2740,0.6108171663727219
1294,1809,3103,0.7153123272526257
1163,1698,2861,0.6849234393404005
1087,1625,2712,0.668923076923077
1024,1454,2478,0.7042640990371389
1016,1438,2454,0.7065368567454798
1220,1593,2813,0.7658505963590709
1251,1882,3133,0.6647183846971307
1049,1518,2567,0.6910408432147562
1038,1630,2668,0.6368098159509202
1091,1663,2754,0.656043295249549
1029,1481,2510,0.6948008102633356
1190,1680,2870,0.7083333333333334
1185,1938,3123,0.6114551083591331
1235,1822,3057,0.6778265642151482
1191,1816,3007,0.6558370044052864
1035,1605,2640,0.6448598130841121
1176,1677,2853,0.7012522361359571
1053,1628,2681,0.6468058968058968
1130,1689,2819,0.6690349319123742
1218,1868,3086,0.6520342612419701
1034,1568,2602,0.6594387755102041
1190,1808,2998,0.6581858407079646
1012,1496,2508,0.6764705882352942
1199,1678,2877,0.7145411203814065
1241,1599,2840,0.7761100687929956
1222,1603,2825,0.7623206487835309
1149,1890,3039,0.6079365079365079
1180,1638,2818,0.7203907203907204
1115,1841,2956,0.6056491037479631
1165,1919,3084,0.6070870244919229
1227,1901,3128,0.6454497632824829
1167,1768,2935,0.6600678733031674
1171,1683,2854,0.6957813428401664
1071,1673,2744,0.6401673640167364
1120,1655,2775,0.676737160120846
941,1321,2262,0.712339137017411
1078,1703,2781,0.6330005871990605
1126,1766,2892,0.637599093997735
932,1632,2564,0.571078431372549
1089,1737,2826,0.6269430051813472
1157,1735,2892,0.6668587896253603
965,1467,2432,0.6578050443081118
1154,1734,2888,0.6655132641291811
1108,1712,2820,0.647196261682243
1129,1544,2673,0.7312176165803109
1126,1766,2892,0.637599093997735
1232,1801,3033,0.6840644086618545
1154,1717,2871,0.6721025043680838
1031,1581,2612,0.6521189120809614
1112,1624,2736,0.6847290640394089
1091,1748,2839,0.6241418764302059
1137,1585,2722,0.7173501577287066
1166,1754,2920,0.6647662485746865
1120,1849,2969,0.6057328285559762
1241,1751,2992,0.7087378640776699
1159,1644,2803,0.7049878345498783
1186,1836,3022,0.6459694989106753
1100,1712,2812,0.6425233644859814
990,1405,2395,0.7046263345195729
1181,1744,2925,0.6771788990825688
1211,1609,2820,0.7526413921690491
1130,1799,2929,0.6281267370761534
1158,1743,2901,0.6643717728055077
1140,1872,3012,0.6089743589743589
1130,1762,2892,0.641316685584563
1201,1840,3041,0.6527173913043478
1085,1585,2670,0.6845425867507886
1212,1759,2971,0.6890278567367822
1060,1522,2582,0.6964520367936925
1018,1383,2401,0.7360809833694866
1078,1691,2769,0.6374926079243052
1078,1740,2818,0.6195402298850575
1163,1756,2919,0.6623006833712984
1175,1691,2866,0.6948551153163809
1160,1643,2803,0.7060255629945222
1248,1854,3102,0.6731391585760518
1164,1855,3019,0.6274932614555256
1106,1672,2778,0.6614832535885168
1139,1741,2880,0.6542217116599656
1219,1785,3004,0.6829131652661065
967,1523,2490,0.6349310571240971
1069,1718,2787,0.6222351571594877
1116,1839,2955,0.6068515497553018
1136,1699,2835,0.6686286050618011
1019,1687,2706,0.6040308239478364
888,1481,2369,0.599594868332208
884,1264,2148,0.6993670886075949
1057,1530,2587,0.6908496732026144
1104,1697,2801,0.6505598114319388
1065,1681,2746,0.6335514574657942
1140,1584,2724,0.7196969696969697
1095,1625,2720,0.6738461538461539
1179,1800,2979,0.655
1234,1689,2923,0.7306098283007697
1174,1723,2897,0.681369704004643
1092,1632,2724,0.6691176470588235
1205,1696,2901,0.7104952830188679
1246,1807,3053,0.689540675152186
1205,1867,3072,0.64542046063203
1161,1776,2937,0.6537162162162162
1087,1617,2704,0.6722325293753865
1200,1737,2937,0.690846286701209
1181,1800,2981,0.6561111111111111
1231,1763,2994,0.6982416335791265
1246,1838,3084,0.6779107725788901
1165,1675,2840,0.6955223880597015
1124,1842,2966,0.6102062975027145
1152,1847,2999,0.623714131023281
1144,1790,2934,0.6391061452513966
1139,1832,2971,0.6217248908296943
1146,1744,2890,0.6571100917431193
1073,1688,2761,0.6356635071090048
1223,1849,3072,0.6614386154678205
1172,1884,3056,0.6220806794055201
1077,1530,2607,0.703921568627451
1130,1830,2960,0.6174863387978142
1109,1875,2984,0.5914666666666667
1023,1807,2830,0.5661317100166021
1175,1641,2816,0.7160268129189519
1014,1481,2495,0.6846725185685347
1160,1958,3118,0.59244126659857
1066,1823,2889,0.5847504114097641
1077,1757,2834,0.6129766647694934
1123,1677,2800,0.6696481812760883
1223,1900,3123,0.6436842105263157
1262,1725,2987,0.7315942028985507
1245,1682,2927,0.7401902497027348
1143,1743,2886,0.6557659208261618
1179,1722,2901,0.6846689895470384
1238,1766,3004,0.7010192525481314
1054,1614,2668,0.6530359355638166
1179,1738,2917,0.6783659378596087
1265,1678,2943,0.7538736591179976
1182,1741,2923,0.6789201608271108
1228,2203,3431,0.5574216976849751
1355,2118,3473,0.6397544853635505
1473,1974,3447,0.7462006079027356
1472,2296,3768,0.6411149825783972
1249,2001,3250,0.6241879060469765
1338,2193,3531,0.6101231190150479
1261,1891,3152,0.6668429402432575
1287,2283,3570,0.5637319316688568
1142,2005,3147,0.5695760598503741
1443,2450,3893,0.5889795918367347
1508,2211,3719,0.6820443238353686
1411,2587,3998,0.5454194047158871
722,1096,1818,0.6587591240875912
1457,2034,3491,0.716322517207473
1407,1910,3317,0.7366492146596859
1478,2350,3828,0.6289361702127659
1141,1701,2842,0.6707818930041153
1595,2249,3844,0.7092040907069809
1553,2502,4055,0.6207034372501998
1012,1277,2289,0.7924823805794832
1356,2520,3876,0.5380952380952381
1549,2424,3973,0.639026402640264
1465,2340,3805,0.6260683760683761
1285,2395,3680,0.5365344467640919
1424,2361,3785,0.6031342651418891
1208,2203,3411,0.5483431684067182
1404,2543,3947,0.5521038143924498
1623,2468,4091,0.6576175040518638
1297,2671,3968,0.4855859228753276
1314,2461,3775,0.5339292970337262
1421,2048,3469,0.69384765625
1401,2375,3776,0.5898947368421052
1407,2368,3775,0.5941722972972973
996,1777,2773,0.5604952166572875
1313,2262,3575,0.5804597701149425
1330,2419,3749,0.5498139727159983
1498,2571,4069,0.5826526643329444
1590,2005,3595,0.7930174563591023
1371,1906,3277,0.7193074501573977
1722,2236,3958,0.7701252236135957
1418,1964,3382,0.7219959266802444
1587,1744,3331,0.9099770642201837
1468,2424,3892,0.6056105610561056
1500,1926,3426,0.778816199376947
1850,2177,4027,0.8497932935231971
1655,2399,4054,0.6898707794914548
1249,1705,2954,0.7325513196480938
1582,2190,3772,0.7223744292237443
1339,1904,3243,0.7032563025210085
1593,2308,3901,0.6902079722703639
1964,2047,4011,0.9594528578407424
1665,2147,3812,0.7755006986492781
1391,2129,3520,0.6533583842179427
1374,2028,3402,0.6775147928994083
1474,1860,3334,0.7924731182795699
1860,2192,4052,0.8485401459854015
1033,1424,2457,0.7254213483146067
1424,2341,3765,0.6082870568133276
1308,1955,3263,0.6690537084398976
1313,1868,3181,0.7028907922912205
1738,2286,4024,0.7602799650043744
1380,1563,2943,0.8829174664107485
1437,2169,3606,0.6625172890733056
1306,1980,3286,0.6595959595959596
1608,2353,3961,0.6833829154271143
1675,2025,3700,0.8271604938271605
1550,2165,3715,0.7159353348729792
1385,2279,3664,0.6077226853883282
1517,2051,3568,0.7396392003900536
1525,2283,3808,0.6679807271134472
1513,2238,3751,0.6760500446827524
1777,2132,3909,0.8334896810506567
1264,2052,3316,0.6159844054580896
1569,2156,3725,0.7277365491651205
1269,2014,3283,0.6300893743793445
1544,1959,3503,0.7881572230729964
1382,1674,3056,0.8255675029868578
1469,2135,3604,0.688056206088993
1472,2069,3541,0.7114548090865153
1644,2162,3806,0.7604070305272895
1451,2493,3944,0.5820296831127156
1468,1742,3210,0.8427095292766934
1778,2226,4004,0.7987421383647799
1305,1932,3237,0.6754658385093167
1752,2225,3977,0.7874157303370787
1510,2499,4009,0.6042416966786714
1323,1972,3295,0.670892494929006
1490,2515,4005,0.5924453280318092
1484,2303,3787,0.6443768996960486
1480,1848,3328,0.8008658008658008
1404,2225,3629,0.6310112359550561
1657,2000,3657,0.8285
1085,1934,3019,0.5610134436401241
1721,1920,3641,0.8963541666666667
1408,1953,3361,0.720942140296979
1332,1850,3182,0.72
1314,1790,3104,0.7340782122905027
1579,1967,3546,0.8027452974072191
1762,2044,3806,0.8620352250489237
1271,2079,3350,0.6113516113516113
1142,1729,2871,0.6604973973395026
1824,2114,3938,0.8628192999053926
1373,2195,3568,0.6255125284738041
1412,2225,3637,0.6346067415730338
1545,2390,3935,0.6464435146443515
1462,2336,3798,0.6258561643835616
1530,2380,3910,0.6428571428571429
1350,2309,3659,0.5846686877436119
1522,2505,4027,0.6075848303393213
1403,2586,3989,0.5425367362722351
1536,2554,4090,0.601409553641347
1703,2329,4032,0.7312151137827394
1686,2394,4080,0.7042606516290727
1588,2308,3896,0.6880415944540728
1418,2333,3751,0.6078011144449207
1559,2448,4007,0.6368464052287581
1059,1210,2269,0.8752066115702479
1160,1528,2688,0.7591623036649214
1271,2081,3352,0.6107640557424315
1131,1894,3025,0.5971488912354804
893,1470,2363,0.6074829931972789
1442,1459,2901,0.9883481836874572
1757,1617,3374,1.0865800865800863
1105,1452,2557,0.7610192837465565
1522,1766,3288,0.8618346545866364
1221,1932,3153,0.6319875776397516
1071,1469,2540,0.729067392784207
1460,1768,3228,0.8257918552036199
1364,1640,3004,0.8317073170731707
1276,1459,2735,0.8745716244002741
1461,2010,3471,0.7268656716417911
986,1107,2093,0.8906955736224029
980,1448,2428,0.6767955801104972
978,1322,2300,0.7397881996974282
1306,1533,2839,0.8519243313763861
1345,1690,3035,0.7958579881656804
887,1021,1908,0.8687561214495593
1275,1755,3030,0.7264957264957265
1650,2156,3806,0.7653061224489796
836,1369,2205,0.6106647187728269
1654,2155,3809,0.7675174013921113
1614,2221,3835,0.7266996848266547
863,895,1758,0.964245810055866
1735,1784,3519,0.9725336322869956
1570,2134,3704,0.7357075913776945
904,1245,2149,0.7261044176706827
1568,1789,3357,0.8764673001676915
1745,2024,3769,0.8621541501976284
1560,2246,3806,0.6945681211041852
1495,2207,3702,0.6773901223380154
1172,2253,3425,0.5201952951620062
1193,1603,2796,0.7442295695570805
1590,1669,3259,0.9526662672258838
1304,1431,2735,0.9112508735150244
1868,1833,3701,1.0190943807965085
1836,1714,3550,1.0711785297549592
1370,2144,3514,0.6389925373134329
1427,1680,3107,0.8494047619047619
1354,1981,3335,0.6834931852599697
1507,1589,3096,0.948395217117684
1832,1951,3783,0.93900563813429
1252,1551,2803,0.8072211476466795
1622,2341,3963,0.6928662964545066
1563,2376,3939,0.6578282828282829
1635,2424,4059,0.6745049504950495
1314,1887,3201,0.6963434022257552
1273,1806,3079,0.7048726467331119
1373,1947,3320,0.7051874678993323
1382,2096,3478,0.6593511450381679
963,1342,2305,0.7175856929955291
1545,2471,4016,0.6252529340348038
856,1360,2216,0.6294117647058823
1301,2153,3454,0.6042731072921504
1447,2457,3904,0.5889295889295889
1384,2270,3654,0.6096916299559472
1493,2400,3893,0.6220833333333333
962,1558,2520,0.6174582798459564
986,1647,2633,0.5986642380085003
1089,2135,3224,0.5100702576112413
823,1327,2150,0.6201959306706858
1106,2316,3422,0.4775474956822107
656,941,1597,0.6971307120085016
483,1059,1542,0.4560906515580736
1392,2666,4058,0.5221305326331583
1262,2112,3374,0.5975378787878788
1087,2285,3372,0.4757111597374179
979,1761,2740,0.5559341283361726
1045,1633,2678,0.6399265156154317
913,1345,2258,0.6788104089219331
1784,2193,3977,0.8134974920200638
1817,1740,3557,1.0442528735632184
1878,2154,4032,0.871866295264624
1943,1989,3932,0.976872800402212
2001,1924,3925,1.04002079002079
2054,1424,3478,1.4424157303370786
2083,1996,4079,1.0435871743486973
1703,2163,3866,0.787332408691632
1960,2069,4029,0.9473175447075882
1347,2090,3437,0.6444976076555023
1628,2102,3730,0.774500475737393
1174,1766,2940,0.6647791619479049
1052,1206,2258,0.8723051409618574
1113,1705,2818,0.6527859237536657
1769,2289,4058,0.7728265618173875
1715,2054,3769,0.8349561830574489
1310,1754,3064,0.7468643101482326
987,1509,2496,0.6540755467196819
1667,2306,3973,0.722896790980052
1749,1524,3273,1.1476377952755905
1691,1939,3630,0.8720990201134605
452,674,1126,0.6706231454005934
121,223,344,0.5426008968609866
942,1682,2624,0.5600475624256838
1110,1531,2641,0.7250163291966035
1737,2289,4026,0.7588466579292268
1889,2201,4090,0.858246251703771
1476,2574,4050,0.5734265734265734
1734,2275,4009,0.7621978021978022
1525,2419,3944,0.6304257957833815
1586,2447,4033,0.6481405803024111
1447,2329,3776,0.6212966938600257
1573,2296,3869,0.6851045296167247
1521,2196,3717,0.6926229508196722
1714,2321,4035,0.7384747953468332
1571,2463,4034,0.6378400324807145
1426,2131,3557,0.669169404035664
1748,2327,4075,0.75118177911474
1637,2390,4027,0.6849372384937239
1513,2559,4072,0.5912465806955842
1786,1891,3677,0.9444738233738764
1726,2273,3999,0.7593488781346238
1888,2047,3935,0.922325354176844
1706,2131,3837,0.8005631159080244
1660,2249,3909,0.7381058248110272
1387,2076,3463,0.668111753371869
1638,2335,3973,0.7014989293361884
1283,2490,3773,0.5152610441767068
1621,2276,3897,0.7122144112478032
1516,2295,3811,0.6605664488017429
1746,2323,4069,0.751614291863969
1097,1196,2293,0.9172240802675584
1617,2196,3813,0.7363387978142076
1680,1985,3665,0.8463476070528967
1306,2161,3467,0.6043498380379454
1554,2522,4076,0.6161776367961935
1708,2221,3929,0.7690229626294462
1517,2432,3949,0.623766447368421
1592,2207,3799,0.7213411871318532
1753,1985,3738,0.8831234256926952
1491,2127,3618,0.7009873060648801
1448,2229,3677,0.6496186630776133
1534,2495,4029,0.6148296593186373
1785,2307,4092,0.7737321196358907
1677,2273,3950,0.7377914650241971
1727,2293,4020,0.7531617967727867
1692,2294,3986,0.7375762859633828
1416,2120,3536,0.6679245283018868
1718,2350,4068,0.731063829787234
1817,2274,4091,0.7990325417766051
1528,2342,3870,0.6524338172502135
1692,2305,3997,0.734056399132321
1552,2107,3659,0.736592311343142
1803,2082,3885,0.8659942363112392
1794,2275,4069,0.7885714285714286
1563,1954,3517,0.7998976458546572
1555,2296,3851,0.6772648083623694
1384,2016,3400,0.6865079365079365
1312,2202,3514,0.5958219800181653
1583,2092,3675,0.7566921606118547
1433,2134,3567,0.6715089034676663
1735,2264,3999,0.7663427561837456
1451,2315,3766,0.6267818574514039
1614,2473,4087,0.6526486049332794
1809,2281,4090,0.7930732135028496
1492,2335,3827,0.6389721627408994
1722,2041,3763,0.843704066634003
1306,1496,2802,0.8729946524064172
2082,1799,3881,1.1573096164535854
1719,2145,3864,0.8013986013986014
413,605,1018,0.6826446280991736
1584,2436,4020,0.6502463054187192
730,1420,2150,0.5140845070422535
494,834,1328,0.592326139088729
546,636,1182,0.8584905660377359
500,821,1321,0.6090133982947625
564,730,1294,0.7726027397260274
525,670,1195,0.7835820895522388
571,932,1503,0.6126609442060086
783,1039,1822,0.753609239653513
475,626,1101,0.7587859424920128
490,640,1130,0.765625
656,829,1485,0.7913148371531966
678,949,1627,0.7144362486828241
493,557,1050,0.8850987432675045
949,1599,2548,0.5934959349593496
1046,1582,2628,0.661188369152971
993,1612,2605,0.6160049627791563
1135,1794,2929,0.632664437012263
1018,1554,2572,0.6550836550836551
1046,1623,2669,0.6444855206407887
1131,1779,2910,0.6357504215851602
1215,1772,2987,0.6856659142212189
1103,1714,2817,0.6435239206534422
1058,1679,2737,0.6301369863013698
921,1602,2523,0.5749063670411985
843,1537,2380,0.5484710474951203
1111,1766,2877,0.6291053227633069
1087,1695,2782,0.6412979351032448
1135,1783,2918,0.6365675827257431
1161,1696,2857,0.6845518867924528
1168,1790,2958,0.6525139664804469
1156,1743,2899,0.6632243258749283
1099,1787,2886,0.6149972020145495
1141,1854,2995,0.6154261057173679
1102,1789,2891,0.6159865846841811
1122,1758,2880,0.6382252559726962
934,1690,2624,0.5526627218934911
1148,1738,2886,0.6605293440736478
1118,1666,2784,0.6710684273709484
1039,1695,2734,0.6129793510324484
1151,1766,2917,0.6517553793884485
1170,1834,3004,0.6379498364231189
1077,1609,2686,0.6693598508390305
1011,1716,2727,0.5891608391608392
1040,1722,2762,0.6039488966318235
1073,1774,2847,0.604847801578354
1183,1681,2864,0.7037477691850089
906,1627,2533,0.5568531038721574
1015,1607,2622,0.6316116988176727
1063,1752,2815,0.6067351598173516
942,1667,2609,0.5650869826034793
1011,1475,2486,0.6854237288135593
1114,1680,2794,0.6630952380952381
1073,1751,2824,0.6127926898914906
1023,1617,2640,0.6326530612244898
1143,1731,2874,0.6603119584055459
1032,1668,2700,0.6187050359712231
1023,1648,2671,0.620752427184466
897,1639,2536,0.5472849298352654
1022,1722,2744,0.5934959349593496
1000,1651,2651,0.6056935190793459
1059,1721,2780,0.6153399186519466
888,1418,2306,0.6262341325811002
1115,1669,2784,0.6680647094068305
1075,1624,2699,0.6619458128078818
1105,1727,2832,0.6398378691372322
948,1582,2530,0.5992414664981036
1120,1717,2837,0.652300524170064
1071,1777,2848,0.602701181767023
1019,1674,2693,0.6087216248506571
1136,1692,2828,0.6713947990543735
1048,1696,2744,0.6179245283018868
1110,1785,2895,0.6218487394957983
1107,1754,2861,0.6311288483466363
1110,1733,2843,0.6405077899596077
1024,1617,2641,0.6332714904143476
1054,1759,2813,0.5992040932347925
1079,1802,2881,0.5987791342952276
1095,1631,2726,0.671367259350092
1140,1830,2970,0.6229508196721312
997,1511,2508,0.6598279285241562
1123,1855,2978,0.6053908355795148
1182,1863,3045,0.6344605475040258
1124,1938,3062,0.5799793601651186
1011,1639,2650,0.6168395363026236
1127,1742,2869,0.6469575200918485
1011,1679,2690,0.6021441334127456
1107,1750,2857,0.6325714285714286
1076,1737,2813,0.6194588370754174
1163,1907,3070,0.6098584163607761
1016,1658,2674,0.6127864897466827
1158,1759,2917,0.6583285957930642
1007,1487,2494,0.6772024209818427
1142,1660,2802,0.6879518072289157
1063,1643,2706,0.6469872185027389
1056,1874,2930,0.5635005336179295
1118,1824,2942,0.6129385964912281
1109,1817,2926,0.6103467253714915
1006,1662,2668,0.605294825511432
1012,1692,2704,0.5981087470449172
1166,1690,2856,0.6899408284023668
1098,1674,2772,0.6559139784946236
1158,1735,2893,0.667435158501441
1044,1606,2650,0.6500622665006227
929,1612,2541,0.576302729528536
1113,1611,2724,0.6908752327746741
1033,1610,2643,0.6416149068322982
1091,1712,2803,0.6372663551401869
1016,1668,2684,0.6091127098321343
1138,1638,2776,0.6947496947496947
998,1667,2665,0.5986802639472105
1115,1773,2888,0.6288776085730401
1039,1753,2792,0.5926982316029663
1080,1853,2933,0.5828386400431732
1054,1654,2708,0.6372430471584039
1013,1716,2729,0.5903263403263403
1061,1787,2848,0.5937325125909345
1089,1597,2686,0.6819035691922355
1075,1864,2939,0.5767167381974249
1100,1680,2780,0.6547619047619048
949,1618,2567,0.5865265760197775
1084,1684,2768,0.6437054631828979
1039,1771,2810,0.5866741953698476
1027,1705,2732,0.6023460410557184
1186,1687,2873,0.7030231179608772
928,1485,2413,0.6249158249158249
1042,1723,2765,0.6047591410330818
1104,1878,2982,0.5878594249201278
1132,1733,2865,0.6532025389497981
1020,1571,2591,0.6492679821769574
1015,1649,2664,0.6155245603395998
1028,1693,2721,0.607206142941524
1155,1765,2920,0.6543909348441926
1017,1677,2694,0.6064400715563506
963,1621,2584,0.5940777297964219
1037,1620,2657,0.6401234567901235
1124,1682,2806,0.6682520808561236
1120,1865,2985,0.6005361930294906
1093,1775,2868,0.615774647887324
1029,1674,2703,0.6146953405017921
944,1777,2721,0.5312324141812043
992,1674,2666,0.5925925925925926
982,1621,2603,0.6057988895743368
1120,1799,2919,0.622568093385214
1083,1649,2732,0.6567616737416616
995,1649,2644,0.6033959975742874
1117,1649,2766,0.6773802304426926
1013,1652,2665,0.6131961259079903
938,1704,2642,0.5504694835680751
1043,1710,2753,0.6099415204678362
1033,1687,2720,0.6123295791345584
973,1564,2537,0.6221227621483376
1124,1785,2909,0.6296918767507003
1057,1761,2818,0.6002271436683703
1016,1633,2649,0.6221677893447642
1022,1720,2742,0.5941860465116279
1086,1644,2730,0.6605839416058394
945,1549,2494,0.6100710135571337
1143,1638,2781,0.6978021978021978
1035,1644,2679,0.6295620437956204
1083,1728,2811,0.6267361111111112
997,1462,2459,0.6819425444596443
1052,1803,2855,0.5834719911259013
1101,1676,2777,0.6569212410501193
998,1710,2708,0.583625730994152
1070,1737,2807,0.6160046056419114
1041,1693,2734,0.6148848198464265
1011,1562,2573,0.647247119078105
1071,1795,2866,0.5966573816155989
1156,1696,2852,0.6816037735849056
933,1650,2583,0.5654545454545454
941,1598,2539,0.5888610763454318
984,1631,2615,0.6033108522378908
1140,1849,2989,0.6165494862087615
985,1635,2620,0.6024464831804281
1059,1636,2695,0.6473105134474327
984,1549,2533,0.6352485474499677
1055,1681,2736,0.6276026174895896
982,1555,2537,0.6315112540192926
1127,1695,2822,0.6648967551622419
1143,1632,2775,0.7003676470588235
1014,1665,2679,0.609009009009009
983,1569,2552,0.6265137029955385
1085,1749,2834,0.6203544882790166
1061,1726,2787,0.6147161066048668
1059,1716,2775,0.6171328671328671
1094,1884,2978,0.5806794055201698
988,1741,2729,0.5674899483055715
1028,1660,2688,0.619277108433735
940,1583,2523,0.5938092229943146
992,1637,2629,0.6059865607819181
1190,1761,2951,0.6757524134014764
1125,1769,2894,0.6359525155455059
1000,1638,2638,0.6105006105006106
1116,1668,2784,0.6690647482014388
1183,1805,2988,0.6554016620498615
1100,1673,2773,0.657501494321578
1016,1623,2639,0.6260012322858903
1030,1714,2744,0.6009334889148191
985,1634,2619,0.6028151774785802
1001,1694,2695,0.5909090909090909
958,1548,2506,0.6188630490956072
1450,2222,3672,0.6525652565256526
1029,1697,2726,0.6063641720683559
998,1635,2633,0.6103975535168196
1023,1613,2636,0.634221946683199
1040,1660,2700,0.6265060240963856
1072,1606,2678,0.6674968866749689
1096,1738,2834,0.6306098964326813
1061,1539,2600,0.6894087069525666
1017,1571,2588,0.6473583704646722
1042,1657,2699,0.6288473144236573
1015,1724,2739,0.5887470997679815
1386,2192,3578,0.6322992700729927
964,1643,2607,0.5867315885575167
962,1541,2503,0.6242699545749514
1064,1670,2734,0.637125748502994
1068,1596,2664,0.6691729323308271
1045,1776,2821,0.5884009009009009
1021,1655,2676,0.6169184290030212
1076,1829,2905,0.5882996172772007
907,1611,2518,0.5630043451272502
948,1609,2557,0.5891858297078931
1028,1711,2739,0.6008182349503215
860,1309,2169,0.6569900687547746
935,1581,2516,0.5913978494623656
1014,1713,2727,0.5919439579684763
1092,1767,2859,0.6179966044142614
1076,1796,2872,0.5991091314031181
1014,1651,2665,0.6141732283464567
870,1537,2407,0.5660377358490566
1003,1542,2545,0.6504539559014267
1080,1718,2798,0.6286379511059371
904,1625,2529,0.5563076923076923
999,1717,2716,0.5818287711124054
822,1295,2117,0.6347490347490348
1056,1795,2851,0.5883008356545961
1038,1717,2755,0.6045428072218987
1032,1560,2592,0.6615384615384615
823,1325,2148,0.6211320754716981
969,1592,2561,0.6086683417085427
1093,1672,2765,0.6537081339712919
931,1628,2559,0.5718673218673219
976,1600,2576,0.61
996,1683,2679,0.5918003565062389
1050,1645,2695,0.6382978723404256
981,1521,2502,0.6449704142011834
537,832,1369,0.6454326923076923
1141,1564,2705,0.729539641943734
1068,1636,2704,0.6528117359413202
1057,1557,2614,0.6788696210661529
1018,1707,2725,0.5963678968951377
1141,1655,2796,0.6894259818731118
1069,1663,2732,0.6428141912206855
1124,1718,2842,0.6542491268917345
1126,1675,2801,0.6722388059701493
1147,1778,2925,0.6451068616422947
986,1654,2640,0.596130592503023
796,1306,2102,0.6094946401225115
1090,1685,2775,0.6468842729970327
931,1588,2519,0.586272040302267
1088,1828,2916,0.5951859956236324
940,1551,2491,0.6060606060606061
1005,1663,2668,0.6043295249549008
854,1549,2403,0.5513234344738541
974,1627,2601,0.5986478180700676
945,1477,2422,0.6398104265402843
959,1698,2657,0.5647820965842167
958,1615,2573,0.5931888544891641
839,1434,2273,0.5850767085076709
1124,1774,2898,0.6335963923337091
942,1595,2537,0.5905956112852665
1012,1673,2685,0.6049013747758517
1009,1633,2642,0.617881200244948
1053,1645,2698,0.6401215805471124
1056,1755,2811,0.6017094017094017
932,1557,2489,0.5985870263326911
1034,1588,2622,0.6511335012594458
1137,1600,2737,0.710625
1014,1765,2779,0.5745042492917847
867,1365,2232,0.6351648351648351
1071,1680,2751,0.6375
1073,1506,2579,0.7124833997343958
1135,1707,2842,0.6649091974223784
1009,1740,2749,0.5798850574712644
1040,1618,2658,0.6427688504326329
1064,1740,2804,0.6114942528735632
1075,1791,2866,0.6002233389168062
1028,1692,2720,0.607565011820331
1122,1705,2827,0.6580645161290323
902,1508,2410,0.5981432360742706
802,1293,2095,0.6202629543696829
1043,1617,2660,0.645021645021645
1093,1729,2822,0.6321573163678427
1096,1673,2769,0.6551105797967722
1091,1755,2846,0.6216524216524216
1164,1752,2916,0.6643835616438356
1183,1777,2960,0.6657287563308948
1198,1834,3032,0.653217011995638
1138,1709,2847,0.665886483323581
1036,1618,2654,0.6402966625463535
1085,1568,2653,0.6919642857142857
783,1372,2155,0.5706997084548106
1093,1706,2799,0.6406799531066822
960,1586,2546,0.605296343001261
936,1584,2520,0.5909090909090909
1039,1503,2542,0.6912840984697272
993,1539,2532,0.645224171539961
1065,1634,2699,0.6517747858017136
1018,1685,2703,0.6041543026706232
989,1647,2636,0.6004857316332726
1165,1736,2901,0.6710829493087558
1084,1768,2852,0.6131221719457014
800,1395,2195,0.5734767025089605
1042,1657,2699,0.6288473144236573
1095,1673,2768,0.6545128511655708
951,1627,2578,0.5845113706207744
967,1666,2633,0.5804321728691476
1016,1603,2619,0.6338116032439176
1135,1888,3023,0.6011652542372882
1001,1686,2687,0.5937129300118624
1110,1760,2870,0.6306818181818182
1013,1596,2609,0.6347117794486216
1020,1507,2527,0.6768414067684141
724,1289,2013,0.5616757176105508
1077,1677,2754,0.6422182468694096
1191,1670,2861,0.7131736526946107
950,1544,2494,0.6152849740932642
969,1604,2573,0.6041147132169576
1049,1751,2800,0.5990862364363221
1014,1691,2705,0.5996451803666469
1086,1692,2778,0.6418439716312057
1057,1709,2766,0.6184903452311293
1021,1669,2690,0.6117435590173756
1039,1578,2617,0.6584283903675539
907,1509,2416,0.6010603048376408
1008,1561,2569,0.6457399103139013
1006,1708,2714,0.5889929742388759
838,1406,2244,0.5960170697012802
1009,1711,2720,0.5897136177673875
1084,1804,2888,0.6008869179600886
1086,1729,2815,0.6281087333718912
1072,1720,2792,0.6232558139534884
1042,1742,2784,0.5981630309988519
998,1688,2686,0.5912322274881516
1121,1759,2880,0.6372939169982945
946,1526,2472,0.6199213630406291
1094,1792,2886,0.6104910714285714
1055,1705,2760,0.6187683284457478
1041,1654,2695,0.6293833131801693
1184,1799,2983,0.6581434130072262
1126,1672,2798,0.6734449760765551
1012,1574,2586,0.6429479034307497
999,1570,2569,0.6363057324840764
953,1554,2507,0.6132561132561133
1026,1722,2748,0.5958188153310104
1068,1656,2724,0.644927536231884
1098,1764,2862,0.6224489795918368
974,1523,2497,0.639527248850952
1024,1676,2700,0.6109785202863962
1158,1786,2944,0.6483762597984323
1104,1816,2920,0.6079295154185022
1150,1824,2974,0.6304824561403509
1079,1620,2699,0.6660493827160494
1137,1674,2811,0.6792114695340502
1132,1523,2655,0.7432698621142482
957,1471,2428,0.6505778382053025
1093,1689,2782,0.6471284783895797
1179,1735,2914,0.6795389048991355
893,1428,2321,0.6253501400560224
1145,1759,2904,0.6509380329732802
1113,1806,2919,0.6162790697674418
1030,1705,2735,0.6041055718475073
1041,1728,2769,0.6024305555555556
830,1270,2100,0.6535433070866141
1079,1730,2809,0.6236994219653179
1055,1716,2771,0.6148018648018648
1101,1701,2802,0.6472663139329806
1044,1742,2786,0.5993111366245695
1063,1739,2802,0.6112708453133985
872,1455,2327,0.5993127147766323
1066,1753,2819,0.6081003993154592
1062,1696,2758,0.6261792452830188
1027,1687,2714,0.6087729697688203
1112,1803,2915,0.6167498613422074
1093,1780,2873,0.6140449438202247
999,1580,2579,0.6322784810126583
1043,1702,2745,0.6128084606345476
1073,1729,2802,0.6205899363794101
1126,1827,2953,0.6163108921729611
1100,1794,2894,0.6131549609810479
879,1406,2285,0.6251778093883357
1098,1676,2774,0.6551312649164678
930,1463,2393,0.6356801093643198
1067,1770,2837,0.6028248587570622
1019,1773,2792,0.5747320924985899
1157,1725,2882,0.6707246376811594
906,1583,2489,0.5723310170562224
1053,1673,2726,0.6294082486551106
1016,1598,2614,0.6357947434292867
1067,1768,2835,0.6035067873303167
1088,1609,2697,0.6761963952765693
884,1372,2256,0.6443148688046647
1087,1755,2842,0.6193732193732193
1067,1692,2759,0.6306146572104019
1132,1657,2789,0.6831623415811708
1119,1670,2789,0.670059880239521
1075,1739,2814,0.618171362852214
1073,1717,2790,0.6249271986022131
1084,1603,2687,0.6762320648783531
1081,1727,2808,0.6259409380428489
997,1640,2637,0.6079268292682927
1073,1662,2735,0.6456077015643803
924,1515,2439,0.6099009900990099
1053,1659,2712,0.6347197106690777
1032,1644,2676,0.6277372262773723
1110,1717,2827,0.6464764123471171
1048,1732,2780,0.605080831408776
1111,1766,2877,0.6291053227633069
1061,1696,2757,0.6255896226415094
1009,1707,2716,0.591095489162273
1094,1732,2826,0.6316397228637414
1089,1726,2815,0.6309385863267671
1031,1669,2700,0.6177351707609346
903,1451,2354,0.622329427980703
1138,1795,2933,0.633983286908078
999,1582,2581,0.6314791403286979
1050,1650,2700,0.6363636363636364
1069,1576,2645,0.6782994923857868
1098,1791,2889,0.6130653266331658
1138,1727,2865,0.6589461493920092
1024,1539,2563,0.6653671215074723
1037,1667,2704,0.6220755848830234
959,1599,2558,0.5997498436522827
1005,1710,2715,0.5877192982456141
829,1381,2210,0.6002896451846488
1195,1718,2913,0.6955762514551804
1082,1699,2781,0.6368452030606239
1004,1706,2710,0.5885111371629543
1048,1631,2679,0.6425505824647455
1087,1835,2922,0.5923705722070844
1089,1793,2882,0.6073619631901841
1048,1622,2670,0.6461159062885327
1024,1690,2714,0.6059171597633136
1146,1747,2893,0.6559816828849456
1150,1755,2905,0.6552706552706553
1009,1604,2613,0.6290523690773068
1074,1743,2817,0.6161790017211703
1143,1648,2791,0.6935679611650486
1049,1690,2739,0.6207100591715976
873,1580,2453,0.5525316455696202
1137,1801,2938,0.6313159355913381
934,1426,2360,0.6549789621318373
1117,1761,2878,0.6342986939239069
1048,1699,2747,0.616833431430253
1048,1710,2758,0.6128654970760234
1083,1716,2799,0.6311188811188811
1019,1785,2804,0.5708683473389355
956,1635,2591,0.5847094801223242
1105,1826,2931,0.6051478641840088
1016,1641,2657,0.6191346739792809
1092,1621,2713,0.6736582356570019
1099,1598,2697,0.6877346683354193
989,1524,2513,0.6489501312335958
1035,1713,2748,0.6042031523642732
965,1490,2455,0.6476510067114094
1083,1622,2705,0.6676942046855734
1025,1592,2617,0.6438442211055276
990,1677,2667,0.590339892665474
1015,1578,2593,0.6432192648922687
1058,1639,2697,0.6455155582672362
1083,1643,2726,0.6591600730371272
1069,1698,2767,0.6295641931684335
1044,1717,2761,0.6080372743156669
1098,1780,2878,0.6168539325842697
1161,1780,2941,0.652247191011236
1099,1724,2823,0.6374709976798144
1032,1754,2786,0.5883694412770809
982,1504,2486,0.6529255319148937
965,1707,2672,0.5653192735793791
971,1717,2688,0.5655212580081538
1055,1721,2776,0.6130156885531668
1086,1547,2633,0.7020038784744667
1103,1650,2753,0.6684848484848485
1044,1642,2686,0.6358099878197321
1124,1729,2853,0.6500867553499132
945,1565,2510,0.6038338658146964
1016,1590,2606,0.6389937106918239
1074,1811,2885,0.5930425179458862
1020,1625,2645,0.6276923076923077
999,1621,2620,0.6162862430598396
1020,1797,2817,0.5676126878130217
1051,1644,2695,0.639294403892944
1085,1678,2763,0.6466030989272944
765,1276,2041,0.5995297805642633
994,1639,2633,0.6064673581452105
1041,1622,2663,0.6418002466091245
972,1669,2641,0.5823846614739365
1037,1594,2631,0.650564617314931
958,1515,2473,0.6323432343234323
963,1669,2632,0.5769922109047334
1081,1749,2830,0.6180674671240709
1025,1617,2642,0.6338899196042053
1067,1682,2749,0.6343638525564804
982,1646,2628,0.5965978128797084
969,1689,2658,0.5737122557726465
974,1639,2613,0.5942647956070775
1061,1746,2807,0.6076746849942726
1060,1776,2836,0.5968468468468469
997,1707,2704,0.5840656121851201
1042,1538,2580,0.6775032509752926
1126,1849,2975,0.6089778258518118
1155,1725,2880,0.6695652173913044
1212,1808,3020,0.6703539823008849
1178,1612,2790,0.7307692307692307
1069,1740,2809,0.614367816091954
1077,1702,2779,0.6327849588719154
1127,1680,2807,0.6708333333333333
1062,1585,2647,0.670031545741325
1032,1641,2673,0.6288848263254113
1036,1754,2790,0.5906499429874572
1117,1763,2880,0.6335791264889393
1010,1535,2545,0.6579804560260586
1107,1728,2835,0.640625
1100,1799,2899,0.6114508060033352
1111,1752,2863,0.6341324200913242
1058,1686,2744,0.627520759193357
1043,1637,2680,0.6371411117898595
961,1611,2572,0.5965238981998758
1024,1711,2735,0.5984804208065458
967,1507,2474,0.641672196416722
1039,1651,2690,0.6293155663234403
1006,1560,2566,0.6448717948717949
1165,1752,2917,0.6649543378995434
1057,1511,2568,0.699536730641959
1113,1746,2859,0.6374570446735395
1216,1879,3095,0.6471527408195848
1072,1725,2797,0.6214492753623189
1032,1775,2807,0.5814084507042253
1209,1824,3033,0.662828947368421
1088,1840,2928,0.591304347826087
1166,1798,2964,0.6484983314794216
1190,1830,3020,0.6502732240437158
1216,1926,3142,0.6313603322949117
1109,1770,2879,0.6265536723163841
1093,1841,2934,0.5936990765888104
1118,1790,2908,0.6245810055865921
1103,1677,2780,0.6577221228384019
946,1540,2486,0.6142857142857143
1075,1597,2672,0.6731371321227301
1177,1711,2888,0.6879018118059614
1110,1703,2813,0.6517909571344686
1135,1628,2763,0.6971744471744472
1221,1773,2994,0.688663282571912
1079,1627,2706,0.6631837738168408
1161,1638,2799,0.7087912087912088
1107,1700,2807,0.6511764705882352
1071,1646,2717,0.6506682867557716
1164,1709,2873,0.6811000585137508
1065,1651,2716,0.6450635978195033
1099,1774,2873,0.6195039458850057
972,1676,2648,0.5799522673031027
1127,1844,2971,0.6111713665943601
1053,1759,2812,0.5986355884025014
1123,1651,2774,0.6801938219261053
1103,1692,2795,0.6518912529550828
946,1568,2514,0.6033163265306123
1056,1620,2676,0.6518518518518519
1163,1788,2951,0.6504474272930649
1001,1666,2667,0.6008403361344538
1004,1580,2584,0.6354430379746835
1041,1668,2709,0.6241007194244604
1041,1627,2668,0.6398279041180086
1026,1797,2823,0.5709515859766278
1079,1782,2861,0.6054994388327721
984,1634,2618,0.602203182374541
863,1516,2379,0.5692612137203166
1004,1694,2698,0.5926800472255017
989,1748,2737,0.5657894736842105
963,1601,2564,0.6014990630855716
1144,1778,2922,0.6434195725534309
1103,1721,2824,0.6409064497385241
1180,1819,2999,0.6487080813633864
1108,1679,2787,0.6599166170339488
1121,1732,2853,0.6472286374133949
1105,1698,2803,0.6507656065959952
1084,1769,2853,0.6127755794234031
938,1664,2602,0.5637019230769231
1043,1723,2766,0.6053395240858966
1110,1755,2865,0.6324786324786325
987,1736,2723,0.5685483870967742
1099,1693,2792,0.6491435321913762
1003,1694,2697,0.5920897284533648
1132,1738,2870,0.6513233601841196
1053,1671,2724,0.63016157989228
1251,1853,3104,0.6751214247166757
1008,1656,2664,0.6086956521739131
1039,1607,2646,0.6465463596764157
1162,1785,2947,0.6509803921568628
1113,1773,2886,0.6277495769881557
976,1702,2678,0.5734430082256169
1046,1754,2800,0.5963511972633979
1031,1636,2667,0.6301955990220048
950,1613,2563,0.5889646621202728
1132,1741,2873,0.6502010338885698
1006,1572,2578,0.6399491094147582
1026,1664,2690,0.6165865384615384
1230,1740,2970,0.7068965517241379
1134,1752,2886,0.6472602739726028
1165,1758,2923,0.6626848691695109
1143,1818,2961,0.6287128712871287
1131,1815,2946,0.6231404958677685
1036,1840,2876,0.5630434782608695
1137,1750,2887,0.6497142857142857
1083,1761,2844,0.6149914821124361
1096,1611,2707,0.68032278088144
944,1677,2621,0.5629099582587954
1139,1743,2882,0.6534710269650029
1050,1629,2679,0.6445672191528545
1067,1724,2791,0.6189095127610209
1061,1640,2701,0.6469512195121951
1090,1819,2909,0.5992303463441452
997,1703,2700,0.5854374633000587
985,1645,2630,0.5987841945288754
1082,1734,2816,0.6239907727797002
923,1461,2384,0.6317590691307323
976,1771,2747,0.5511010728402033
969,1640,2609,0.5908536585365853
1071,1683,2754,0.6363636363636364
1013,1635,2648,0.6195718654434251
1015,1639,2654,0.6192800488102501
1145,1710,2855,0.6695906432748538
1140,1706,2846,0.6682297772567409
1133,1684,2817,0.6728028503562945
935,1517,2452,0.6163480553724456
1126,1704,2830,0.6607981220657277
982,1470,2452,0.6680272108843538
1008,1679,2687,0.600357355568791
903,1580,2483,0.5715189873417722
1012,1697,2709,0.5963464938126105
968,1662,2630,0.5824308062575211
940,1585,2525,0.5930599369085173
1004,1468,2472,0.6839237057220708
1004,1637,2641,0.613317043372022
992,1704,2696,0.5821596244131455
1183,1765,2948,0.6702549575070822
1061,1688,2749,0.6285545023696683
889,1305,2194,0.6812260536398468
1029,1686,2715,0.6103202846975089
1221,1791,3012,0.6817420435510888
1110,1657,2767,0.6698853349426674
930,1579,2509,0.5889803673210893
929,1701,2630,0.5461493239271017
932,1660,2592,0.5614457831325301
875,1389,2264,0.6299496040316774
947,1522,2469,0.6222076215505913
967,1530,2497,0.6320261437908496
1089,1749,2838,0.6226415094339622
967,1500,2467,0.6446666666666667
1072,1574,2646,0.6810673443456162
1060,1618,2678,0.6551297898640297
1081,1575,2656,0.6863492063492064
1108,1720,2828,0.6441860465116279
971,1550,2521,0.6264516129032258
981,1548,2529,0.6337209302325582
876,1424,2300,0.6151685393258427
820,1264,2084,0.6487341772151899
1038,1620,2658,0.6407407407407407
980,1700,2680,0.5764705882352941
990,1599,2589,0.6191369606003753
980,1649,2629,0.5942995755003032
999,1689,2688,0.5914742451154529
967,1591,2558,0.6077938403519799
1068,1614,2682,0.6617100371747212
910,1505,2415,0.6046511627906976
1019,1821,2840,0.5595826468973092
917,1486,2403,0.617092866756393
1061,1458,2519,0.7277091906721537
1159,1695,2854,0.6837758112094395
1040,1778,2818,0.5849268841394826
1062,1663,2725,0.6386049308478653
1063,1691,2754,0.628622117090479
1159,1779,2938,0.6514896008993817
1029,1559,2588,0.6600384862091084
980,1593,2573,0.6151914626490897
1005,1722,2727,0.5836236933797909
1044,1673,2717,0.6240286909742977
995,1671,2666,0.5954518252543387
969,1397,2366,0.6936292054402291
1020,1638,2658,0.6227106227106227
1073,1671,2744,0.642130460801915
1070,1775,2845,0.6028169014084507
1071,1753,2824,0.6109526525955505
1009,1594,2603,0.6329987452948557
956,1676,2632,0.5704057279236276
930,1584,2514,0.5871212121212122
964,1656,2620,0.5821256038647343
937,1680,2617,0.5577380952380953
1017,1585,2602,0.6416403785488959
1053,1754,2807,0.6003420752565565
1042,1569,2611,0.6641172721478649
1081,1606,2687,0.6731008717310087
927,1615,2542,0.5739938080495356
1007,1769,2776,0.5692481628038439
1093,1855,2948,0.5892183288409704
939,1732,2671,0.542147806004619
1028,1649,2677,0.6234081261370528
1030,1799,2829,0.5725403001667593
877,1539,2416,0.5698505523066927
1097,1653,2750,0.6636418632788869
1013,1581,2594,0.6407337128399747
1067,1648,2715,0.6474514563106796
1128,1790,2918,0.6301675977653631
954,1728,2682,0.5520833333333334
1142,1778,2920,0.6422947131608548
1029,1743,2772,0.5903614457831325
894,1400,2294,0.6385714285714286
895,1523,2418,0.587655942219304
990,1530,2520,0.6470588235294118
1009,1673,2682,0.6031081888822475
1102,1723,2825,0.6395821242019734
945,1590,2535,0.5943396226415094
918,1643,2561,0.5587340231284236
1045,1812,2857,0.576710816777042
1052,1767,2819,0.5953593661573288
960,1631,2591,0.5885959534028203
991,1725,2716,0.5744927536231884
980,1610,2590,0.6086956521739131
1018,1597,2615,0.6374452097683156
1042,1621,2663,0.6428130783466995
1005,1606,2611,0.6257783312577833
1139,1771,2910,0.6431394692264257
1120,1649,2769,0.6791995148574894
1161,1701,2862,0.6825396825396826
1034,1575,2609,0.6565079365079365
1112,1792,2904,0.6205357142857143
1147,1730,2877,0.6630057803468208
1052,1623,2675,0.6481823783117683
1003,1579,2582,0.6352121595946801
1007,1519,2526,0.662936142198815
1045,1688,2733,0.6190758293838863
1055,1712,2767,0.6162383177570093
1092,1570,2662,0.6955414012738853
1123,1754,2877,0.6402508551881414
1102,1714,2816,0.6429404900816803
1078,1680,2758,0.6416666666666667
1169,1782,2951,0.6560044893378226
851,1413,2264,0.6022646850672329
1023,1644,2667,0.6222627737226277
1032,1672,2704,0.6172248803827751
1012,1812,2824,0.5584988962472406
1084,1767,2851,0.613469156762875
859,1359,2218,0.6320824135393672
970,1687,2657,0.5749851807943094
1058,1633,2691,0.647887323943662
852,1466,2318,0.5811732605729877
978,1745,2723,0.5604584527220631
1134,1744,2878,0.6502293577981652
1007,1740,2747,0.578735632183908
1033,1652,2685,0.6253026634382567
1030,1681,2711,0.6127305175490779
1028,1775,2803,0.5791549295774648
959,1624,2583,0.5905172413793104
1113,1768,2881,0.629524886877828
1038,1639,2677,0.6333129957291032
985,1630,2615,0.6042944785276073
1119,1785,2904,0.626890756302521
901,1378,2279,0.6538461538461539
1096,1727,2823,0.6346265199768385
973,1535,2508,0.6338762214983713
899,1558,2457,0.5770218228498074
1030,1721,2751,0.5984892504357932
934,1699,2633,0.5497351383166569
916,1305,2221,0.7019157088122605
977,1659,2636,0.5889089813140446
924,1703,2627,0.5425719318849089
998,1691,2689,0.5901833234772325
954,1672,2626,0.5705741626794258
928,1475,2403,0.6291525423728813
1112,1776,2888,0.6261261261261262
1040,1568,2608,0.6632653061224489
1058,1640,2698,0.6451219512195122
999,1499,2498,0.6664442961974649
1027,1642,2669,0.6254567600487211
1016,1671,2687,0.6080191502094554
1163,1698,2861,0.6849234393404005
968,1498,2466,0.6461949265687583
1071,1775,2846,0.6033802816901408
1141,1765,2906,0.6464589235127479
1067,1652,2719,0.6458837772397095
1125,1766,2891,0.6370328425821065
931,1736,2667,0.5362903225806451
1097,1712,2809,0.6407710280373832
1099,1685,2784,0.6522255192878338
1108,1617,2725,0.6852195423623995
936,1474,2410,0.6350067842605156
984,1627,2611,0.6047940995697603
1003,1664,2667,0.6027644230769231
913,1533,2446,0.5955642530984997
937,1644,2581,0.5699513381995134
986,1567,2553,0.6292278238672623
1074,1634,2708,0.6572827417380661
1055,1716,2771,0.6148018648018648
1078,1584,2662,0.6805555555555556
1005,1607,2612,0.6253889234598631
894,1518,2412,0.5889328063241107
911,1625,2536,0.5606153846153846
950,1768,2718,0.5373303167420814
988,1774,2762,0.5569334836527621
1098,1715,2813,0.6402332361516035
1088,1835,2923,0.5929155313351498
1056,1755,2811,0.6017094017094017
971,1563,2534,0.6212412028150992
1146,1826,2972,0.6276013143483024
920,1464,2384,0.6284153005464481
1039,1594,2633,0.651819322459222
1020,1715,2735,0.5947521865889213
1020,1716,2736,0.5944055944055944
1049,1638,2687,0.6404151404151404
1093,1769,2862,0.6178631995477671
989,1528,2517,0.6472513089005235
960,1597,2557,0.6011271133375078
997,1582,2579,0.6302149178255373
961,1576,2537,0.6097715736040609
1105,1756,2861,0.6292710706150342
1010,1699,2709,0.594467333725721
1071,1677,2748,0.6386404293381037
1002,1599,2601,0.626641651031895
1025,1685,2710,0.6083086053412463
1090,1709,2799,0.6377998829724986
1172,1651,2823,0.7098728043609933
1138,1722,2860,0.6608594657375145
1136,1664,2800,0.6826923076923077
1017,1597,2614,0.6368190356919223
1062,1892,2954,0.5613107822410148
1158,1790,2948,0.646927374301676
996,1625,2621,0.6129230769230769
1089,1717,2806,0.6342457775189284
999,1561,2560,0.6399743754003844
1005,1683,2688,0.5971479500891266
1073,1793,2866,0.5984383714445064
1082,1852,2934,0.5842332613390929
1019,1713,2732,0.5948628137769995
1134,1676,2810,0.6766109785202864
1071,1746,2817,0.6134020618556701
1053,1693,2746,0.6219728292971057
1056,1686,2742,0.6263345195729537
950,1510,2460,0.6291390728476821
970,1513,2483,0.6411103767349636
974,1635,2609,0.5957186544342508
893,1708,2601,0.5228337236533958
1154,1736,2890,0.6647465437788018
1093,1542,2635,0.7088197146562906
896,1495,2391,0.5993311036789297
995,1560,2555,0.6378205128205128
1006,1680,2686,0.5988095238095238
1001,1635,2636,0.6122324159021407
1120,1817,2937,0.616400660429279
1068,1754,2822,0.6088939566704675
1007,1617,2624,0.6227581941867656
1105,1749,2854,0.631789594053745
1020,1586,2606,0.6431273644388399
940,1441,2381,0.6523247744621791
1061,1678,2739,0.632300357568534
1072,1760,2832,0.6090909090909091
1083,1842,2925,0.5879478827361564
1027,1705,2732,0.6023460410557184
971,1613,2584,0.601983880967142
964,1544,2508,0.6243523316062176
1169,1758,2927,0.6649601820250285
962,1535,2497,0.6267100977198697
990,1700,2690,0.5823529411764706
1024,1675,2699,0.6113432835820896
1000,1699,2699,0.5885815185403178
938,1558,2496,0.6020539152759948
1050,1692,2742,0.6205673758865248
1119,1815,2934,0.6165289256198347
1067,1641,2708,0.6502132845825715
1073,1655,2728,0.6483383685800604
1051,1628,2679,0.6455773955773956
1152,1686,2838,0.6832740213523132
1114,1773,2887,0.6283135927805978
905,1467,2372,0.6169052488070893
990,1560,2550,0.6346153846153846
973,1694,2667,0.5743801652892562
963,1678,2641,0.5738974970202623
994,1692,2686,0.5874704491725768
958,1640,2598,0.5841463414634146
980,1669,2649,0.5871779508687837
990,1818,2808,0.5445544554455446
1055,1745,2800,0.6045845272206304
1029,1674,2703,0.6146953405017921
1037,1654,2691,0.6269649334945586
1090,1756,2846,0.6207289293849658
1176,1778,2954,0.6614173228346457
1165,1769,2934,0.6585641605426795
1118,1723,2841,0.648868253047011
1186,1768,2954,0.670814479638009
1017,1701,2718,0.5978835978835979
1195,1771,2966,0.6747600225861096
1055,1723,2778,0.612304120719675
1074,1691,2765,0.6351271437019516
1002,1706,2708,0.5873388042203986
1116,1727,2843,0.6462072958888245
1099,1679,2778,0.6545562835020846
1143,1615,2758,0.7077399380804954
1146,1585,2731,0.7230283911671924
1190,1914,3104,0.6217345872518286
1090,1777,2867,0.6133933595948228
1091,1826,2917,0.5974808324205915
1106,1825,2931,0.606027397260274
921,1556,2477,0.5919023136246787
849,1447,2296,0.5867311679336559
912,1635,2547,0.5577981651376147
1517,2365,3882,0.6414376321353066
1568,2174,3742,0.7212511499540019
1457,2109,3566,0.6908487434803224
1568,2002,3570,0.7832167832167832
1326,2103,3429,0.630527817403709
1238,1861,3099,0.6652337452982268
1606,2273,3879,0.7065552133743951
1569,2175,3744,0.7213793103448276
1038,1522,2560,0.6819973718791065
1410,2006,3416,0.7028913260219342
1647,2366,4013,0.6961115807269653
1579,2395,3974,0.6592901878914404
1715,2223,3938,0.7714799820062977
1474,2041,3515,0.7221950024497795
1493,2405,3898,0.6207900207900208
1502,2093,3595,0.7176301958910655
1614,1913,3527,0.843700993204391
1350,1730,3080,0.7803468208092486
1689,2385,4074,0.7081761006289308
1562,1877,3439,0.8321790090570058
1607,2098,3705,0.7659675881792183
1605,2419,4024,0.6634973129392311
1445,2040,3485,0.7083333333333334
1613,2402,4015,0.6715237302248127
1700,2377,4077,0.715187210769878
1553,2256,3809,0.688386524822695
1517,2260,3777,0.6712389380530973
1611,2248,3859,0.7166370106761566
869,1309,2178,0.6638655462184874
730,998,1728,0.7314629258517034
886,1539,2425,0.5756985055230669
1080,1867,2947,0.578468130690948
1411,2485,3896,0.5678068410462777
1472,2567,4039,0.5734320218153487
587,987,1574,0.5947315096251267
399,724,1123,0.5511049723756906
1352,2027,3379,0.6669955599407992
536,756,1292,0.708994708994709
884,1161,2045,0.7614125753660638
255,355,610,0.7183098591549296
588,856,1444,0.6869158878504673
481,795,1276,0.6050314465408805
907,1588,2495,0.5711586901763224
501,840,1341,0.5964285714285714
777,1010,1787,0.7693069306930693
816,1019,1835,0.8007850834151129
644,790,1434,0.8151898734177215
648,901,1549,0.7192008879023307
824,1215,2039,0.6781893004115226
455,696,1151,0.6537356321839081
554,721,1275,0.768377253814147
660,827,1487,0.7980652962515115
665,955,1620,0.6963350785340314
616,714,1330,0.8627450980392157
657,943,1600,0.6967126193001061
781,1048,1829,0.7452290076335878
590,930,1520,0.6344086021505376
523,946,1469,0.5528541226215645
641,961,1602,0.6670135275754423
424,750,1174,0.5653333333333334
1048,1096,2144,0.9562043795620438
657,882,1539,0.7448979591836735
449,667,1116,0.6731634182908546
743,1042,1785,0.7130518234165067
554,747,1301,0.7416331994645248
1018,1455,2473,0.6996563573883161
606,872,1478,0.694954128440367
570,859,1429,0.6635622817229336
706,917,1623,0.7699018538713195
798,1198,1996,0.666110183639399
599,826,1425,0.725181598062954
570,887,1457,0.6426155580608793
801,1135,1936,0.7057268722466961
406,532,938,0.7631578947368421
630,934,1564,0.6745182012847966
691,1103,1794,0.6264732547597461
801,908,1709,0.8821585903083701
619,759,1378,0.8155467720685112
435,686,1121,0.6341107871720116
488,653,1141,0.7473200612557427
923,1298,2221,0.7110939907550077
874,779,1653,1.1219512195121952
349,858,1207,0.4067599067599067
599,683,1282,0.87701317715959
788,735,1523,1.0721088435374149
727,993,1720,0.7321248741188319
963,999,1962,0.963963963963964
623,811,1434,0.7681874229346486
657,771,1428,0.8521400778210116
839,1064,1903,0.7885338345864662
962,1416,2378,0.6793785310734464
818,1220,2038,0.6704918032786885
560,834,1394,0.6714628297362111
302,336,638,0.8988095238095238
825,1214,2039,0.6795716639209226
513,760,1273,0.675
956,1323,2279,0.7226001511715797
639,979,1618,0.6527068437180796
863,1246,2109,0.6926163723916533
779,1025,1804,0.76
669,766,1435,0.8733681462140992
439,633,1072,0.693522906793049
990,1459,2449,0.67854694996573
563,951,1514,0.5920084121976866
771,998,1769,0.7725450901803608
480,666,1146,0.7207207207207207
659,722,1381,0.912742382271468
869,1046,1915,0.8307839388145315
610,871,1481,0.7003444316877153
777,1062,1839,0.731638418079096
437,713,1150,0.6129032258064516
626,902,1528,0.6940133037694013
453,565,1018,0.8017699115044248
1005,1503,2508,0.6686626746506986
597,779,1376,0.766367137355584
557,799,1356,0.6971214017521903
1005,1496,2501,0.6717914438502673
433,598,1031,0.7240802675585284
917,969,1886,0.9463364293085657
518,833,1351,0.6218487394957983
702,943,1645,0.7444326617179216
680,1115,1795,0.6098654708520179
471,754,1225,0.6246684350132626
252,420,672,0.6
925,1467,2392,0.6305385139740968
709,1010,1719,0.7019801980198019
707,1029,1736,0.6870748299319728
660,995,1655,0.6633165829145728
596,1383,1979,0.4309472161966739
525,793,1318,0.6620428751576293
485,738,1223,0.6571815718157181
698,1068,1766,0.653558052434457
476,672,1148,0.7083333333333334
608,772,1380,0.7875647668393783
632,825,1457,0.7660606060606061
850,1232,2082,0.689935064935065
387,486,873,0.7962962962962963
523,783,1306,0.6679438058748404
548,871,1419,0.6291618828932262
742,932,1674,0.796137339055794
596,913,1509,0.6527929901423878
655,1160,1815,0.5646551724137931
714,952,1666,0.75
636,1150,1786,0.5530434782608695
598,862,1460,0.6937354988399071
510,718,1228,0.7103064066852368
999,1490,2489,0.6704697986577182
1181,1981,3162,0.5961635537607269
721,933,1654,0.7727759914255091
456,715,1171,0.6377622377622377
648,631,1279,1.0269413629160062
760,966,1726,0.7867494824016563
297,469,766,0.6332622601279317
424,697,1121,0.6083213773314203
529,817,1346,0.6474908200734394
510,611,1121,0.8346972176759411
338,503,841,0.6719681908548708
339,624,963,0.5432692307692307
933,1378,2311,0.6770682148040639
762,1227,1989,0.6210268948655256
644,1025,1669,0.6282926829268293
461,718,1179,0.6420612813370473
610,850,1460,0.7176470588235294
548,788,1336,0.6954314720812182
197,328,525,0.600609756097561
372,549,921,0.6775956284153005
376,581,957,0.6471600688468159
442,545,987,0.8110091743119267
583,626,1209,0.9313099041533548
1117,1529,2646,0.7305428384565075
731,793,1524,0.9218158890290038
508,714,1222,0.711484593837535
800,854,1654,0.936768149882904
344,562,906,0.6120996441281139
590,790,1380,0.7468354430379747
813,921,1734,0.8827361563517915
685,944,1629,0.725635593220339
613,817,1430,0.7503059975520195
652,1073,1725,0.6076421248835042
635,928,1563,0.6842672413793104
1306,1800,3106,0.7255555555555555
403,630,1033,0.6396825396825396
636,796,1432,0.7989949748743719
362,613,975,0.5905383360522023
520,681,1201,0.7635829662261381
653,1020,1673,0.6401960784313725
632,902,1534,0.7006651884700665
988,1229,2217,0.8039056143205858
863,1234,2097,0.6993517017828201
303,453,756,0.6688741721854304
564,847,1411,0.6658795749704841
1169,1660,2829,0.7042168674698795
539,763,1302,0.7064220183486238
656,1123,1779,0.5841495992876224
650,918,1568,0.7080610021786492
620,701,1321,0.884450784593438
1190,1259,2449,0.9451945988880064
561,836,1397,0.6710526315789473
301,503,804,0.5984095427435387
654,704,1358,0.9289772727272728
442,817,1259,0.5410036719706243
692,1130,1822,0.6123893805309735
955,1399,2354,0.6826304503216584
722,1291,2013,0.5592563903950426
852,1153,2005,0.7389418907198613
582,680,1262,0.8558823529411764
749,1028,1777,0.7285992217898832
486,674,1160,0.7210682492581603
336,513,849,0.6549707602339181
644,763,1407,0.8440366972477065
650,775,1425,0.8387096774193549
455,615,1070,0.7398373983739838
653,953,1606,0.6852046169989506
1088,1647,2735,0.660595021250759
430,567,997,0.7583774250440917
337,564,901,0.5975177304964538
630,948,1578,0.6645569620253164
713,831,1544,0.8580024067388689
665,872,1537,0.7626146788990825
337,517,854,0.6518375241779497
572,800,1372,0.715
573,563,1136,1.0177619893428065
728,761,1489,0.9566360052562418
371,508,879,0.7303149606299213
721,998,1719,0.7224448897795591
715,1000,1715,0.715
658,900,1558,0.7311111111111112
517,836,1353,0.618421052631579
671,955,1626,0.7026178010471205
430,508,938,0.8464566929133859
817,1129,1946,0.7236492471213464
424,649,1073,0.6533127889060092
866,1282,2148,0.6755070202808112
280,484,764,0.5785123966942148
310,468,778,0.6623931623931624
575,885,1460,0.6497175141242938
676,888,1564,0.7612612612612613
604,576,1180,1.0486111111111112
489,808,1297,0.6051980198019802
529,575,1104,0.92
577,939,1516,0.6144834930777423
854,1022,1876,0.8356164383561644
519,727,1246,0.7138927097661623
268,466,734,0.575107296137339
502,833,1335,0.602641056422569
587,749,1336,0.7837116154873164
607,897,1504,0.6767001114827201
720,658,1378,1.094224924012158
494,812,1306,0.6083743842364532
523,732,1255,0.7144808743169399
553,854,1407,0.6475409836065574
484,611,1095,0.7921440261865794
797,954,1751,0.8354297693920335
497,636,1133,0.7814465408805031
478,762,1240,0.6272965879265092
517,821,1338,0.6297198538367844
334,520,854,0.6423076923076924
678,935,1613,0.7251336898395722
1141,1784,2925,0.6395739910313901
497,717,1214,0.6931659693165969
646,960,1606,0.6729166666666667
492,806,1298,0.6104218362282878
395,626,1021,0.6309904153354633
531,629,1160,0.8441971383147854
709,1056,1765,0.6714015151515151
692,1084,1776,0.6383763837638377
334,614,948,0.5439739413680782
836,1113,1949,0.7511230907457322
584,974,1558,0.5995893223819302
652,903,1555,0.7220376522702104
508,677,1185,0.7503692762186115
664,887,1551,0.7485907553551296
1004,1125,2129,0.8924444444444445
573,812,1385,0.7056650246305419
444,622,1066,0.7138263665594855
562,928,1490,0.6056034482758621
585,639,1224,0.9154929577464788
865,1034,1899,0.8365570599613152
649,847,1496,0.7662337662337663
431,440,871,0.9795454545454544
857,1203,2060,0.71238570241064
345,504,849,0.6845238095238095
1089,1491,2580,0.7303822937625755
541,685,1226,0.7897810218978102
354,467,821,0.7580299785867237
363,449,812,0.8084632516703786
890,1382,2272,0.6439942112879884
614,938,1552,0.6545842217484008
579,683,1262,0.8477306002928258
589,852,1441,0.6913145539906104
800,1025,1825,0.7804878048780488
812,1142,1954,0.7110332749562172
673,734,1407,0.9168937329700272
609,771,1380,0.7898832684824902
389,554,943,0.7021660649819494
518,759,1277,0.6824769433465085
507,711,1218,0.7130801687763713
418,717,1135,0.5829846582984658
294,487,781,0.6036960985626283
623,986,1609,0.6318458417849898
610,973,1583,0.6269270298047277
429,832,1261,0.515625
683,950,1633,0.7189473684210527
485,731,1216,0.6634746922024624
309,504,813,0.6130952380952381
429,682,1111,0.6290322580645161
738,1014,1752,0.727810650887574
840,1114,1954,0.7540394973070018
414,681,1095,0.6079295154185022
558,980,1538,0.5693877551020409
385,596,981,0.6459731543624161
667,722,1389,0.9238227146814404
406,664,1070,0.6114457831325302
670,956,1626,0.700836820083682
462,708,1170,0.652542372881356
771,946,1717,0.8150105708245243
517,578,1095,0.8944636678200693
737,850,1587,0.8670588235294118
478,750,1228,0.6373333333333333
519,772,1291,0.6722797927461139
716,959,1675,0.7466110531803962
629,900,1529,0.6988888888888889
479,571,1050,0.8388791593695272
1064,1258,2322,0.8457869634340223
677,937,1614,0.7225186766275347
440,660,1100,0.6666666666666666
485,778,1263,0.6233933161953727
717,947,1664,0.7571277719112989
345,599,944,0.5759599332220368
452,719,1171,0.6286509040333796
629,870,1499,0.7229885057471265
565,859,1424,0.6577415599534342
639,935,1574,0.6834224598930482
588,829,1417,0.7092882991556092
385,679,1064,0.5670103092783505
707,864,1571,0.8182870370370371
520,651,1171,0.7987711213517665
515,818,1333,0.6295843520782396
596,925,1521,0.6443243243243243
312,515,827,0.6058252427184466
655,908,1563,0.7213656387665198
514,766,1280,0.6710182767624021
592,932,1524,0.6351931330472103
536,855,1391,0.6269005847953216
616,993,1609,0.6203423967774421
417,624,1041,0.6682692307692307
732,1094,1826,0.6691042047531993
442,737,1179,0.5997286295793759
656,960,1616,0.6833333333333333
479,856,1335,0.5595794392523364
376,505,881,0.7445544554455445
344,602,946,0.5714285714285714
746,1047,1793,0.7125119388729704
910,1272,2182,0.7154088050314465
1080,1804,2884,0.5986696230598669
1012,1373,2385,0.7370721048798252
1047,1425,2472,0.7347368421052631
970,1360,2330,0.7132352941176471
1162,1691,2853,0.6871673565937315
1166,1711,2877,0.6814728229105786
1181,1734,2915,0.6810841983852365
1256,1820,3076,0.6901098901098901
1274,1872,3146,0.6805555555555556
1209,1779,2988,0.6795952782462057
1308,1751,3059,0.7470017133066819
1147,1816,2963,0.6316079295154186
1120,1795,2915,0.6239554317548747
1130,1747,2877,0.6468231253577561
1124,1682,2806,0.6682520808561236
1129,1633,2762,0.6913655848132272
1124,1569,2693,0.7163798597833014
1088,1481,2569,0.7346387575962188
1214,1844,3058,0.658351409978308
1240,1718,2958,0.7217694994179278
1250,1852,3102,0.6749460043196545
1211,1810,3021,0.669060773480663
1264,1768,3032,0.7149321266968326
1214,1827,3041,0.6644772851669404
1083,1672,2755,0.6477272727272727
1242,1688,2930,0.735781990521327
1262,1803,3065,0.6999445368829729
1177,1702,2879,0.6915393654524089
1152,1595,2747,0.722257053291536
1067,1551,2618,0.6879432624113475
1157,1697,2854,0.6817913965822039
1210,1795,3005,0.6740947075208914
1177,1683,2860,0.6993464052287581
1118,1673,2791,0.6682606096832038
1049,1593,2642,0.6585059635907093
1305,1913,3218,0.6821745948771563
1224,1850,3074,0.6616216216216216
1239,1873,3112,0.6615056059797116
1180,1774,2954,0.6651634723788049
1095,1610,2705,0.6801242236024845
1223,1734,2957,0.7053056516724336
1233,1858,3091,0.6636167922497309
1204,1697,2901,0.7094873305833824
1219,1797,3016,0.6783528102392877
861,1341,2202,0.6420581655480985
1097,1710,2807,0.6415204678362573
1048,1571,2619,0.6670910248249523
1177,1643,2820,0.7163724893487523
1219,1706,2925,0.7145369284876905
1135,1646,2781,0.68955042527339
1138,1615,2753,0.7046439628482972
1209,1950,3159,0.62
1211,1789,3000,0.6769144773616546
1188,1739,2927,0.6831512363427257
1256,1706,2962,0.7362250879249707
1059,1558,2617,0.6797175866495507
1290,2008,3298,0.6424302788844621
1185,1737,2922,0.6822107081174439
1272,1893,3165,0.6719492868462758
1416,1876,3292,0.7547974413646056
1305,1821,3126,0.7166392092257001
1316,1852,3168,0.7105831533477321
1269,1774,3043,0.7153325817361894
1352,1955,3307,0.6915601023017903
1126,1807,2933,0.6231322634200332
1144,1798,2942,0.6362625139043382
1093,1679,2772,0.6509827278141751
1340,1845,3185,0.7262872628726287
1283,1590,2873,0.8069182389937107
1169,1781,2950,0.6563728242560359
1240,1808,3048,0.6858407079646017
1216,1627,2843,0.7473878303626306
1283,1764,3047,0.7273242630385488
1210,1704,2914,0.710093896713615
1179,1663,2842,0.708959711365003
1235,1784,3019,0.6922645739910314
1163,1704,2867,0.6825117370892019
1157,1937,3094,0.5973154362416108
1325,2008,3333,0.6598605577689243
1206,1646,2852,0.732685297691373
1337,1702,3039,0.7855464159811986
1302,1731,3033,0.7521663778162911
1402,1896,3298,0.739451476793249
1154,1648,2802,0.7002427184466019
1217,1874,3091,0.6494130202774814
1044,1520,2564,0.6868421052631579
1166,1681,2847,0.693634741225461
1277,1855,3132,0.6884097035040432
1225,1774,2999,0.6905298759864712
1177,1725,2902,0.6823188405797102
1258,1863,3121,0.6752549651100376
1175,1657,2832,0.7091128545564273
1233,1869,3102,0.6597110754414125
1201,1825,3026,0.658082191780822
1203,1756,2959,0.6850797266514806
1222,1693,2915,0.7217956290608387
1228,1931,3159,0.6359399274987053
1213,1798,3011,0.6746384872080089
1245,1905,3150,0.6535433070866141
1242,1834,3076,0.6772082878953108
1239,1893,3132,0.6545166402535658
1192,1725,2917,0.6910144927536231
1252,1836,3088,0.681917211328976
1033,1497,2530,0.6900467601870407
1173,1714,2887,0.6843640606767795
1144,1763,2907,0.6488939307997731
1202,1596,2798,0.7531328320802005
1233,1808,3041,0.6819690265486725
1206,1800,3006,0.67
1184,1718,2902,0.689173457508731
1300,1850,3150,0.7027027027027027
1030,1602,2632,0.6429463171036205
1237,1812,3049,0.6826710816777042
1345,1862,3207,0.7223415682062299
1325,1824,3149,0.7264254385964912
1238,1855,3093,0.6673854447439354
1287,1927,3214,0.6678775298391282
1136,1727,2863,0.6577880718008107
1115,1667,2782,0.668866226754649
1212,1801,3013,0.6729594669627984
1233,1788,3021,0.6895973154362416
1257,1823,3080,0.689522764673615
1156,1463,2619,0.7901572112098428
1212,1826,3038,0.6637458926615553
1118,1772,2890,0.6309255079006773
1250,1951,3201,0.6406970784213224
1213,1739,2952,0.6975273145485912
1213,1838,3051,0.6599564744287268
1132,1720,2852,0.6581395348837209
1263,1780,3043,0.7095505617977528
1266,1794,3060,0.705685618729097
1211,1792,3003,0.67578125
1216,1733,2949,0.7016733987305251
1125,1671,2796,0.6732495511669659
1211,1673,2884,0.7238493723849372
1337,1833,3170,0.729405346426623
1246,1857,3103,0.6709746903607969
1314,1883,3197,0.6978226234731811
1169,1699,2868,0.6880517951736316
1233,1741,2974,0.7082136703044227
1277,1869,3146,0.6832530765115035
1124,1598,2722,0.7033792240300375
1117,1681,2798,0.6644854253420583
1165,1536,2701,0.7584635416666666
1187,1865,3052,0.636461126005362
1300,1764,3064,0.7369614512471655
1262,1718,2980,0.7345750873108265
1168,1651,2819,0.7074500302846759
1222,1709,2931,0.7150380339379754
1336,1792,3128,0.7455357142857143
1283,1674,2957,0.7664277180406213
1250,1669,2919,0.7489514679448772
1296,1796,3092,0.7216035634743875
1251,1905,3156,0.6566929133858268
1273,1907,3180,0.6675406397482958
1175,1894,3069,0.6203801478352693
1172,1532,2704,0.7650130548302873
1262,1790,3052,0.7050279329608938
1206,1715,2921,0.7032069970845481
1208,1785,2993,0.6767507002801121
1200,1693,2893,0.7088009450679268
1256,1688,2944,0.7440758293838863
1264,1773,3037,0.7129159616469262
1198,1718,2916,0.6973224679860303
1306,1667,2973,0.7834433113377325
1279,1764,3043,0.7250566893424036
1103,1723,2826,0.6401625072547882
1120,1695,2815,0.6607669616519174
1180,1785,2965,0.6610644257703081
1250,1690,2940,0.7396449704142012
1192,1608,2800,0.7412935323383084
1339,1862,3201,0.7191192266380236
1316,1802,3118,0.730299667036626
1320,1804,3124,0.7317073170731707
1222,1770,2992,0.6903954802259887
1251,1679,2930,0.7450863609291245
1212,1700,2912,0.7129411764705882
1112,1748,2860,0.6361556064073226
1190,1644,2834,0.7238442822384428
1159,1670,2829,0.6940119760479042
1184,1730,2914,0.684393063583815
1227,1861,3088,0.6593229446534121
1212,1761,2973,0.6882453151618398
1117,1645,2762,0.6790273556231003
1139,1796,2935,0.6341870824053452
1217,1827,3044,0.6661193212917351
1046,1497,2543,0.6987307949231797
1162,1801,2963,0.6451971127151582
1193,1724,2917,0.6919953596287703
1163,1829,2992,0.6358665937670859
1156,1751,2907,0.6601941747572816
1250,1747,2997,0.7155123068116772
1275,1764,3039,0.7227891156462585
1219,1772,2991,0.6879232505643341
1245,1702,2947,0.7314923619271445
1244,1678,2922,0.7413587604290822
1186,1728,2914,0.6863425925925926
1193,1631,2824,0.7314530962599632
1309,1855,3164,0.7056603773584905
1238,1638,2876,0.7557997557997558
1054,1538,2592,0.6853055916775033
1192,1803,2995,0.6611203549639489
1218,1814,3032,0.6714443219404631
1150,1697,2847,0.6776664702416029
1186,1789,2975,0.6629401900503075
1249,1768,3017,0.706447963800905
1200,1651,2851,0.726832222895215
1275,1760,3035,0.7244318181818182
1215,1701,2916,0.7142857142857143
1239,1569,2808,0.7896749521988528
1202,1667,2869,0.7210557888422315
1201,1548,2749,0.7758397932816538
1103,1570,2673,0.7025477707006369
1148,1681,2829,0.6829268292682927
1179,1627,2806,0.7246465888137676
1164,1604,2768,0.7256857855361596
1169,1641,2810,0.712370505789153
1186,1596,2782,0.7431077694235589
1197,1698,2895,0.7049469964664311
1184,1625,2809,0.7286153846153847
1195,1702,2897,0.7021151586368978
1192,1578,2770,0.7553865652724968
1209,1785,2994,0.6773109243697479
1173,1642,2815,0.7143727161997564
1100,1671,2771,0.6582884500299222
1128,1665,2793,0.6774774774774774
1175,1767,2942,0.6649688737973967
1147,1874,3021,0.612059765208111
1184,1752,2936,0.6757990867579908
1101,1583,2684,0.6955148452305748
1126,1694,2820,0.6646989374262101
1255,1859,3114,0.6750941366325982
1326,1911,3237,0.6938775510204082
1151,1717,2868,0.6703552708211997
1200,1688,2888,0.7109004739336493
1307,1648,2955,0.7930825242718447
1159,1731,2890,0.6695551704217215
1031,1545,2576,0.6673139158576051
1201,1806,3007,0.6650055370985604
1245,1900,3145,0.6552631578947369
1266,1819,3085,0.6959868059373282
1064,1609,2673,0.6612802983219391
1075,1611,2686,0.6672873991309746
1063,1534,2597,0.6929595827900913
1149,1715,2864,0.6699708454810496
1220,1744,2964,0.6995412844036697
1216,1765,2981,0.6889518413597734
1435,1906,3341,0.7528856243441763
1108,1681,2789,0.6591314693634741
1128,1783,2911,0.6326416152551879
1213,1825,3038,0.6646575342465754
1156,1718,2874,0.6728754365541327
1226,1672,2898,0.7332535885167464
1162,1779,2941,0.6531759415401911
1217,1792,3009,0.6791294642857143
1090,1747,2837,0.6239267315397825
1174,1723,2897,0.681369704004643
1007,1511,2518,0.6664460622104567
1146,1743,2889,0.657487091222031
1248,1820,3068,0.6857142857142857
1145,1758,2903,0.6513083048919226
1076,1588,2664,0.6775818639798489
1284,1845,3129,0.6959349593495935
1052,1756,2808,0.5990888382687927
1125,1768,2893,0.6363122171945701
1003,1728,2731,0.5804398148148148
1128,1826,2954,0.6177437020810514
1118,1828,2946,0.611597374179431
1167,1861,3028,0.6270822138635143
1150,1777,2927,0.6471581316826112
1245,1837,3082,0.6777354382144801
1236,1898,3134,0.6512118018967334
1279,1846,3125,0.6928494041170098
1248,1786,3034,0.6987681970884658
1288,1748,3036,0.7368421052631579
1149,1529,2678,0.7514715500327012
1152,1766,2918,0.652321630804077
1309,1760,3069,0.74375
1199,1800,2999,0.6661111111111111
1226,1875,3101,0.6538666666666667
1184,1742,2926,0.6796785304247991
1277,1756,3033,0.7272209567198178
1251,1666,2917,0.7509003601440576
1254,1648,2902,0.7609223300970874
1180,1901,3081,0.6207259337190952
1254,1702,2956,0.736780258519389
1278,1816,3094,0.7037444933920705
1041,1611,2652,0.6461824953445066
1181,1642,2823,0.7192448233861145
1286,1747,3033,0.7361190612478534
1152,1728,2880,0.6666666666666666
1150,1573,2723,0.7310870947234583
1111,1673,2784,0.6640765092647938
1117,1526,2643,0.7319790301441678
1178,1685,2863,0.6991097922848665
1201,1712,2913,0.701518691588785
1102,1464,2566,0.7527322404371585
1196,1809,3005,0.6611387506909895
1164,1684,2848,0.6912114014251781
1176,1743,2919,0.6746987951807228
1212,1739,2951,0.6969522714203565
1264,1704,2968,0.7417840375586855
1248,1801,3049,0.6929483620210994
1252,1716,2968,0.7296037296037297
1208,1482,2690,0.815114709851552
1126,1699,2825,0.6627427898763979
1203,1709,2912,0.7039204212990052
1140,1724,2864,0.6612529002320185
1162,1527,2689,0.7609692206941716
1098,1573,2671,0.6980292434837889
1037,1528,2565,0.6786649214659686
1159,1598,2757,0.7252816020025031
1229,1725,2954,0.712463768115942
1126,1421,2547,0.7923997185080929
1199,1694,2893,0.7077922077922078
1258,1618,2876,0.7775030902348579
1144,1633,2777,0.7005511328842621
1121,1524,2645,0.7355643044619422
1106,1648,2754,0.6711165048543689
1279,1733,3012,0.7380265435660704
1153,1522,2675,0.7575558475689882
1152,1609,2761,0.7159726538222498
1142,1560,2702,0.732051282051282
1179,1680,2859,0.7017857142857142
1175,1819,2994,0.645959318306762
1075,1689,2764,0.6364712847838958
1246,1745,2991,0.7140401146131805
1140,1611,2751,0.707635009310987
1261,1856,3117,0.6794181034482759
1159,1769,2928,0.6551724137931034
990,1623,2613,0.609981515711645
1170,1699,2869,0.6886403766921718
1215,1752,2967,0.6934931506849316
1091,1665,2756,0.6552552552552553
1100,1714,2814,0.6417736289381564
1179,1740,2919,0.6775862068965517
1001,1405,2406,0.7124555160142348
1106,1610,2716,0.6869565217391305
1205,1812,3017,0.6650110375275938
1199,1627,2826,0.7369391518131531
1086,1431,2517,0.7589098532494759
1238,1707,2945,0.7252489748096075
1206,1712,2918,0.7044392523364486
1212,1624,2836,0.7463054187192119
1182,1804,2986,0.655210643015521
1191,1780,2971,0.6691011235955057
1325,1730,3055,0.7658959537572254
1056,1522,2578,0.6938239159001314
1252,1757,3009,0.7125782583949914
1141,1635,2776,0.6978593272171254
1217,1751,2968,0.6950314106225014
1062,1647,2709,0.644808743169399
1096,1713,2809,0.6398131932282545
1243,1682,2925,0.739001189060642
1215,1683,2898,0.7219251336898396
1080,1578,2658,0.6844106463878327
1214,1708,2922,0.7107728337236534
1265,1678,2943,0.7538736591179976
1107,1655,2762,0.6688821752265861
1141,1768,2909,0.6453619909502263
1239,1715,2954,0.7224489795918367
1248,1646,2894,0.7582017010935601
1181,1731,2912,0.6822645869439631
1196,1708,2904,0.7002341920374707
1215,1714,2929,0.7088681446907817
1334,1839,3173,0.7253942359978249
1156,1661,2817,0.6959662853702588
1047,1608,2655,0.6511194029850746
1072,1647,2719,0.6508803885853066
1220,1601,2821,0.7620237351655216
1250,1825,3075,0.684931506849315
1252,1768,3020,0.7081447963800905
1163,1622,2785,0.717016029593095
1137,1730,2867,0.6572254335260116
1060,1691,2751,0.6268480189237138
1173,1734,2907,0.6764705882352942
1237,1728,2965,0.7158564814814815
1157,1671,2828,0.6923997606223818
1207,1718,2925,0.7025611175785798
1163,1808,2971,0.6432522123893806
1147,1617,2764,0.7093382807668522
1122,1729,2851,0.64893001735107
1109,1777,2886,0.6240855374226224
1170,1751,2921,0.6681896059394632
1139,1663,2802,0.6849067949488875
1268,1673,2941,0.757919904363419
1178,1640,2818,0.7182926829268292
1353,1937,3290,0.6985028394424367
1215,1735,2950,0.7002881844380403
1211,1672,2883,0.7242822966507177
1027,1676,2703,0.6127684964200477
1163,1682,2845,0.6914387633769322
1035,1509,2544,0.6858846918489065
1191,1661,2852,0.7170379289584587
1138,1544,2682,0.7370466321243523
1058,1588,2646,0.6662468513853904
1169,1726,2895,0.6772885283893395
1085,1650,2735,0.6575757575757576
1412,1883,3295,0.7498672331386086
1252,1743,2995,0.7183017785427424
1156,1618,2774,0.7144622991347342
1150,1688,2838,0.6812796208530806
1048,1682,2730,0.6230677764565993
1177,1722,2899,0.6835075493612079
1193,1591,2784,0.7498428661219358
1137,1584,2721,0.7178030303030303
1151,1664,2815,0.6917067307692307
1290,1668,2958,0.7733812949640287
1217,1751,2968,0.6950314106225014
1164,1792,2956,0.6495535714285714
1235,1878,3113,0.6576144834930777
1266,1772,3038,0.7144469525959368
1279,1752,3031,0.7300228310502284
1052,1579,2631,0.6662444585180494
1093,1650,2743,0.6624242424242425
1208,1681,2889,0.7186198691255206
1186,1608,2794,0.7375621890547264
1024,1463,2487,0.6999316473000684
1265,1592,2857,0.7945979899497487
1170,1683,2853,0.6951871657754011
1155,1667,2822,0.6928614277144571
1223,1799,3022,0.67982212340189
1150,1666,2816,0.6902761104441777
1145,1633,2778,0.7011635027556644
1131,1652,2783,0.6846246973365617
1151,1747,2898,0.6588437321121924
1163,1775,2938,0.6552112676056338
1162,1844,3006,0.6301518438177874
1119,1721,2840,0.6502033701336433
1153,1788,2941,0.6448545861297539
1159,1685,2844,0.687833827893175
1475,2099,3574,0.70271557884707
1050,1543,2593,0.6804925469863902
1192,1715,2907,0.6950437317784257
1098,1747,2845,0.6285060103033773
1154,1778,2932,0.6490438695163104
1191,1782,2973,0.6683501683501684
1149,1818,2967,0.6320132013201321
1148,1863,3011,0.6162104133118625
1189,1749,2938,0.6798170383076043
1168,1847,3015,0.6323768272874932
1146,1911,3057,0.5996860282574569
1206,1550,2756,0.7780645161290323
1148,1802,2950,0.6370699223085461
1128,1730,2858,0.6520231213872832
1223,1777,3000,0.6882386043894204
1229,1788,3017,0.6873601789709173
1108,1738,2846,0.6375143843498274
1098,1612,2710,0.6811414392059554
1222,1657,2879,0.7374773687386844
1239,1602,2841,0.7734082397003745
1204,1711,2915,0.7036820572764465
1278,1658,2936,0.7708082026537998
1381,1825,3206,0.7567123287671232
1208,1729,2937,0.6986697513013302
1122,1441,2563,0.7786259541984732
1183,1586,2769,0.7459016393442623
1127,1498,2625,0.7523364485981309
1182,1671,2853,0.7073608617594255
1103,1618,2721,0.6817058096415327
1177,1694,2871,0.6948051948051948
1184,1727,2911,0.6855819339895773
1077,1553,2630,0.6934964584674823
1127,1683,2810,0.6696375519904931
1289,1597,2886,0.8071383844708829
1200,1639,2839,0.7321537522879805
1129,1685,2814,0.6700296735905045
1062,1498,2560,0.7089452603471295
1221,1728,2949,0.7065972222222222
1204,1644,2848,0.732360097323601
1023,1561,2584,0.655349135169763
1153,1437,2590,0.802366040361865
1231,1537,2768,0.8009108653220559
1327,1725,3052,0.7692753623188405
1168,1728,2896,0.6759259259259259
1457,1941,3398,0.7506439979392066
1206,1716,2922,0.7027972027972028
1166,1697,2863,0.6870948733058339
1143,1520,2663,0.7519736842105263
1197,1675,2872,0.7146268656716418
1222,1613,2835,0.7575945443273404
1224,1668,2892,0.7338129496402878
1184,1739,2923,0.6808510638297872
1183,1675,2858,0.7062686567164179
1219,1735,2954,0.7025936599423631
1126,1652,2778,0.6815980629539952
1288,1763,3051,0.7305728871242201
1156,1669,2825,0.6926303175554224
1209,1623,2832,0.744916820702403
1205,1636,2841,0.7365525672371638
1294,1626,2920,0.7958179581795818
1183,1562,2745,0.7573623559539052
1235,1647,2882,0.7498482088646024
1120,1595,2715,0.7021943573667712
1169,1460,2629,0.8006849315068493
1282,1620,2902,0.7913580246913581
1251,1637,2888,0.7642028100183262
1313,1873,3186,0.7010144153764015
1206,1738,2944,0.6939010356731876
1133,1576,2709,0.7189086294416244
1154,1574,2728,0.7331639135959339
1451,1704,3155,0.8515258215962441
1115,1546,2661,0.7212160413971539
1259,1708,2967,0.7371194379391101
1131,1621,2752,0.6977174583590376
1140,1579,2719,0.7219759341355289
1221,1752,2973,0.696917808219178
1229,1663,2892,0.7390258568851473
1366,1588,2954,0.8602015113350125
1268,1684,2952,0.7529691211401425
1188,1783,2971,0.6662927650028042
1194,1594,2788,0.7490589711417817
1152,1553,2705,0.7417900837089504
1280,1747,3027,0.7326846021751574
1189,1694,2883,0.7018890200708382
1110,1641,2751,0.676416819012797
1032,1426,2458,0.7237026647966339
1223,1769,2992,0.6913510457885811
1083,1525,2608,0.7101639344262295
1415,1692,3107,0.8362884160756501
1190,1720,2910,0.6918604651162791
1187,1724,2911,0.6885150812064965
1179,1852,3031,0.6366090712742981
1083,1740,2823,0.6224137931034482
984,1462,2446,0.6730506155950753
1140,1773,2913,0.6429780033840947
1118,1647,2765,0.678809957498482
1019,1599,2618,0.6372732958098811
1130,1709,2839,0.6612053832650673
1062,1459,2521,0.7278958190541467
1154,1611,2765,0.7163252638112974
1394,1782,3176,0.7822671156004489
1204,1635,2839,0.7363914373088685
1206,1715,2921,0.7032069970845481
1202,1760,2962,0.6829545454545455
1144,1647,2791,0.6945962355798422
1108,1633,2741,0.6785058175137784
1245,1649,2894,0.7550030321406913
1068,1645,2713,0.6492401215805471
1169,1701,2870,0.6872427983539094
1055,1640,2695,0.6432926829268293
1196,1834,3030,0.6521264994547438
1410,1841,3251,0.7658881042911461
1222,1709,2931,0.7150380339379754
1137,1507,2644,0.7544790975447909
1108,1690,2798,0.6556213017751479
1042,1575,2617,0.6615873015873016
1202,1731,2933,0.6943963027151935
1165,1736,2901,0.6710829493087558
1055,1639,2694,0.6436851738865161
1189,1795,2984,0.6623955431754874
1220,1629,2849,0.7489257213014119
1255,1641,2896,0.7647775746496039
1332,1744,3076,0.7637614678899083
1157,1638,2795,0.7063492063492064
1143,1743,2886,0.6557659208261618
1179,1732,2911,0.680715935334873
1247,1820,3067,0.6851648351648352
1239,1761,3000,0.7035775127768313
1201,1793,2994,0.6698271054099275
1236,1782,3018,0.6936026936026936
1270,1800,3070,0.7055555555555556
1293,1724,3017,0.75
1441,1804,3245,0.7987804878048781
1098,1812,2910,0.6059602649006622
1144,1677,2821,0.6821705426356589
1161,1605,2766,0.7233644859813084
1171,1633,2804,0.7170851194121249
1085,1657,2742,0.6547978273989137
1238,1772,3010,0.698645598194131
1197,1808,3005,0.6620575221238938
1157,1655,2812,0.6990936555891238
1127,1590,2717,0.7088050314465408
1106,1746,2852,0.6334478808705613
1353,1793,3146,0.754601226993865
1119,1758,2877,0.636518771331058
1206,1739,2945,0.6935020126509488
1144,1730,2874,0.661271676300578
1096,1689,2785,0.6489046773238603
1118,1732,2850,0.6454965357967667
1250,1800,3050,0.6944444444444444
1186,1735,2921,0.6835734870317003
1183,1709,2892,0.6922176711527209
1197,1795,2992,0.6668523676880223
1259,1795,3054,0.7013927576601672
1367,1810,3177,0.7552486187845304
1171,1790,2961,0.6541899441340782
1089,1554,2643,0.7007722007722008
1163,1761,2924,0.6604202157864849
1173,1772,2945,0.6619638826185101
1170,1806,2976,0.6478405315614618
1147,1644,2791,0.6976885644768857
1120,1673,2793,0.6694560669456067
1177,1733,2910,0.6791690709751875
1056,1660,2716,0.636144578313253
1203,1736,2939,0.6929723502304147
1303,1801,3104,0.7234869516935036
1133,1559,2692,0.72674791533034
1137,1614,2751,0.7044609665427509
1200,1610,2810,0.7453416149068323
1102,1697,2799,0.6493812610489098
1099,1685,2784,0.6522255192878338
1282,1807,3089,0.7094631986718317
1158,1759,2917,0.6583285957930642
1194,1784,2978,0.6692825112107623
1251,1854,3105,0.6747572815533981
1117,1765,2882,0.6328611898016997
1160,1675,2835,0.6925373134328359
1170,1796,2966,0.6514476614699332
1124,1747,2871,0.6433886662850601
1170,1760,2930,0.6647727272727273
1076,1740,2816,0.6183908045977011
1109,1729,2838,0.6414112203585888
1196,1824,3020,0.6557017543859649
1333,1962,3295,0.6794087665647298
1124,1684,2808,0.667458432304038
1126,1708,2834,0.6592505854800936
1263,1782,3045,0.7087542087542088
1313,1846,3159,0.7112676056338029
1118,1763,2881,0.6341463414634146
1113,1699,2812,0.6550912301353737
1148,1681,2829,0.6829268292682927
1138,1654,2792,0.6880290205562273
1123,1900,3023,0.5910526315789474
1144,1875,3019,0.6101333333333333
1144,1908,3052,0.59958071278826
1200,1897,3097,0.632577754348972
1185,1774,2959,0.6679819616685456
1166,1797,2963,0.6488592097941013
1450,1922,3372,0.7544224765868887
1288,1740,3028,0.7402298850574712
1138,1625,2763,0.7003076923076923
1128,1742,2870,0.6475315729047072
1146,1793,2939,0.6391522587841606
1102,1700,2802,0.648235294117647
1133,1818,2951,0.6232123212321232
1095,1828,2923,0.599015317286652
1178,1909,3087,0.6170770036668413
1145,1792,2937,0.6389508928571429
1227,1795,3022,0.6835654596100279
1205,1865,3070,0.646112600536193
1544,1946,3490,0.7934224049331963
1253,1864,3117,0.6722103004291845
1077,1638,2715,0.6575091575091575
1212,1803,3015,0.6722129783693843
1053,1532,2585,0.6873368146214099
971,1566,2537,0.620051085568327
1158,1669,2827,0.6938286399041342
1106,1763,2869,0.6273397617697107
1168,1706,2874,0.6846424384525205
1103,1749,2852,0.6306460834762722
1137,1822,2959,0.6240395170142701
1250,1720,2970,0.7267441860465116
1059,1738,2797,0.6093210586881473
1130,1844,2974,0.6127982646420824
1265,1855,3120,0.6819407008086253
1120,1604,2724,0.6982543640897756
1128,1766,2894,0.638731596828992
1197,1927,3124,0.6211728074727556
1200,1856,3056,0.646551724137931
1198,1765,2963,0.6787535410764872
1213,1780,2993,0.6814606741573034
1184,1733,2917,0.6832083092902481
1163,1797,2960,0.6471897607122983
1141,1656,2797,0.6890096618357487
1209,1756,2965,0.6884965831435079
1241,1691,2932,0.7338852749852158
1144,1713,2857,0.6678342089900758
1217,1671,2888,0.7283064033512866
1101,1581,2682,0.6963946869070209
1169,1728,2897,0.6765046296296297
1181,1695,2876,0.6967551622418879
1114,1684,2798,0.661520190023753
1273,1965,3238,0.6478371501272264
1268,1801,3069,0.7040533037201555
1234,1803,3037,0.6844148641153632
1235,1735,2970,0.7118155619596542
1268,1756,3024,0.7220956719817767
1159,1689,2848,0.6862048549437537
1158,1707,2865,0.6783831282952548
1237,1716,2953,0.7208624708624709
1200,1790,2990,0.6703910614525139
1127,1642,2769,0.6863580998781973
1147,1878,3025,0.6107561235356762
1126,1550,2676,0.7264516129032258
1265,1794,3059,0.7051282051282052
1143,1607,2750,0.7112632233976354
1132,1470,2602,0.7700680272108843
1123,1600,2723,0.701875
1230,1688,2918,0.7286729857819905
1233,1755,2988,0.7025641025641025
1224,1701,2925,0.7195767195767195
1243,1737,2980,0.715601611974669
1294,1759,3053,0.7356452529846503
1170,1769,2939,0.6613906161673262
1106,1702,2808,0.6498237367802585
1149,1808,2957,0.6355088495575221
1097,1669,2766,0.6572798082684242
1111,1864,2975,0.596030042918455
1241,1745,2986,0.7111747851002865
1122,1735,2857,0.646685878962536
1113,1510,2623,0.7370860927152317
1137,1673,2810,0.6796174536760311
1162,1760,2922,0.6602272727272728
1096,1906,3002,0.5750262329485835
1027,1587,2614,0.6471329552614997
1001,1535,2536,0.6521172638436482
1216,1779,2995,0.6835300730747611
1108,1764,2872,0.6281179138321995
1137,1840,2977,0.6179347826086956
1153,1682,2835,0.6854934601664685
1102,1856,2958,0.59375
1109,1800,2909,0.6161111111111112
1111,1840,2951,0.6038043478260869
1197,1948,3145,0.614476386036961
1193,1658,2851,0.7195416164053076
1214,1740,2954,0.6977011494252874
1246,1697,2943,0.7342368886269888
1330,1876,3206,0.7089552238805971
1147,1558,2705,0.7362002567394095
1223,1902,3125,0.6430073606729758
1132,1662,2794,0.681107099879663
1042,1522,2564,0.6846254927726675
1136,1767,2903,0.6428975664968873
1039,1549,2588,0.670755326016785
1244,1857,3101,0.6698976844372644
1119,1656,2775,0.6757246376811594
1219,1710,2929,0.7128654970760234
1152,1700,2852,0.6776470588235294
1324,1772,3096,0.7471783295711061
1177,1920,3097,0.6130208333333333
1142,1876,3018,0.6087420042643923
1226,1867,3093,0.6566684520621318
1097,1745,2842,0.6286532951289399
1193,1799,2992,0.6631461923290717
1152,1852,3004,0.6220302375809935
1240,1754,2994,0.7069555302166477
1092,1701,2793,0.6419753086419753
1134,1656,2790,0.6847826086956522
1136,1614,2750,0.7038413878562577
1118,1506,2624,0.7423638778220452
1256,1864,3120,0.6738197424892703
1092,1659,2751,0.6582278481012658
1133,1763,2896,0.6426545660805445
1153,1803,2956,0.63948973932335
1124,1636,2760,0.687041564792176
1138,1700,2838,0.6694117647058824
1152,1688,2840,0.6824644549763034
1162,1716,2878,0.6771561771561772
1147,1689,2836,0.6791000592066312
1077,1630,2707,0.6607361963190184
1143,1716,2859,0.666083916083916
1328,1928,3256,0.6887966804979253
1144,1772,2916,0.6455981941309256
1149,1768,2917,0.6498868778280543
1210,1600,2810,0.75625
1258,1710,2968,0.735672514619883
1188,1504,2692,0.7898936170212766
1211,1516,2727,0.7988126649076517
1091,1769,2860,0.6167326172979084
1048,1563,2611,0.6705054382597568
1145,1779,2924,0.643620011242271
1283,1799,3082,0.7131739855475264
1151,1727,2878,0.6664736537348003
1131,1731,2862,0.6533795493934142
1148,1680,2828,0.6833333333333333
1159,1846,3005,0.6278439869989165
1203,1713,2916,0.702276707530648
1101,1518,2619,0.7252964426877471
1144,1471,2615,0.7777022433718559
1054,1567,2621,0.6726228462029356
1125,1662,2787,0.6768953068592057
1136,1610,2746,0.7055900621118012
1173,1638,2811,0.7161172161172161
1174,1781,2955,0.6591802358225716
1096,1598,2694,0.685857321652065
1197,1807,3004,0.6624239070282236
1164,1627,2791,0.7154271665642287
1141,1676,2817,0.6807875894988067
1259,1584,2843,0.7948232323232324
1142,1677,2819,0.6809779367918902
1217,1743,2960,0.6982214572576019
1200,1701,2901,0.7054673721340388
1144,1697,2841,0.6741308190925162
1156,1736,2892,0.6658986175115207
1226,1660,2886,0.7385542168674699
1050,1557,2607,0.674373795761079
1151,1563,2714,0.7364043506078055
1212,1708,2920,0.7096018735362998
1104,1653,2757,0.6678765880217786
1123,1652,2775,0.6797820823244553
1195,1784,2979,0.6698430493273543
1240,1810,3050,0.6850828729281768
1223,1809,3032,0.6760641238253179
1212,1779,2991,0.6812816188870152
1265,1719,2984,0.735892961023851
1097,1729,2826,0.6344707923655292
1189,1737,2926,0.6845135290731146
1152,1672,2824,0.6889952153110048
1062,1613,2675,0.6584004959702418
1144,1747,2891,0.654836863194047
1140,1593,2733,0.7156308851224106
1068,1635,2703,0.653211009174312
1067,1466,2533,0.727830832196453
1179,1813,2992,0.6503033645890789
1079,1455,2534,0.7415807560137457
1131,1539,2670,0.7348927875243665
1011,1633,2644,0.6191059399877527
1066,1775,2841,0.6005633802816901
1052,1699,2751,0.6191877575044143
1153,1679,2832,0.6867182846932698
1144,1515,2659,0.7551155115511551
1121,1662,2783,0.674488567990373
1243,1872,3115,0.6639957264957265
1120,1634,2754,0.6854345165238678
1168,1671,2839,0.698982645122681
1044,1524,2568,0.6850393700787402
1480,1937,3417,0.7640681466184822
1130,1641,2771,0.68860450944546
1153,1599,2752,0.7210756722951845
1029,1508,2537,0.6823607427055703
1104,1653,2757,0.6678765880217786
1069,1752,2821,0.6101598173515982
1063,1602,2665,0.66354556803995
1154,1826,2980,0.6319824753559693
1076,1562,2638,0.6888604353393086
1038,1595,2633,0.6507836990595611
1137,1640,2777,0.6932926829268292
1249,1702,2951,0.7338425381903643
1169,1812,2981,0.6451434878587197
1088,1729,2817,0.6292654713707345
1134,1660,2794,0.6831325301204819
1245,1653,2898,0.7531760435571688
1114,1692,2806,0.6583924349881797
1062,1594,2656,0.6662484316185696
1127,1539,2666,0.7322936972059779
1116,1456,2572,0.7664835164835165
1078,1552,2630,0.6945876288659794
1080,1487,2567,0.7262945527908541
1283,1815,3098,0.7068870523415978
1084,1470,2554,0.7374149659863946
1117,1513,2630,0.7382683410442828
888,1285,2173,0.6910505836575875
1066,1531,2597,0.6962769431743958
1168,1615,2783,0.7232198142414861
1153,1823,2976,0.6324739440482721
1154,1683,2837,0.6856803327391563
1155,1656,2811,0.697463768115942
1171,1611,2782,0.7268777157045313
1120,1655,2775,0.676737160120846
1191,1858,3049,0.6410118406889128
1192,1773,2965,0.6723068245910886
1153,1783,2936,0.6466629276500281
1118,1587,2705,0.704473850031506
1102,1590,2692,0.6930817610062893
1174,1697,2871,0.6918090748379493
1106,1613,2719,0.6856788592684439
1087,1644,2731,0.6611922141119222
1097,1716,2813,0.6392773892773893
1079,1546,2625,0.6979301423027167
1234,1766,3000,0.6987542468856173
1096,1632,2728,0.6715686274509803
1211,1768,2979,0.6849547511312217
1059,1528,2587,0.6930628272251309
1105,1676,2781,0.6593078758949881
1182,1708,2890,0.6920374707259953
1139,1621,2760,0.702652683528686
1139,1625,2764,0.7009230769230769
978,1434,2412,0.6820083682008368
1052,1524,2576,0.6902887139107612
981,1536,2517,0.638671875
1132,1908,3040,0.5932914046121593
1156,1891,3047,0.6113167636171338
1274,1769,3043,0.7201808931599774
1170,1744,2914,0.6708715596330275
1137,1749,2886,0.6500857632933105
1128,1702,2830,0.6627497062279671
1091,1768,2859,0.6170814479638009
1189,1872,3061,0.6351495726495726
1079,1475,2554,0.7315254237288136
1083,1764,2847,0.6139455782312925
1112,1537,2649,0.7234873129473
1148,1808,2956,0.6349557522123894
1218,1706,2924,0.7139507620164126
1279,1891,3170,0.6763617133791645
1231,1747,2978,0.7046365197481397
1178,1701,2879,0.6925338036449148
1128,1625,2753,0.6941538461538461
1206,1824,3030,0.6611842105263158
1145,1804,2949,0.63470066518847
1138,1729,2867,0.658183921341816
1088,1668,2756,0.6522781774580336
1105,1693,2798,0.6526875369167159
979,1621,2600,0.6039481801357187
1058,1684,2742,0.6282660332541568
1345,2023,3368,0.6648541769649036
1092,1671,2763,0.6535008976660682
1018,1602,2620,0.6354556803995006
942,1435,2377,0.6564459930313589
1149,1728,2877,0.6649305555555556
1247,1735,2982,0.7187319884726224
1127,1476,2603,0.763550135501355
1031,1708,2739,0.6036299765807962
1150,1841,2991,0.6246605105920695
1074,1691,2765,0.6351271437019516
935,1424,2359,0.6566011235955056
1408,1998,3406,0.7047047047047047
1109,1632,2741,0.6795343137254902
1081,1711,2792,0.6317942723553478
1165,1679,2844,0.6938653960690887
1220,1829,3049,0.6670311645708037
1104,1664,2768,0.6634615384615384
1031,1582,2613,0.6517067003792667
1100,1783,2883,0.6169377453729669
1114,1752,2866,0.6358447488584474
1006,1606,2612,0.6264009962640099
866,1438,2304,0.6022253129346314
1329,1720,3049,0.7726744186046511
1121,1763,2884,0.6358479863868406
1160,1793,2953,0.6469604015616286
1126,1758,2884,0.6405005688282139
1226,1904,3130,0.6439075630252101
1163,1781,2944,0.6530039303761932
1161,1820,2981,0.6379120879120879
1128,1773,2901,0.6362098138747885
1108,1714,2822,0.646441073512252
1050,1677,2727,0.6261180679785331
1112,1681,2793,0.661511005353956
1080,1587,2667,0.6805293005671077
1065,241,1306,4.419087136929461
1109,1704,2813,0.6508215962441315
1147,1639,2786,0.699816961561928
971,1616,2587,0.6008663366336634
947,1548,2495,0.6117571059431525
1072,1748,2820,0.6132723112128147
1083,1663,2746,0.6512327119663259
1107,1687,2794,0.6561944279786603
1152,1850,3002,0.6227027027027027
1066,1750,2816,0.6091428571428571
1062,1543,2605,0.6882696046662347
923,1585,2508,0.5823343848580441
960,1696,2656,0.5660377358490566
1035,1516,2551,0.6827176781002638
1076,1753,2829,0.6138049058756417
1004,1650,2654,0.6084848484848485
1004,1551,2555,0.647324306898775
1124,1754,2878,0.6408209806157354
344,473,817,0.7272727272727273
665,1061,1726,0.6267672007540056
649,1076,1725,0.6031598513011153
1159,1846,3005,0.6278439869989165
586,798,1384,0.7343358395989975
567,803,1370,0.7061021170610212
602,1050,1652,0.5733333333333334
431,637,1068,0.6766091051805337
530,736,1266,0.720108695652174
558,732,1290,0.7622950819672131
539,639,1178,0.8435054773082942
938,1041,1979,0.9010566762728146
643,784,1427,0.8201530612244898
712,1218,1930,0.5845648604269293
1206,1781,2987,0.6771476698483998
1099,1611,2710,0.6821849782743638
945,1659,2604,0.569620253164557
1152,2049,3201,0.5622254758418741
430,728,1158,0.5906593406593407
748,1252,2000,0.597444089456869
958,1574,2532,0.6086404066073697
746,1693,2439,0.4406379208505611
895,1263,2158,0.7086302454473475
987,1739,2726,0.5675675675675675
613,1221,1834,0.502047502047502
704,1160,1864,0.6068965517241379
660,988,1648,0.6680161943319838
588,1025,1613,0.5736585365853658
1010,1684,2694,0.5997624703087886
416,681,1097,0.6108663729809104
1071,1498,2569,0.7149532710280374
1338,1552,2890,0.8621134020618557
1287,1771,3058,0.7267080745341615
706,1208,1914,0.5844370860927153
1196,1310,2506,0.9129770992366412
525,821,1346,0.6394640682095006
1478,2517,3995,0.5872069924513309
835,1750,2585,0.4771428571428571
947,1244,2191,0.7612540192926045
779,1130,1909,0.6893805309734513
455,617,1072,0.7374392220421394
952,1355,2307,0.7025830258302583
1101,1455,2556,0.756701030927835
1047,1349,2396,0.7761304670126019
1055,1494,2549,0.7061579651941098
1133,1462,2595,0.7749658002735978
1328,1850,3178,0.7178378378378378
1176,1407,2583,0.835820895522388
966,1430,2396,0.6755244755244755
1511,2092,3603,0.7222753346080306
1004,1320,2324,0.7606060606060606
897,1276,2173,0.7029780564263323
1117,1719,2836,0.6497963932518906
1089,1515,2604,0.7188118811881188
1117,1595,2712,0.7003134796238244
1481,2266,3747,0.6535745807590467
1243,1908,3151,0.6514675052410901
827,1240,2067,0.6669354838709678
1623,2429,4052,0.6681762041992589
1639,1944,3583,0.8431069958847737
1457,1913,3370,0.7616309461578672
1218,2391,3609,0.5094102885821832
1301,1856,3157,0.7009698275862069
1220,1746,2966,0.6987399770904925
1451,2548,3999,0.5694662480376766
1377,2212,3589,0.6225135623869801
1111,1873,2984,0.593166043780032
1306,1943,3249,0.6721564590838909
1077,1949,3026,0.5525910723447922
1025,1545,2570,0.6634304207119741
1438,2141,3579,0.6716487622606259
966,1762,2728,0.5482406356413166
1479,1992,3471,0.7424698795180723
1374,2281,3655,0.6023673827268742
1110,1598,2708,0.6946182728410513
1111,1630,2741,0.6815950920245398
1102,1926,3028,0.5721703011422637
1347,2184,3531,0.6167582417582418
1253,1905,3158,0.6577427821522309
1192,1813,3005,0.6574738003309432
1074,1593,2667,0.6741996233521658
1539,2497,4036,0.6163396075290348
1346,2334,3680,0.5766923736075407
1398,2392,3790,0.5844481605351171
1364,2100,3464,0.6495238095238095
1386,2106,3492,0.6581196581196581
1371,2202,3573,0.6226158038147139
1380,2263,3643,0.6098099867432611
1430,2002,3432,0.7142857142857143
1478,2263,3741,0.6531153336279275
1282,2044,3326,0.62720156555773
1365,1819,3184,0.7504123144584937
1326,1792,3118,0.7399553571428571
1545,2251,3796,0.6863616170590848
938,1496,2434,0.6270053475935828
1246,1663,2909,0.7492483463619964
1531,2309,3840,0.6630576006929406
1232,2659,3891,0.4633320797292215
823,1005,1828,0.8189054726368159
1313,1763,3076,0.7447532614861032
1042,1424,2466,0.7317415730337079
798,1125,1923,0.7093333333333334
1336,2074,3410,0.6441658630665381
943,1436,2379,0.6566852367688022
724,1006,1730,0.7196819085487077
1585,2412,3997,0.6571310116086235
1378,2364,3742,0.5829103214890017
1043,1664,2707,0.6268028846153846
1130,1747,2877,0.6468231253577561
1314,1750,3064,0.7508571428571429
1171,1693,2864,0.6916715888954519
1220,1724,2944,0.7076566125290024
1196,1670,2866,0.7161676646706587
1198,1718,2916,0.6973224679860303
1167,1702,2869,0.6856639247943596
1127,1562,2689,0.7215108834827144
1103,1592,2695,0.6928391959798995
1249,1787,3036,0.6989367655288192
1217,1636,2853,0.7438875305623472
1128,1597,2725,0.7063243581715717
1051,1530,2581,0.6869281045751634
1081,1654,2735,0.6535671100362757
1153,1312,2465,0.8788109756097561
1119,1692,2811,0.6613475177304965
1071,1673,2744,0.6401673640167364
1210,1743,2953,0.6942053930005737
1057,1810,2867,0.5839779005524862
1108,1881,2989,0.5890483785220627
1310,1782,3092,0.7351290684624018
956,1480,2436,0.6459459459459459
1094,1720,2814,0.6360465116279069
1092,1820,2912,0.6
1148,1815,2963,0.6325068870523416
1180,1855,3035,0.6361185983827493
1159,1835,2994,0.6316076294277929
1043,1671,2714,0.6241771394374626
1030,1649,2679,0.624620982413584
1078,1768,2846,0.6097285067873304
1148,1783,2931,0.64385866517106
1327,1937,3264,0.6850800206504905
1154,1747,2901,0.6605609616485404
1185,1770,2955,0.6694915254237288
1054,1687,2741,0.6247777119146414
1086,1674,2760,0.6487455197132617
1064,1709,2773,0.6225863077823288
1243,1641,2884,0.7574649603900061
933,1514,2447,0.6162483487450462
1106,1799,2905,0.6147859922178989
1221,1695,2916,0.720353982300885
1138,1812,2950,0.6280353200883002
1110,1558,2668,0.7124518613607189
1087,1559,2646,0.6972418216805645
1005,1550,2555,0.6483870967741936
1034,1656,2690,0.6243961352657005
1151,1745,2896,0.6595988538681948
1099,1752,2851,0.627283105022831
1125,1461,2586,0.7700205338809035
1084,1715,2799,0.632069970845481
1044,1547,2591,0.6748545572074984
1024,1581,2605,0.6476913345983555
1124,1550,2674,0.7251612903225807
1168,1682,2850,0.6944114149821641
1286,1888,3174,0.6811440677966102
1184,1785,2969,0.6633053221288515
1169,1723,2892,0.6784677887405688
1171,1927,3098,0.6076803321224702
1133,1801,2934,0.6290949472515269
1227,1699,2926,0.72218952324897
1284,1846,3130,0.695557963163597
1175,1756,2931,0.6691343963553531
1008,1540,2548,0.6545454545454545
1143,1789,2932,0.6389044158747904
1199,1725,2924,0.6950724637681159
1146,1688,2834,0.6789099526066351
1143,1637,2780,0.6982284667073916
921,1440,2361,0.6395833333333333
1141,1672,2813,0.6824162679425837
1122,1723,2845,0.6511897852582704
956,1579,2535,0.6054464851171628
1156,1643,2799,0.7035909920876445
1064,1575,2639,0.6755555555555556
1138,1689,2827,0.6737714624037893
1148,1859,3007,0.6175363098440022
1261,1704,2965,0.7400234741784038
1399,2018,3417,0.6932606541129831
1056,1553,2609,0.6799742433998712
1164,1520,2684,0.7657894736842106
1104,1612,2716,0.684863523573201
1099,1382,2481,0.7952243125904487
1143,1661,2804,0.6881396748946418
1152,1689,2841,0.6820603907637656
1052,1751,2803,0.6007995431182181
1093,1615,2708,0.676780185758514
1161,1741,2902,0.6668581275129236
1137,1758,2895,0.6467576791808873
1239,1802,3041,0.6875693673695893
1169,1761,2930,0.6638273708120386
1170,1813,2983,0.6453392167677882
1200,1726,2926,0.6952491309385863
1039,1673,2712,0.6210400478182905
1215,1720,2935,0.7063953488372093
1229,1772,3001,0.6935665914221218
1176,1797,2973,0.654424040066778
1215,1711,2926,0.7101110461718293
1118,1733,2851,0.6451240623196769
1167,1675,2842,0.6967164179104478
1139,1753,2892,0.6497432972047917
1251,1711,2962,0.7311513734658095
1219,1650,2869,0.7387878787878788
1223,1673,2896,0.7310221159593544
1384,1790,3174,0.7731843575418994
1224,1784,3008,0.6860986547085202
951,1160,2111,0.8198275862068966
1217,1439,2656,0.8457261987491314
1084,1402,2486,0.7731811697574893
1257,1618,2875,0.776885043263288
1063,1682,2745,0.6319857312722948
1067,1815,2882,0.5878787878787879
1227,1667,2894,0.7360527894421116
1136,1740,2876,0.6528735632183909
1048,1585,2633,0.661198738170347
1188,1610,2798,0.737888198757764
1143,1565,2708,0.7303514376996805
1131,1426,2557,0.7931276297335204
1187,1696,2883,0.6998820754716981
1181,1855,3036,0.6366576819407008
1120,1616,2736,0.693069306930693
1107,1594,2701,0.6944792973651192
1068,1623,2691,0.6580406654343808
1282,1734,3016,0.7393310265282583
1172,1691,2863,0.6930810171496156
1207,1693,2900,0.7129356172474897
1182,1714,2896,0.6896149358226371
1191,1791,2982,0.6649916247906198
1201,1810,3011,0.6635359116022099
1186,1752,2938,0.6769406392694064
1289,1655,2944,0.7788519637462236
1184,1599,2783,0.740462789243277
1219,1766,2985,0.6902604756511891
1150,1778,2928,0.6467941507311586
1095,1713,2808,0.6392294220665499
1152,1605,2757,0.7177570093457943
1119,1691,2810,0.6617386162034299
1126,1631,2757,0.6903740036787247
1222,1539,2761,0.7940220922677063
1277,1783,3060,0.7162086371284352
1276,1870,3146,0.6823529411764706
1192,1670,2862,0.7137724550898203
1194,1540,2734,0.7753246753246753
1150,1604,2754,0.7169576059850374
1112,1785,2897,0.62296918767507
1189,1835,3024,0.6479564032697548
1146,1736,2882,0.6601382488479263
1155,1681,2836,0.6870910172516359
1121,1652,2773,0.6785714285714286
1273,1899,3172,0.6703528172722486
1162,1613,2775,0.7203967761934283
1251,1578,2829,0.7927756653992395
1211,1773,2984,0.6830231246474902
1058,1606,2664,0.6587795765877957
1190,1721,2911,0.6914584543869843
1098,1772,2870,0.6196388261851016
1095,1627,2722,0.6730178242163491
1197,1565,2762,0.7648562300319489
1190,1638,2828,0.7264957264957265
1023,1534,2557,0.666883963494133
1124,1454,2578,0.7730398899587345
1159,1665,2824,0.6960960960960961
1151,1758,2909,0.6547212741751991
1132,1768,2900,0.6402714932126696
1104,1725,2829,0.64
1144,1654,2798,0.6916565900846433
1024,1730,2754,0.5919075144508671
1163,1654,2817,0.7031438935912938
1159,1758,2917,0.6592718998862344
1059,1570,2629,0.6745222929936305
1015,1571,2586,0.6460852959898155
1175,1793,2968,0.6553262688232013
1088,1829,2917,0.5948605795516676
1174,1657,2831,0.7085093542546771
1062,1629,2691,0.6519337016574586
1182,1740,2922,0.6793103448275862
1182,1851,3033,0.6385737439222042
1116,1781,2897,0.626614261650758
1067,1636,2703,0.652200488997555
1175,1830,3005,0.6420765027322405
1128,1635,2763,0.689908256880734
1130,1841,2971,0.6137968495382944
1257,2044,3301,0.6149706457925636
1263,1823,3086,0.6928140427866155
1177,1789,2966,0.6579094466182225
1184,1685,2869,0.7026706231454006
1153,1692,2845,0.6814420803782506
1180,1778,2958,0.6636670416197975
1095,1859,2954,0.5890263582571275
1180,1887,3067,0.6253312135665077
1148,1769,2917,0.6489542114188808
1058,1726,2784,0.6129779837775203
1268,1814,3082,0.6990077177508269
1089,1759,2848,0.6191017623649802
1111,1629,2740,0.6820135052179251
1178,1781,2959,0.6614261650758001
1123,1901,3024,0.5907417148869016
1202,1829,3031,0.6571897211591033
1274,1715,2989,0.7428571428571429
960,1793,2753,0.5354155047406581
1187,1645,2832,0.721580547112462
1135,1573,2708,0.7215511760966307
1113,1653,2766,0.6733212341197822
1215,1698,2913,0.715547703180212
1240,1694,2934,0.731995277449823
1145,1486,2631,0.7705248990578735
1197,1769,2966,0.6766534765404183
1158,1780,2938,0.650561797752809
1131,1668,2799,0.6780575539568345
1138,1660,2798,0.6855421686746987
1033,1678,2711,0.6156138259833135
1125,1722,2847,0.6533101045296167
1166,1818,2984,0.6413641364136413
946,1465,2411,0.6457337883959045
1077,1663,2740,0.6476247745039087
1075,1733,2808,0.6203115983843047
1214,1804,3018,0.6729490022172949
1118,1954,3072,0.5721596724667349
1073,1712,2785,0.6267523364485982
1180,1775,2955,0.6647887323943662
1224,1815,3039,0.6743801652892562
1058,1635,2693,0.6470948012232416
1100,1750,2850,0.6285714285714286
1238,1869,3107,0.6623863028357411
1139,1693,2832,0.6727702303603071
1254,1756,3010,0.714123006833713
1171,1773,2944,0.6604624929498026
1200,1639,2839,0.7321537522879805
1004,1611,2615,0.6232153941651148
1205,1778,2983,0.6777277840269966
1157,1752,2909,0.6603881278538812
1165,1655,2820,0.7039274924471299
1102,1750,2852,0.6297142857142857
1015,1458,2473,0.696159122085048
1212,1819,3031,0.6663001649257834
1063,1813,2876,0.5863210148924435
1134,1639,2773,0.6918852959121415
1162,1731,2893,0.6712882726747544
1092,1610,2702,0.6782608695652174
1140,1845,2985,0.6178861788617886
1087,1723,2810,0.6308763784097504
1087,1682,2769,0.6462544589774079
1056,1594,2650,0.6624843161856964
1125,1672,2797,0.6728468899521531
986,1607,2593,0.6135656502800249
1174,1733,2907,0.6774379688401616
1043,1492,2535,0.6990616621983914
1169,1679,2848,0.696247766527695
1092,1653,2745,0.6606170598911071
1163,1751,2914,0.6641918903483723
1185,1926,3111,0.6152647975077882
1111,1602,2713,0.6935081148564295
1100,1776,2876,0.6193693693693694
1048,1662,2710,0.6305655836341757
1113,1695,2808,0.6566371681415929
998,1753,2751,0.5693097547062179
1117,1703,2820,0.6559013505578392
1044,1540,2584,0.6779220779220779
1091,1661,2752,0.6568332329921734
1002,1585,2587,0.6321766561514196
1225,1756,2981,0.6976082004555809
1047,1733,2780,0.6041546451240624
1145,1714,2859,0.6680280046674446
1144,1750,2894,0.6537142857142857
1048,1657,2705,0.6324683162341581
1042,1609,2651,0.6476072094468615
1098,1640,2738,0.6695121951219513
1062,1727,2789,0.614939200926462
1072,1748,2820,0.6132723112128147
1122,1759,2881,0.6378624218305856
1093,1499,2592,0.7291527685123416
1165,1693,2858,0.6881275841701122
987,1656,2643,0.5960144927536232
1014,1597,2611,0.6349405134627426
1013,1707,2720,0.5934387814879907
1171,1801,2972,0.6501943364797335
1190,1824,3014,0.6524122807017544
1015,1545,2560,0.656957928802589
1076,1635,2711,0.6581039755351682
1122,1864,2986,0.601931330472103
1002,1610,2612,0.622360248447205
1091,1667,2758,0.6544691061787642
1114,1815,2929,0.6137741046831956
1151,1735,2886,0.6634005763688761
1154,1709,2863,0.6752486834406085
1170,1838,3008,0.6365614798694232
1136,1682,2818,0.6753864447086801
1182,1676,2858,0.7052505966587113
1077,1603,2680,0.6718652526512788
1129,1663,2792,0.6788935658448587
1056,1615,2671,0.6538699690402476
1181,1676,2857,0.704653937947494
1112,1718,2830,0.6472642607683353
1150,1597,2747,0.720100187852223
1203,1795,2998,0.6701949860724234
1123,1721,2844,0.652527600232423
1171,1903,3074,0.6153441933788755
983,1626,2609,0.6045510455104551
1051,1671,2722,0.6289646918013165
1121,1629,2750,0.6881522406384285
1237,1909,3146,0.6479832372970141
1262,1784,3046,0.7073991031390134
1070,1734,2804,0.6170703575547867
1100,1782,2882,0.6172839506172839
1073,1650,2723,0.6503030303030303
1161,1626,2787,0.7140221402214022
1052,1726,2778,0.6095017381228274
1110,1764,2874,0.6292517006802721
1216,1744,2960,0.6972477064220184
982,1356,2338,0.724188790560472
1088,1740,2828,0.6252873563218391
1171,1723,2894,0.6796285548461984
1170,1711,2881,0.6838106370543542
1017,1657,2674,0.6137598068799034
1131,1911,3042,0.5918367346938775
957,1612,2569,0.5936724565756824
1148,1772,2920,0.6478555304740407
1177,1848,3025,0.6369047619047619
1153,1769,2922,0.6517806670435274
1066,1725,2791,0.6179710144927536
1071,1644,2715,0.6514598540145985
1042,1370,2412,0.7605839416058394
1080,1628,2708,0.6633906633906634
1062,1738,2800,0.6110471806674338
1088,1743,2831,0.6242111302352267
1163,1785,2948,0.6515406162464986
1142,1803,2945,0.6333887964503605
1098,1706,2804,0.6436107854630715
1079,1834,2913,0.5883315158124318
1091,1772,2863,0.6156884875846501
1079,1683,2762,0.6411170528817588
991,1482,2473,0.6686909581646424
1156,1756,2912,0.6583143507972665
1150,1821,2971,0.6315211422295443
1179,1631,2810,0.7228694052728387
1139,1716,2855,0.6637529137529138
1103,1662,2765,0.6636582430806257
1053,1638,2691,0.6428571428571429
1113,1911,3024,0.5824175824175825
1077,1596,2673,0.674812030075188
1119,1750,2869,0.6394285714285715
1103,1659,2762,0.6648583484026522
1103,1643,2746,0.6713329275715155
1072,1569,2641,0.6832377310388783
1183,1855,3038,0.6377358490566037
969,1579,2548,0.6136795440151995
1135,1696,2831,0.6692216981132075
1110,1632,2742,0.6801470588235294
1103,1644,2747,0.6709245742092458
1134,1649,2783,0.687689508793208
1154,1615,2769,0.7145510835913312
1120,1558,2678,0.7188703465982028
1058,1656,2714,0.6388888888888888
940,1609,2549,0.584213797389683
979,1762,2741,0.5556186152099887
1162,1817,2979,0.639515685195377
1040,1770,2810,0.5875706214689266
1140,1854,2994,0.6148867313915858
1073,1768,2841,0.6069004524886877
1023,1587,2610,0.6446124763705104
1117,1812,2929,0.6164459161147903
1098,1722,2820,0.6376306620209059
1101,1643,2744,0.6701156421180767
1153,1756,2909,0.6566059225512528
1180,1709,2889,0.6904622586307783
1007,1566,2573,0.6430395913154534
1130,1782,2912,0.6341189674523008
1006,1601,2607,0.6283572767020612
1113,1681,2794,0.6621058893515764
1058,1589,2647,0.6658275645059786
1092,1726,2818,0.6326767091541136
1178,1712,2890,0.6880841121495327
1173,1656,2829,0.7083333333333334
1160,1633,2793,0.7103490508266993
1113,1581,2694,0.7039848197343453
1098,1672,2770,0.6566985645933014
1143,1712,2855,0.6676401869158879
1268,1839,3107,0.689505165851006
1112,1874,2986,0.5933831376734259
963,1629,2592,0.5911602209944752
1144,1793,2937,0.6380368098159509
1160,1693,2853,0.6851742468989959
1169,1640,2809,0.7128048780487805
1155,1665,2820,0.6936936936936937
1250,1688,2938,0.740521327014218
1190,1718,2908,0.6926658905704307
1141,1659,2800,0.6877637130801688
1218,1722,2940,0.7073170731707317
1211,1740,2951,0.6959770114942528
1272,1703,2975,0.7469172049324722
1151,1625,2776,0.7083076923076923
1253,1746,2999,0.7176403207331042
1284,1591,2875,0.8070395977372722
1224,1535,2759,0.7973941368078176
1286,1684,2970,0.7636579572446556
1162,1709,2871,0.6799297834991223
1074,1528,2602,0.7028795811518325
1088,1719,2807,0.6329261198371146
1238,1675,2913,0.7391044776119403
1157,1672,2829,0.6919856459330144
1116,1578,2694,0.7072243346007605
1087,1607,2694,0.6764156813939017
1163,1577,2740,0.7374762206721623
1137,1698,2835,0.6696113074204947
1203,1719,2922,0.699825479930192
1202,1529,2731,0.7861347285807717
1161,1670,2831,0.6952095808383234
1050,1562,2612,0.6722151088348272
1137,1693,2830,0.6715888954518606
1151,1794,2945,0.6415830546265329
1090,1697,2787,0.6423099587507366
1062,1661,2723,0.6393738711619507
1119,1680,2799,0.6660714285714285
1182,1691,2873,0.6989946777054997
1203,1732,2935,0.6945727482678984
1105,1650,2755,0.6696969696969697
1132,1772,2904,0.6388261851015802
1089,1581,2670,0.6888045540796964
1098,1610,2708,0.6819875776397516
1241,1898,3139,0.6538461538461539
1008,1363,2371,0.7395451210564931
1096,1692,2788,0.6477541371158393
1149,1504,2653,0.7639627659574468
995,1575,2570,0.6317460317460317
1033,1575,2608,0.6558730158730158
1069,1450,2519,0.7372413793103448
1195,1725,2920,0.6927536231884058
1189,1802,2991,0.6598224195338512
1114,1691,2805,0.6587817859254879
954,1325,2279,0.72
956,1626,2582,0.5879458794587946
1122,1594,2716,0.7038895859473023
1168,1792,2960,0.6517857142857143
1010,1639,2649,0.6162294081757169
1103,1698,2801,0.649587750294464
1185,1671,2856,0.7091561938958707
991,1545,2536,0.6414239482200648
996,1523,2519,0.6539724228496389
1130,1687,2817,0.6698280972139893
968,1505,2473,0.6431893687707642
1059,1753,2812,0.6041072447233314
954,1426,2380,0.6690042075736325
1074,1670,2744,0.6431137724550898
1051,1645,2696,0.6389057750759879
1250,1709,2959,0.7314218841427735
1124,1713,2837,0.6561587857559836
1174,1593,2767,0.7369742623979912
1157,1878,3035,0.6160809371671991
1045,1537,2582,0.6798959011060507
1045,1489,2534,0.7018132975151108
1138,1750,2888,0.6502857142857142
1171,1794,2965,0.6527313266443702
1188,1854,3042,0.6407766990291263
1102,1543,2645,0.7141931302657162
1126,1851,2977,0.6083198271204754
1134,1733,2867,0.6543566070398154
1123,1600,2723,0.701875
1182,1528,2710,0.7735602094240838
1156,1828,2984,0.6323851203501094
1068,1601,2669,0.6670830730793255
1152,1655,2807,0.6960725075528701
1217,1848,3065,0.6585497835497836
1171,1837,3008,0.6374523679912901
940,1425,2365,0.6596491228070176
1221,1882,3103,0.6487778958554729
1190,1664,2854,0.7151442307692307
1178,1703,2881,0.6917204932472109
1119,1681,2800,0.6656751933372992
1097,1653,2750,0.6636418632788869
1334,1954,3288,0.6827021494370522
1248,1717,2965,0.7268491555037857
1252,1876,3128,0.6673773987206824
1194,1648,2842,0.7245145631067961
1266,1785,3051,0.7092436974789916
1119,1865,2984,0.6
1163,1692,2855,0.6873522458628841
1201,1872,3073,0.6415598290598291
1126,1807,2933,0.6231322634200332
1195,1875,3070,0.6373333333333333
1256,1769,3025,0.7100056529112493
1079,1772,2851,0.6089164785553047
1199,1753,2952,0.683970336565887
1138,1788,2926,0.6364653243847874
1021,1738,2759,0.5874568469505178
1154,1847,3001,0.6247969680563076
1073,1848,2921,0.5806277056277056
1029,1789,2818,0.5751816657350475
994,1668,2662,0.5959232613908872
1145,1554,2699,0.7368082368082368
1162,1853,3015,0.6270912034538586
1073,1830,2903,0.5863387978142076
1201,1945,3146,0.6174807197943445
1091,1686,2777,0.6470937129300118
1249,1830,3079,0.6825136612021858
1096,1580,2676,0.6936708860759494
1221,1882,3103,0.6487778958554729
1222,1696,2918,0.7205188679245284
1051,1682,2733,0.6248513674197385
1222,1807,3029,0.6762589928057554
1200,1745,2945,0.6876790830945558
1182,1805,2987,0.6548476454293629
1106,1681,2787,0.6579417013682332
1216,1777,2993,0.6842993809791784
1503,1491,2994,1.0080482897384306
796,1482,2278,0.5371120107962213
1486,2161,3647,0.6876446089773253
1059,1526,2585,0.6939711664482306
995,1539,2534,0.6465237166991553
1046,1664,2710,0.6286057692307693
893,1240,2133,0.7201612903225807
1101,1516,2617,0.7262532981530343
1149,1634,2783,0.7031823745410036
1072,1685,2757,0.6362017804154303
962,1414,2376,0.6803394625176803
1033,1515,2548,0.6818481848184819
1030,1490,2520,0.6912751677852349
898,1297,2195,0.69236700077101
1049,1595,2644,0.6576802507836991
1027,1543,2570,0.6655865197666883
1054,1641,2695,0.6422912858013407
1085,1438,2523,0.7545201668984701
1135,1671,2806,0.6792339916217833
1115,1710,2825,0.652046783625731
1094,1600,2694,0.68375
1048,1531,2579,0.6845199216198563
1090,1651,2741,0.660205935796487
967,1258,2225,0.7686804451510334
1072,1636,2708,0.6552567237163814
950,1372,2322,0.6924198250728864
1157,1645,2802,0.7033434650455928
1043,1579,2622,0.6605446485117162
1084,1467,2551,0.7389229720518065
1015,1540,2555,0.6590909090909091
1132,1454,2586,0.7785419532324622
944,1451,2395,0.6505858028945555
888,1276,2164,0.6959247648902821
1130,1736,2866,0.6509216589861752
1083,1591,2674,0.6807039597737272
1118,1875,2993,0.5962666666666666
1047,1570,2617,0.6668789808917197
1043,1580,2623,0.660126582278481
1149,1550,2699,0.7412903225806452
1180,1676,2856,0.7040572792362768
1205,1718,2923,0.7013969732246799
1002,1645,2647,0.6091185410334347
1117,1621,2738,0.689080814312153
985,1402,2387,0.702567760342368
1103,1749,2852,0.6306460834762722
895,1304,2199,0.6863496932515337
1111,1515,2626,0.7333333333333333
1010,1648,2658,0.6128640776699029
995,1488,2483,0.6686827956989247
1017,1491,2508,0.682092555331992
1062,1473,2535,0.7209775967413442
1022,1548,2570,0.6602067183462532
1029,1604,2633,0.6415211970074813
1079,1537,2616,0.7020169160702667
1121,1569,2690,0.7144678138942001
949,1506,2455,0.6301460823373174
890,1346,2236,0.6612184249628529
848,1337,2185,0.6342557965594615
1099,1593,2692,0.6898932831136221
911,1386,2297,0.6572871572871573
994,1527,2521,0.6509495743287492
1135,1543,2678,0.7355800388852884
997,1392,2389,0.7162356321839081
1023,1508,2531,0.6783819628647215
1078,1558,2636,0.6919127086007703
936,1464,2400,0.639344262295082
934,1487,2421,0.6281102891728312
1046,1477,2523,0.7081922816519973
941,1295,2236,0.7266409266409266
980,1556,2536,0.6298200514138818
1018,1465,2483,0.6948805460750853
1047,1495,2542,0.7003344481605351
1112,1614,2726,0.6889714993804213
895,1374,2269,0.6513828238719068
1042,1388,2430,0.7507204610951008
914,1215,2129,0.7522633744855967
966,1308,2274,0.7385321100917431
1038,1454,2492,0.7138927097661623
1170,1722,2892,0.6794425087108014
1002,1371,2373,0.7308533916849015
1167,1594,2761,0.732120451693852
975,1455,2430,0.6701030927835051
998,1374,2372,0.7263464337700145
1056,1515,2571,0.697029702970297
1041,1549,2590,0.672046481601033
1120,1527,2647,0.733464309102816
987,1522,2509,0.6484888304862023
1149,1549,2698,0.7417688831504197
1110,1573,2683,0.7056579783852511
895,1390,2285,0.6438848920863309
930,1165,2095,0.7982832618025751
1091,1485,2576,0.7346801346801347
1049,1534,2583,0.6838331160365059
1169,1668,2837,0.7008393285371702
1054,1450,2504,0.7268965517241379
1134,1535,2669,0.7387622149837133
1107,1550,2657,0.7141935483870968
1043,1402,2445,0.7439372325249644
981,1383,2364,0.7093275488069414
1175,1612,2787,0.7289081885856079
1060,1592,2652,0.6658291457286433
947,1407,2354,0.6730632551528074
993,1400,2393,0.7092857142857143
925,1359,2284,0.6806475349521707
941,1392,2333,0.6760057471264368
968,1486,2454,0.6514131897711979
1169,1706,2875,0.6852286049237983
1028,1413,2441,0.7275300778485492
1209,1650,2859,0.7327272727272728
1282,1753,3035,0.7313177410154021
1081,1476,2557,0.7323848238482384
1005,1384,2389,0.7261560693641619
1074,1398,2472,0.7682403433476395
884,1452,2336,0.6088154269972452
1193,1674,2867,0.7126642771804063
1110,1591,2701,0.6976744186046512
993,1369,2362,0.7253469685902119
1061,1453,2514,0.7302133516861665
692,852,1544,0.812206572769953
1091,1542,2633,0.7075226977950714
1163,1583,2746,0.7346809854706254
945,1365,2310,0.6923076923076923
911,1322,2233,0.68910741301059
935,1418,2353,0.659379407616361
1108,1643,2751,0.6743761412051126
1099,1563,2662,0.7031349968010236
978,1547,2525,0.632191338073691
881,1385,2266,0.636101083032491
929,1393,2322,0.6669059583632448
968,1565,2533,0.6185303514376996
926,1187,2113,0.7801179443976411
1011,1605,2616,0.6299065420560748
1019,1549,2568,0.657843770174306
1018,1493,2511,0.6818486269256531
1043,1517,2560,0.6875411997363217
1123,1334,2457,0.8418290854572713
1194,1750,2944,0.6822857142857143
995,1654,2649,0.601571946795647
1013,1319,2332,0.7680060652009097
1003,1484,2487,0.6758760107816711
1039,1609,2648,0.6457426973275326
1174,1665,2839,0.7051051051051052
1164,1578,2742,0.7376425855513308
1097,1659,2756,0.6612417118746232
1054,1553,2607,0.678686413393432
1255,1720,2975,0.7296511627906976
1221,1584,2805,0.7708333333333334
1106,1616,2722,0.6844059405940595
1064,1546,2610,0.6882276843467011
816,1107,1923,0.7371273712737128
981,1338,2319,0.7331838565022422
939,1348,2287,0.6965875370919882
1014,1399,2413,0.7248034310221587
1008,1528,2536,0.6596858638743456
908,1327,2235,0.6842501883948756
1135,1623,2758,0.6993222427603204
1175,1566,2741,0.7503192848020435
996,1300,2296,0.7661538461538462
880,1365,2245,0.6446886446886447
897,1359,2256,0.6600441501103753
949,1259,2208,0.7537728355837967
1047,1572,2619,0.666030534351145
1039,1597,2636,0.6505948653725736
1082,1459,2541,0.7416038382453736
963,1460,2423,0.6595890410958904
902,1151,2053,0.7836663770634231
1059,1453,2512,0.7288368891947694
840,1308,2148,0.6422018348623854
1125,1553,2678,0.7244043786220219
1071,1690,2761,0.6337278106508876
1052,1434,2486,0.7336122733612274
1085,1614,2699,0.6722428748451054
1148,1622,2770,0.7077681874229347
1232,1650,2882,0.7466666666666667
946,1446,2392,0.6542185338865837
1099,1230,2329,0.8934959349593496
1149,1515,2664,0.7584158415841584
947,1278,2225,0.741001564945227
1050,1611,2661,0.6517690875232774
1104,1573,2677,0.7018436109345201
1014,1476,2490,0.6869918699186992
1135,1582,2717,0.7174462705436156
1127,1424,2551,0.7914325842696629
998,1476,2474,0.6761517615176151
1129,1608,2737,0.7021144278606966
1106,1577,2683,0.7013316423589093
1319,1667,2986,0.79124175164967
1214,1692,2906,0.7174940898345153
953,1308,2261,0.7285932721712538
1033,1578,2611,0.6546261089987325
1156,1572,2728,0.7353689567430025
935,1365,2300,0.684981684981685
969,1511,2480,0.6412971542025149
995,1413,2408,0.7041755130927105
1027,1521,2548,0.6752136752136753
1021,1459,2480,0.6997943797121315
1097,1471,2568,0.7457511896668932
1162,1461,2623,0.7953456536618754
1165,1547,2712,0.7530704589528119
1093,1552,2645,0.7042525773195877
1087,1553,2640,0.6999356084996781
952,1454,2406,0.6547455295735901
1012,1592,2604,0.635678391959799
935,1356,2291,0.68952802359882
1063,1403,2466,0.7576621525302922
1146,1420,2566,0.8070422535211268
945,1348,2293,0.7010385756676558
942,1432,2374,0.6578212290502793
1198,1514,2712,0.7912813738441216
980,1554,2534,0.6306306306306306
1079,1695,2774,0.6365781710914454
1106,1545,2651,0.7158576051779936
1109,1543,2652,0.7187297472456254
1042,1606,2648,0.6488169364881694
822,1402,2224,0.5863052781740371
886,1382,2268,0.6410998552821997
609,1068,1677,0.5702247191011236
1154,1545,2699,0.7469255663430421
1087,1531,2618,0.7099934683213586
807,1301,2108,0.6202920830130668
827,1292,2119,0.6400928792569659
1200,1567,2767,0.7657945118059988
1026,1630,2656,0.6294478527607362
1041,1498,2539,0.6949265687583445
1029,1367,2396,0.7527432333577176
1145,1567,2712,0.7306955966815571
922,1334,2256,0.6911544227886057
1033,1560,2593,0.6621794871794872
855,1340,2195,0.6380597014925373
1030,1422,2452,0.7243319268635724
1020,1449,2469,0.7039337474120083
1080,1549,2629,0.697224015493867
772,1176,1948,0.6564625850340136
664,1028,1692,0.6459143968871596
953,1465,2418,0.6505119453924915
806,1229,2035,0.6558177379983726
858,1341,2199,0.639821029082774
702,1078,1780,0.6512059369202227
705,1322,2027,0.5332829046898638
825,1069,1894,0.7717492984097287
856,1348,2204,0.6350148367952523
716,885,1601,0.8090395480225989
862,1220,2082,0.7065573770491803
952,1433,2385,0.6643405443126309
888,1248,2136,0.7115384615384616
1035,1479,2514,0.6997971602434077
673,969,1642,0.6945304437564499
1031,1707,2738,0.60398359695372
799,1368,2167,0.5840643274853801
752,1360,2112,0.5529411764705883
927,1275,2202,0.7270588235294118
852,1081,1933,0.788159111933395
903,1148,2051,0.7865853658536586
915,1256,2171,0.7285031847133758
934,1534,2468,0.6088657105606258
791,1189,1980,0.6652649285113541
1175,1700,2875,0.6911764705882353
1003,1310,2313,0.7656488549618321
1013,1498,2511,0.6762349799732977
881,1186,2067,0.7428330522765598
795,1204,1999,0.6602990033222591
887,1330,2217,0.6669172932330827
631,1029,1660,0.6132167152575316
893,1295,2188,0.6895752895752896
818,1260,2078,0.6492063492063492
891,1327,2218,0.6714393368500376
919,1167,2086,0.7874892887746359
803,1318,2121,0.6092564491654021
901,1309,2210,0.6883116883116883
1009,1590,2599,0.6345911949685534
1066,1524,2590,0.699475065616798
992,1423,2415,0.6971187631763879
742,1115,1857,0.6654708520179372
955,1312,2267,0.7278963414634146
686,1071,1757,0.6405228758169934
786,1123,1909,0.6999109528049866
741,1199,1940,0.6180150125104253
813,1110,1923,0.7324324324324324
921,1174,2095,0.7844974446337308
740,1141,1881,0.6485539000876425
1047,1699,2746,0.6162448499117128
805,1253,2058,0.6424581005586593
757,1044,1801,0.725095785440613
922,1274,2196,0.7237048665620094
889,1319,2208,0.6739954510993177
761,1229,1990,0.6192026037428804
767,1085,1852,0.7069124423963133
827,1359,2186,0.6085356880058866
904,1349,2253,0.670126019273536
872,1266,2138,0.688783570300158
954,1250,2204,0.7632
1124,1631,2755,0.6891477621091355
824,1324,2148,0.622356495468278
889,1289,2178,0.6896819239720714
832,1179,2011,0.7056827820186599
845,1105,1950,0.7647058823529411
1031,1281,2312,0.804839968774395
845,1131,1976,0.7471264367816092
1030,1393,2423,0.7394113424264178
983,1336,2319,0.7357784431137725
725,821,1546,0.8830694275274056
763,1172,1935,0.6510238907849829
960,1495,2455,0.6421404682274248
864,1134,1998,0.7619047619047619
838,1311,2149,0.6392067124332571
752,836,1588,0.8995215311004785
1116,1430,2546,0.7804195804195804
798,1250,2048,0.6384
820,1223,2043,0.6704824202780049
761,914,1675,0.8326039387308534
657,853,1510,0.7702227432590856
367,549,916,0.668488160291439
864,1093,1957,0.7904849039341263
1098,1686,2784,0.6512455516014235
462,755,1217,0.6119205298013245
917,1080,1997,0.8490740740740741
1054,1079,2133,0.9768303985171456
674,1037,1711,0.6499517839922855
469,711,1180,0.659634317862166
1036,1031,2067,1.0048496605237631
554,705,1259,0.7858156028368795
631,981,1612,0.6432212028542303
948,1127,2075,0.8411712511091393
700,1030,1730,0.6796116504854369
1004,1633,2637,0.6148193508879363
797,1006,1803,0.7922465208747514
1104,1302,2406,0.847926267281106
422,625,1047,0.6752
770,913,1683,0.8433734939759037
585,917,1502,0.6379498364231189
690,959,1649,0.7194994786235662
850,1079,1929,0.7877664504170528
922,1178,2100,0.7826825127334465
634,840,1474,0.7547619047619047
370,432,802,0.8564814814814815
1012,1757,2769,0.5759817871371656
1130,1515,2645,0.7458745874587459
373,460,833,0.8108695652173913
622,1036,1658,0.6003861003861004
955,1449,2404,0.6590752242926156
1147,1469,2616,0.7808032675289313
1116,1514,2630,0.7371202113606341
968,1386,2354,0.6984126984126984
1053,1461,2514,0.7207392197125256
1236,1524,2760,0.8110236220472441
772,1173,1945,0.6581415174765558
818,1069,1887,0.7652011225444341
1127,1668,2795,0.6756594724220624
1056,1492,2548,0.707774798927614
1030,1388,2418,0.7420749279538905
959,1275,2234,0.7521568627450981
879,1171,2050,0.7506404782237404
947,1324,2271,0.7152567975830816
1066,1285,2351,0.8295719844357977
879,1266,2145,0.6943127962085308
784,1244,2028,0.6302250803858521
972,1230,2202,0.7902439024390244
1163,1631,2794,0.7130594727161251
1070,1502,2572,0.7123834886817576
825,1184,2009,0.6967905405405406
622,1145,1767,0.5432314410480349
750,1201,1951,0.6244796003330558
791,1227,2018,0.6446617766911166
906,1601,2507,0.565896314803248
922,1311,2233,0.7032799389778794
785,1226,2011,0.6402936378466558
1038,1489,2527,0.697112155809268
1035,1386,2421,0.7467532467532467
957,1388,2345,0.6894812680115274
853,1453,2306,0.5870612525808672
786,1071,1857,0.7338935574229691
894,1356,2250,0.6592920353982301
824,1135,1959,0.7259911894273128
723,1051,1774,0.6879162702188392
810,1207,2017,0.6710853355426678
1099,1414,2513,0.7772277227722773
961,1530,2491,0.6281045751633987
873,1298,2171,0.672573189522342
1150,1314,2464,0.8751902587519026
845,1392,2237,0.6070402298850575
1033,1597,2630,0.6468378209142142
900,1384,2284,0.6502890173410405
1038,1486,2524,0.6985195154777928
1167,1490,2657,0.7832214765100671
1041,1201,2242,0.8667776852622814
933,1216,2149,0.7672697368421053
1043,1467,2510,0.710974778459441
1002,1484,2486,0.6752021563342318
952,1343,2295,0.7088607594936709
820,1271,2091,0.6451612903225806
969,1505,2474,0.6438538205980067
1063,1543,2606,0.6889176928062216
1051,1404,2455,0.7485754985754985
1162,1428,2590,0.8137254901960784
854,1394,2248,0.6126255380200861
1015,1390,2405,0.7302158273381295
1024,1316,2340,0.7781155015197568
897,1246,2143,0.7199036918138042
879,1314,2193,0.6689497716894978
883,1354,2237,0.6521418020679468
864,1350,2214,0.64
684,1132,1816,0.6042402826855123
861,1396,2257,0.6167621776504298
743,1220,1963,0.6090163934426229
897,1374,2271,0.6528384279475983
882,1385,2267,0.6368231046931407
813,1283,2096,0.6336710833982853
736,1230,1966,0.5983739837398374
733,1055,1788,0.6947867298578199
797,1149,1946,0.6936466492602262
830,1333,2163,0.622655663915979
837,1282,2119,0.6528861154446178
870,1241,2111,0.7010475423045931
928,1515,2443,0.6125412541254125
905,1400,2305,0.6464285714285715
1054,1500,2554,0.7026666666666667
771,1277,2048,0.6037588097102584
907,1205,2112,0.7526970954356846
985,1443,2428,0.6826056826056826
948,1450,2398,0.6537931034482759
871,1202,2073,0.7246256239600666
921,1277,2198,0.721221613155834
762,902,1664,0.844789356984479
950,1230,2180,0.7723577235772358
990,1355,2345,0.7306273062730627
786,1190,1976,0.6605042016806723
815,1188,2003,0.686026936026936
779,1330,2109,0.5857142857142857
996,1523,2519,0.6539724228496389
819,1332,2151,0.6148648648648649
735,1002,1737,0.7335329341317365
1003,1289,2292,0.7781225756400311
979,1512,2491,0.6474867724867724
1140,1714,2854,0.6651108518086347
1002,1137,2139,0.8812664907651715
898,1515,2413,0.5927392739273928
823,1144,1967,0.7194055944055944
1107,1398,2505,0.7918454935622318
977,1364,2341,0.716275659824047
1069,1555,2624,0.6874598070739549
901,1262,2163,0.713946117274168
997,1512,2509,0.6593915343915344
891,1333,2224,0.668417104276069
963,1363,2326,0.706529713866471
1181,1681,2862,0.702558001189768
1081,1554,2635,0.6956241956241956
1068,1512,2580,0.7063492063492064
957,1294,2251,0.7395672333848532
913,1486,2399,0.6144010767160162
806,1397,2203,0.5769506084466715
829,1329,2158,0.6237772761474794
1062,1491,2553,0.7122736418511066
1109,1399,2508,0.7927090779127949
994,1450,2444,0.6855172413793104
1059,1394,2453,0.7596843615494978
1011,1398,2409,0.723175965665236
1143,1577,2720,0.7247939124920736
1119,1394,2513,0.802725968436155
1124,1610,2734,0.698136645962733
1090,1581,2671,0.6894370651486401
1071,1322,2393,0.8101361573373677
734,890,1624,0.8247191011235955
986,1295,2281,0.7613899613899614
985,1548,2533,0.6363049095607235
905,1492,2397,0.6065683646112601
981,1168,2149,0.8398972602739726
1080,1446,2526,0.7468879668049793
1070,1548,2618,0.6912144702842378
852,1286,2138,0.6625194401244168
884,1200,2084,0.7366666666666667
919,1272,2191,0.7224842767295597
941,1571,2512,0.5989815404201145
940,1389,2329,0.6767458603311735
903,1234,2137,0.7317666126418152
1011,1392,2403,0.7262931034482759
729,1102,1831,0.661524500907441
867,1178,2045,0.7359932088285229
821,1200,2021,0.6841666666666667
1193,1647,2840,0.72434729811779
831,1348,2179,0.6164688427299704
1085,1495,2580,0.725752508361204
969,1409,2378,0.687721788502484
855,1326,2181,0.6447963800904978
897,1290,2187,0.6953488372093023
930,1361,2291,0.6833210874357091
924,1390,2314,0.6647482014388489
1034,1574,2608,0.6569250317662008
970,1413,2383,0.686482661004954
972,1593,2565,0.6101694915254238
874,1274,2148,0.6860282574568289
1110,1524,2634,0.7283464566929134
799,1160,1959,0.6887931034482758
888,1410,2298,0.6297872340425532
968,1435,2403,0.6745644599303136
680,1114,1794,0.6104129263913824
974,1439,2413,0.6768589298123697
1055,1387,2442,0.7606344628695025
802,1352,2154,0.5931952662721893
940,1338,2278,0.70254110612855
1100,1363,2463,0.8070432868672047
988,1325,2313,0.7456603773584906
837,1165,2002,0.7184549356223175
1174,1568,2742,0.7487244897959183
1141,1539,2680,0.7413905133203379
1004,1438,2442,0.6981919332406119
866,1404,2270,0.6168091168091168
880,1206,2086,0.7296849087893864
753,1185,1938,0.6354430379746835
1070,1427,2497,0.7498248072880168
1038,1513,2551,0.6860541969596827
1085,1500,2585,0.7233333333333334
1251,1519,2770,0.8235681369321922
844,1016,1860,0.8307086614173228
962,1415,2377,0.6798586572438162
980,1260,2240,0.7777777777777778
977,1469,2446,0.6650782845473111
734,943,1677,0.7783669141039237
896,1271,2167,0.7049567269866247
802,1236,2038,0.6488673139158576
851,1283,2134,0.6632891660171473
722,1256,1978,0.5748407643312102
891,1420,2311,0.6274647887323944
882,1242,2124,0.7101449275362319
973,1242,2215,0.78341384863124
896,1476,2372,0.6070460704607046
949,1500,2449,0.6326666666666667
924,1180,2104,0.7830508474576271
938,1381,2319,0.6792179580014482
898,1707,2605,0.5260691271236086
735,1081,1816,0.6799259944495837
939,1486,2425,0.6318977119784657
994,1493,2487,0.6657736101808439
1018,1575,2593,0.6463492063492063
992,1488,2480,0.6666666666666666
945,1234,2179,0.7658022690437601
847,1130,1977,0.7495575221238938
1013,1325,2338,0.7645283018867924
894,1487,2381,0.6012104909213181
1026,1322,2348,0.7760968229954615
869,1459,2328,0.5956134338588074
970,1394,2364,0.6958393113342898
880,1255,2135,0.701195219123506
1077,1439,2516,0.7484364141765114
1060,1515,2575,0.6996699669966997
1100,1686,2786,0.6524317912218268
985,1445,2430,0.6816608996539792
1000,1397,2397,0.7158196134574087
1154,1582,2736,0.729456384323641
794,1134,1928,0.7001763668430335
1147,1463,2610,0.7840054682159945
967,1289,2256,0.7501939487975174
955,1430,2385,0.6678321678321678
976,1400,2376,0.6971428571428572
975,1393,2368,0.6999282124910265
1038,1528,2566,0.6793193717277487
813,1294,2107,0.6282843894899537
1003,1397,2400,0.717967072297781
956,1297,2253,0.7370855821125675
1133,1536,2669,0.7376302083333334
1073,1448,2521,0.7410220994475138
1032,1393,2425,0.7408470926058865
1002,1241,2243,0.8074133763094279
870,1189,2059,0.7317073170731707
647,942,1589,0.6868365180467091
1082,1378,2460,0.7851959361393324
1088,1305,2393,0.8337164750957854
960,1509,2469,0.6361829025844931
1041,1316,2357,0.791033434650456
948,1307,2255,0.7253251721499617
952,1214,2166,0.7841845140032949
1074,1450,2524,0.7406896551724138
702,1045,1747,0.6717703349282297
812,1348,2160,0.6023738872403561
1081,1543,2624,0.7005832793259883
1038,1402,2440,0.7403708987161198
798,1178,1976,0.6774193548387096
852,1406,2258,0.6059743954480796
1009,1406,2415,0.7176386913229018
1064,1564,2628,0.680306905370844
996,1401,2397,0.7109207708779444
1023,1383,2406,0.7396963123644251
984,1445,2429,0.6809688581314879
769,1057,1826,0.727530747398297
1024,1482,2506,0.6909581646423751
1102,1518,2620,0.7259552042160737
985,1484,2469,0.6637466307277629
1056,1566,2622,0.6743295019157088
1024,1525,2549,0.6714754098360656
954,1368,2322,0.6973684210526315
1058,1285,2343,0.8233463035019455
1133,1598,2731,0.7090112640801002
1057,1457,2514,0.7254632807137955
859,1230,2089,0.6983739837398374
1059,1340,2399,0.7902985074626866
922,1427,2349,0.6461107217939733
1118,1495,2613,0.7478260869565218
1198,1548,2746,0.7739018087855297
1057,1415,2472,0.7469964664310954
910,1414,2324,0.6435643564356436
1097,1460,2557,0.7513698630136987
997,1250,2247,0.7976
1079,1484,2563,0.727088948787062
849,1401,2250,0.6059957173447538
979,1435,2414,0.6822299651567945
1133,1577,2710,0.7184527584020292
1298,1697,2995,0.7648791985857395
1070,1702,2772,0.6286721504112809
1047,1521,2568,0.6883629191321499
1166,1570,2736,0.7426751592356687
974,1520,2494,0.6407894736842106
938,1348,2286,0.6958456973293768
829,1208,2037,0.6862582781456954
956,1353,2309,0.7065779748706578
998,1448,2446,0.6892265193370166
1140,1542,2682,0.7392996108949417
787,1046,1833,0.7523900573613767
971,1323,2294,0.7339380196523053
914,1538,2452,0.5942782834850455
898,1229,2127,0.7306753458096013
747,1218,1965,0.6133004926108374
819,1256,2075,0.6520700636942676
929,1353,2282,0.6866223207686623
1004,1426,2430,0.7040673211781207
1093,1587,2680,0.6887208569628229
1074,1552,2626,0.6920103092783505
1004,1528,2532,0.6570680628272252
1053,1445,2498,0.728719723183391
770,1039,1809,0.7410972088546679
979,1501,2480,0.6522318454363758
1089,1588,2677,0.6857682619647355
1068,1647,2715,0.6484517304189436
926,1389,2315,0.6666666666666666
750,1184,1934,0.6334459459459459
840,1234,2074,0.6807131280388979
981,1486,2467,0.6601615074024226
1020,1525,2545,0.6688524590163935
973,1503,2476,0.6473719228210246
943,1496,2439,0.6303475935828877
1068,1553,2621,0.6877012234385061
1187,1639,2826,0.724222086638194
1008,1590,2598,0.6339622641509434
1064,1679,2743,0.6337105419892793
915,1183,2098,0.7734573119188504
1057,1464,2521,0.7219945355191257
1076,1476,2552,0.7289972899728997
933,1322,2255,0.705748865355522
921,1340,2261,0.6873134328358209
852,1311,2163,0.6498855835240275
1095,1433,2528,0.7641311933007676
1049,1634,2683,0.6419828641370869
1026,1641,2667,0.6252285191956124
1184,1578,2762,0.7503168567807351
968,1357,2325,0.7133382461311717
996,1629,2625,0.6114180478821363
1068,1532,2600,0.6971279373368147
1007,1492,2499,0.6749329758713136
915,1478,2393,0.6190798376184032
1104,1380,2484,0.8
1037,1358,2395,0.7636229749631811
1098,1389,2487,0.7904967602591793
833,1161,1994,0.7174849267872524
1061,1626,2687,0.6525215252152522
1012,1518,2530,0.6666666666666666
947,1359,2306,0.6968359087564385
1044,1593,2637,0.655367231638418
1263,1546,2809,0.8169469598965071
1069,1409,2478,0.758694109297374
1057,1265,2322,0.8355731225296442
1103,1453,2556,0.7591190640055059
1205,1555,2760,0.77491961414791
1278,1444,2722,0.8850415512465374
969,1336,2305,0.7252994011976048
1027,1517,2544,0.6769940672379697
832,1132,1964,0.734982332155477
1131,1538,2669,0.735370611183355
1002,1764,2766,0.5680272108843537
1062,1421,2483,0.7473610133708656
1170,1493,2663,0.7836570663094441
1152,1398,2550,0.8240343347639485
1014,1278,2292,0.7934272300469484
1124,1464,2588,0.76775956284153
1077,1306,2383,0.8246554364471669
1066,1538,2604,0.6931079323797139
957,1184,2141,0.808277027027027
1048,1416,2464,0.7401129943502824
1157,1278,2435,0.905320813771518
982,1448,2430,0.6781767955801105
1171,1471,2642,0.7960571040108769
1080,1500,2580,0.72
1102,1590,2692,0.6930817610062893
964,1221,2185,0.7895167895167895
912,1192,2104,0.7651006711409396
888,1374,2262,0.6462882096069869
954,1262,2216,0.7559429477020603
872,1378,2250,0.6328011611030478
778,1238,2016,0.6284329563812601
1101,1540,2641,0.714935064935065
988,1404,2392,0.7037037037037037
1015,1515,2530,0.66996699669967
1127,1619,2746,0.6961087090796788
941,1377,2318,0.6833696441539578
1055,1458,2513,0.7235939643347051
1030,1454,2484,0.7083906464924347
776,1281,2057,0.6057767369242779
1101,1620,2721,0.6796296296296296
1022,1186,2208,0.8617200674536256
856,1250,2106,0.6848
950,1465,2415,0.6484641638225256
983,1597,2580,0.6155291170945523
1059,1584,2643,0.6685606060606061
711,1020,1731,0.6970588235294117
806,1162,1968,0.693631669535284
1050,1397,2447,0.7516105941302792
1006,1481,2487,0.6792707629979743
1069,1525,2594,0.700983606557377
971,1490,2461,0.6516778523489933
888,1318,2206,0.6737481031866465
1042,1515,2557,0.6877887788778878
803,1324,2127,0.6064954682779456
1047,1383,2430,0.7570498915401301
1143,1594,2737,0.7170639899623589
887,1318,2205,0.6729893778452201
909,1202,2111,0.7562396006655574
737,927,1664,0.7950377562028047
851,1225,2076,0.6946938775510204
803,1159,1962,0.6928386540120793
1144,1498,2642,0.7636849132176236
1115,1254,2369,0.8891547049441786
916,1500,2416,0.6106666666666667
865,1252,2117,0.6908945686900958
912,1498,2410,0.6088117489986649
759,1228,1987,0.6180781758957655
791,1060,1851,0.7462264150943396
856,1166,2022,0.7341337907375644
808,1328,2136,0.608433734939759
1053,1635,2688,0.6440366972477064
893,1545,2438,0.5779935275080906
995,1551,2546,0.6415215989684074
844,1123,1967,0.7515583259127337
1056,1466,2522,0.7203274215552524
898,1256,2154,0.714968152866242
970,1285,2255,0.754863813229572
966,1386,2352,0.696969696969697
1003,1400,2403,0.7164285714285714
968,1517,2485,0.6381015161502966
938,1343,2281,0.6984363365599404
999,1652,2651,0.6047215496368039
996,1549,2545,0.6429954809554551
1058,1673,2731,0.6323968918111178
1073,1528,2601,0.7022251308900523
1064,1589,2653,0.6696035242290749
1015,1440,2455,0.7048611111111112
1196,1642,2838,0.728380024360536
1034,1475,2509,0.7010169491525424
1140,1672,2812,0.6818181818181818
1306,1797,3103,0.7267668336115748
1013,1639,2652,0.6180597925564368
1170,1471,2641,0.7953772943575799
1045,1343,2388,0.7781087118391661
991,1413,2404,0.7013446567586695
972,1499,2471,0.6484322881921281
963,1488,2451,0.6471774193548387
1006,1407,2413,0.7149964463397299
1077,1525,2602,0.7062295081967213
1095,1537,2632,0.7124268054651919
1055,1494,2549,0.7061579651941098
993,1521,2514,0.6528599605522682
1069,1485,2554,0.7198653198653199
846,1090,1936,0.7761467889908257
629,1057,1686,0.5950804162724692
1041,1622,2663,0.6418002466091245
1228,1543,2771,0.7958522359040829
826,1117,1943,0.7394807520143241
980,1329,2309,0.7373965387509406
1540,2042,3582,0.7541625857002938
1110,1432,2542,0.7751396648044693
1327,2049,3376,0.6476329917032699
888,1279,2167,0.6942924159499609
1045,1612,2657,0.6482630272952854
941,1403,2344,0.6707056307911617
1250,1748,2998,0.7151029748283753
1404,1916,3320,0.732776617954071
905,1295,2200,0.6988416988416989
1101,1363,2464,0.8077769625825385
859,1276,2135,0.6731974921630094
859,1057,1916,0.8126773888363292
450,633,1083,0.7109004739336493
1402,2086,3488,0.6720997123681688
633,1018,1651,0.6218074656188605
1518,2090,3608,0.7263157894736842
1300,1663,2963,0.7817197835237523
389,520,909,0.7480769230769231
1354,2670,4024,0.5071161048689139
1469,2489,3958,0.5901968662113298
1508,2470,3978,0.6105263157894737
49,27,76,1.8148148148148149
1498,2483,3981,0.603302456705598
1426,2489,3915,0.5729208517476898
1404,2564,3968,0.5475819032761311
1510,2545,4055,0.593320235756385
914,1335,2249,0.6846441947565544
1009,1739,2748,0.5802185163887291
982,1680,2662,0.5845238095238096
970,1706,2676,0.5685814771395076
996,1660,2656,0.6
937,1639,2576,0.5716900549115315
965,1626,2591,0.593480934809348
1052,1747,2799,0.6021751574127076
974,1563,2537,0.6231605886116443
1079,1581,2660,0.6824794433902593
1046,1678,2724,0.6233611442193087
996,1686,2682,0.5907473309608541
1076,1602,2678,0.6716604244694132
989,1360,2349,0.7272058823529411
838,1250,2088,0.6704
901,1407,2308,0.6403695806680881
905,1589,2494,0.5695405915670233
965,1656,2621,0.5827294685990339
904,1733,2637,0.5216387766878245
931,1766,2697,0.5271800679501699
969,1656,2625,0.5851449275362319
1082,1753,2835,0.6172276098117513
1008,1531,2539,0.6583932070542129
1017,1665,2682,0.6108108108108108
967,1564,2531,0.6182864450127877
1094,1732,2826,0.6316397228637414
984,1507,2491,0.6529528865295289
1157,1712,2869,0.6758177570093458
895,1314,2209,0.6811263318112634
1151,1556,2707,0.7397172236503856
1111,1524,2635,0.729002624671916
1071,1536,2607,0.697265625
967,1409,2376,0.6863023420865862
863,1376,2239,0.6271802325581395
1085,1702,2787,0.6374853113983548
881,1290,2171,0.6829457364341085
1020,1514,2534,0.6737120211360634
940,1437,2377,0.6541405706332637
1010,1507,2517,0.670205706702057
1040,1577,2617,0.6594800253646164
1139,1437,2576,0.7926235212247739
994,1271,2265,0.7820613690007868
892,1369,2261,0.6515704894083273
1002,1693,2695,0.5918487891317188
768,1403,2171,0.5473984319315752
750,1331,2081,0.5634861006761833
835,1197,2032,0.697577276524645
958,1481,2439,0.6468602295746118
898,1494,2392,0.6010709504685409
761,1110,1871,0.6855855855855856
818,1476,2294,0.55420054200542
938,1504,2442,0.6236702127659575
892,1254,2146,0.7113237639553429
877,1086,1963,0.8075506445672191
768,1530,2298,0.5019607843137255
1042,1672,2714,0.6232057416267942
1034,1569,2603,0.6590184831102613
887,1476,2363,0.6009485094850948
909,1308,2217,0.694954128440367
937,1710,2647,0.547953216374269
1056,1739,2795,0.6072455434157562
971,1708,2679,0.5685011709601874
938,1605,2543,0.584423676012461
911,1763,2674,0.5167328417470222
943,1754,2697,0.5376282782212086
909,1596,2505,0.5695488721804511
836,1501,2337,0.5569620253164557
931,1667,2598,0.5584883023395321
964,1727,2691,0.5581933989577301
925,1520,2445,0.6085526315789473
1018,1757,2775,0.5793966989186112
1013,1857,2870,0.5455035002692514
968,1694,2662,0.5714285714285714
974,1626,2600,0.5990159901599016
1046,1802,2848,0.5804661487236404
989,1601,2590,0.617738913179263
977,1657,2634,0.5896197948098975
1026,1872,2898,0.5480769230769231
939,1598,2537,0.5876095118898623
1074,1669,2743,0.6434991012582385
1016,1706,2722,0.5955451348182884
862,1475,2337,0.584406779661017
915,1603,2518,0.570804741110418
1032,1753,2785,0.5887050770108385
972,1651,2623,0.5887341005451242
972,1540,2512,0.6311688311688312
966,1663,2629,0.5808779314491882
997,1795,2792,0.5554317548746518
1029,1729,2758,0.5951417004048583
941,1496,2437,0.6290106951871658
1009,1719,2728,0.5869691681210005
887,1506,2393,0.5889774236387783
899,1586,2485,0.5668348045397226
880,1550,2430,0.567741935483871
927,1655,2582,0.5601208459214502
1002,1688,2690,0.5936018957345972
920,1733,2653,0.5308713214079631
970,1541,2511,0.6294613887086308
883,1309,2192,0.6745607333842628
916,1640,2556,0.5585365853658537
944,1499,2443,0.6297531687791861
920,1643,2563,0.5599513085818625
993,1746,2739,0.5687285223367697
986,1465,2451,0.673037542662116
1007,1753,2760,0.5744438106103822
902,1376,2278,0.6555232558139535
1026,1735,2761,0.5913544668587897
982,1656,2638,0.5929951690821256
1052,1826,2878,0.5761226725082147
534,904,1438,0.5907079646017699
916,1454,2370,0.6299862448418156
985,1766,2751,0.557757644394111
1124,1565,2689,0.7182108626198083
1002,1622,2624,0.6177558569667078
903,1385,2288,0.651985559566787
892,1202,2094,0.7420965058236273
1014,1354,2368,0.7488921713441654
825,1347,2172,0.6124721603563474
993,1626,2619,0.6107011070110702
952,1663,2615,0.5724594107035478
889,1523,2412,0.5837163493105713
695,1026,1721,0.6773879142300195
903,1598,2501,0.565081351689612
891,1553,2444,0.5737282678686413
916,1678,2594,0.5458879618593564
882,1044,1926,0.8448275862068966
1047,1345,2392,0.7784386617100372
976,1724,2700,0.5661252900232019
871,1461,2332,0.5961670088980151
1002,1648,2650,0.6080097087378641
920,1494,2414,0.6157965194109772
993,1618,2611,0.6137206427688504
874,1519,2393,0.575378538512179
1013,1700,2713,0.5958823529411764
876,1503,2379,0.5828343313373253
833,1562,2395,0.5332906530089628
817,1399,2216,0.583988563259471
732,1145,1877,0.6393013100436681
1004,1699,2703,0.5909358446144791
906,1614,2520,0.5613382899628253
865,1523,2388,0.5679579776756402
1027,1683,2710,0.6102198455139631
918,1641,2559,0.5594149908592322
1182,1722,2904,0.686411149825784
825,1570,2395,0.5254777070063694
868,1492,2360,0.5817694369973191
923,1597,2520,0.577958672510958
961,1602,2563,0.5998751560549314
915,1638,2553,0.5586080586080586
940,1642,2582,0.5724725943970768
962,1670,2632,0.5760479041916168
937,1565,2502,0.5987220447284345
856,1327,2183,0.6450640542577242
896,1566,2462,0.5721583652618135
1066,1830,2896,0.5825136612021858
915,1627,2542,0.5623847572218807
871,1471,2342,0.592114208021754
1040,1710,2750,0.6081871345029239
367,517,884,0.7098646034816247
1164,1585,2749,0.7343848580441641
1051,1606,2657,0.6544209215442092
985,1518,2503,0.6488801054018445
1102,1780,2882,0.6191011235955056
945,1652,2597,0.5720338983050848
949,1548,2497,0.6130490956072352
991,1695,2686,0.5846607669616519
948,1614,2562,0.587360594795539
941,1600,2541,0.588125
921,1469,2390,0.6269571136827774
955,1621,2576,0.5891425046267736
859,1498,2357,0.5734312416555407
991,1758,2749,0.5637087599544938
896,1630,2526,0.5496932515337424
835,1241,2076,0.6728444802578566
1020,1397,2417,0.7301360057265569
994,1675,2669,0.5934328358208956
964,1141,2105,0.8448729184925504
925,1187,2112,0.7792754844144903
1031,1354,2385,0.7614475627769571
1037,1379,2416,0.7519941986947063
1153,1494,2647,0.7717536813922357
1166,1336,2502,0.8727544910179641
1148,1505,2653,0.7627906976744186
1066,1305,2371,0.8168582375478928
913,1406,2319,0.6493598862019915
1031,1528,2559,0.6747382198952879
998,1705,2703,0.5853372434017595
1149,1625,2774,0.707076923076923
1251,1523,2774,0.8214051214707814
817,955,1772,0.8554973821989529
966,1437,2403,0.6722338204592901
759,940,1699,0.8074468085106383
475,577,1052,0.8232235701906413
584,1204,1788,0.4850498338870432
605,908,1513,0.6662995594713657
964,1367,2331,0.7051938551572787
931,1466,2397,0.6350613915416098
916,1596,2512,0.5739348370927319
892,1070,1962,0.8336448598130841
1140,1420,2560,0.8028169014084507
399,691,1090,0.5774240231548481
970,1278,2248,0.758998435054773
1036,1567,2603,0.6611359285258456
1316,1555,2871,0.8463022508038586
896,1379,2275,0.649746192893401
1001,1474,2475,0.6791044776119403
876,1504,2380,0.5824468085106383
992,1653,2645,0.6001209921355112
999,1604,2603,0.6228179551122195
979,1645,2624,0.5951367781155015
989,1501,2490,0.6588940706195869
1101,1575,2676,0.699047619047619
949,1672,2621,0.5675837320574163
914,1465,2379,0.6238907849829352
986,1762,2748,0.5595913734392736
973,1567,2540,0.6209317166560306
978,1669,2647,0.5859796285200719
1077,1755,2832,0.6136752136752137
1010,1800,2810,0.5611111111111111
738,1037,1775,0.7116682738669238
1294,1719,3013,0.7527632344386271
897,1576,2473,0.5691624365482234
986,1715,2701,0.574927113702624
1009,1620,2629,0.6228395061728395
1035,1714,2749,0.6038506417736289
956,1537,2493,0.6219908913467794
930,1534,2464,0.60625814863103
995,1730,2725,0.5751445086705202
972,1510,2482,0.6437086092715232
762,1212,1974,0.6287128712871287
1017,1667,2684,0.6100779844031193
958,1567,2525,0.6113592852584556
949,1652,2601,0.5744552058111381
924,1569,2493,0.5889101338432122
1032,1734,2766,0.5951557093425606
957,1631,2588,0.5867565910484366
1004,1617,2621,0.6209029066171924
973,1551,2524,0.627337201805287
1060,1719,2779,0.6166375799883653
1012,1754,2766,0.5769669327251995
1015,1770,2785,0.5734463276836158
1057,1681,2738,0.6287923854848304
826,1562,2388,0.528809218950064
1034,1643,2677,0.6293365794278758
1013,1745,2758,0.5805157593123209
1057,1660,2717,0.6367469879518072
1132,1763,2895,0.6420873511060692
945,1564,2509,0.6042199488491049
864,1434,2298,0.602510460251046
941,1551,2492,0.6067053513862024
942,1603,2545,0.5876481597005615
838,1519,2357,0.5516787360105333
864,1416,2280,0.6101694915254238
1009,1573,2582,0.6414494596312779
983,1743,2726,0.5639701663798049
948,1457,2405,0.6506520247083047
983,1584,2567,0.6205808080808081
967,1617,2584,0.5980210265924552
978,1710,2688,0.5719298245614035
1007,1723,2730,0.5844457341845618
715,846,1561,0.8451536643026005
339,517,856,0.655705996131528
456,465,921,0.9806451612903224
1066,1381,2447,0.7719044170890659
901,1706,2607,0.5281359906213364
995,1425,2420,0.6982456140350877
1274,1629,2903,0.7820748925721301
1159,1396,2555,0.8302292263610315
1104,1539,2643,0.7173489278752436
1148,1547,2695,0.7420814479638009
1015,1720,2735,0.5901162790697675
1048,1586,2634,0.6607818411097099
1073,1669,2742,0.6428999400838825
1089,1723,2812,0.6320371445153802
783,1240,2023,0.6314516129032258
1034,1624,2658,0.6366995073891626
1059,1573,2632,0.6732358550540368
959,1417,2376,0.6767819336626676
963,1510,2473,0.6377483443708609
1035,1639,2674,0.6314826113483831
941,1459,2400,0.6449623029472241
1002,1626,2628,0.6162361623616236
980,1657,2637,0.5914302957151478
999,1666,2665,0.5996398559423769
980,1737,2717,0.5641911341393206
923,1514,2437,0.6096433289299867
945,1607,2552,0.5880522713130056
943,1484,2427,0.6354447439353099
435,750,1185,0.58
949,1700,2649,0.558235294117647
990,1607,2597,0.6160547604231488
939,1488,2427,0.6310483870967742
996,1564,2560,0.6368286445012787
951,1461,2412,0.6509240246406571
1024,1581,2605,0.6476913345983555
1007,1628,2635,0.6185503685503686
1021,1723,2744,0.5925710969239698
970,1626,2596,0.5965559655596556
1072,1613,2685,0.6646001239925604
1088,1782,2870,0.6105499438832772
938,1529,2467,0.6134728580771747
1017,1709,2726,0.5950848449385605
947,1568,2515,0.6039540816326531
955,1621,2576,0.5891425046267736
908,1519,2427,0.597761685319289
902,1475,2377,0.6115254237288136
1073,1814,2887,0.5915104740904079
976,1824,2800,0.5350877192982456
987,1656,2643,0.5960144927536232
952,1456,2408,0.6538461538461539
952,1602,2554,0.5942571785268415
1029,1624,2653,0.6336206896551724
989,1688,2677,0.5859004739336493
962,1562,2524,0.615877080665813
918,1357,2275,0.6764922623434045
863,1566,2429,0.5510855683269477
994,1685,2679,0.5899109792284867
1022,1593,2615,0.6415568110483365
1058,1559,2617,0.6786401539448365
889,1542,2431,0.5765239948119325
1012,1614,2626,0.6270136307311028
1014,1721,2735,0.5891923300406741
1030,1773,2803,0.580936266215454
1002,1520,2522,0.6592105263157895
965,1609,2574,0.5997513983840895
948,1626,2574,0.5830258302583026
976,1714,2690,0.5694282380396732
932,1549,2481,0.6016785022595222
1110,1424,2534,0.7794943820224719
959,1587,2546,0.6042848141146818
761,1151,1912,0.6611642050390965
1000,1464,2464,0.6830601092896175
1104,1530,2634,0.7215686274509804
1110,1614,2724,0.6877323420074349
1056,1611,2667,0.6554934823091247
984,1518,2502,0.6482213438735178
1039,1413,2452,0.7353149327671621
1103,1603,2706,0.6880848409232688
1162,1655,2817,0.7021148036253776
1054,1361,2415,0.7744305657604702
1156,1732,2888,0.6674364896073903
920,1429,2349,0.6438068579426172
1162,1475,2637,0.7877966101694915
896,1437,2333,0.6235212247738344
892,1536,2428,0.5807291666666666
1042,1567,2609,0.6649649010848756
928,1348,2276,0.6884272997032641
1082,1675,2757,0.6459701492537313
974,1720,2694,0.5662790697674419
971,1532,2503,0.6338120104438643
915,1567,2482,0.583918315252074
1042,1708,2750,0.6100702576112412
894,1608,2502,0.5559701492537313
1036,1621,2657,0.6391116594694632
847,1506,2353,0.5624169986719787
894,1541,2435,0.5801427644386762
710,1236,1946,0.5744336569579288
1026,1684,2710,0.6092636579572447
869,1568,2437,0.5542091836734694
939,1616,2555,0.5810643564356436
1016,1614,2630,0.6294919454770755
1020,1497,2517,0.6813627254509018
1157,1677,2834,0.689922480620155
1029,1744,2773,0.5900229357798165
960,1703,2663,0.5637110980622431
1042,1776,2818,0.5867117117117117
996,1727,2723,0.5767226404169079
955,1456,2411,0.6559065934065934
1057,1545,2602,0.6841423948220064
1066,1678,2744,0.635280095351609
1087,1777,2864,0.6117051209904333
691,1312,2003,0.5266768292682927
874,1324,2198,0.6601208459214502
887,1663,2550,0.5333734215273602
893,1682,2575,0.5309155766944114
926,1674,2600,0.5531660692951016
953,1704,2657,0.5592723004694836
1019,1785,2804,0.5708683473389355
1011,1754,2765,0.5763968072976055
971,1623,2594,0.5982747997535428
951,1721,2672,0.5525857059848925
973,1605,2578,0.6062305295950156
1227,1753,2980,0.6999429549343982
905,1338,2243,0.6763826606875935
842,1416,2258,0.594632768361582
1017,1612,2629,0.6308933002481389
994,1686,2680,0.5895610913404508
1054,1663,2717,0.6337943475646423
990,1625,2615,0.6092307692307692
898,1705,2603,0.5266862170087977
795,1196,1991,0.6647157190635451
986,1600,2586,0.61625
1095,1708,2803,0.6411007025761124
1090,1629,2719,0.669122160834868
988,1764,2752,0.5600907029478458
951,1591,2542,0.5977372721558768
972,1544,2516,0.6295336787564767
961,1634,2595,0.5881272949816402
1021,1738,2759,0.5874568469505178
1104,1436,2540,0.7688022284122563
1069,1534,2603,0.696870925684485
841,1288,2129,0.6529503105590062
1036,1676,2712,0.6181384248210023
990,1566,2556,0.632183908045977
1046,1559,2605,0.6709429121231558
995,1785,2780,0.5574229691876751
1017,1717,2734,0.5923121723937099
990,1678,2668,0.5899880810488677
930,1624,2554,0.5726600985221675
966,1750,2716,0.552
961,1562,2523,0.6152368758002561
957,1726,2683,0.5544611819235226
960,1784,2744,0.5381165919282511
1169,1661,2830,0.703792895845876
1579,2288,3867,0.6901223776223776
1611,2297,3908,0.7013495864170657
1056,1796,2852,0.5879732739420935
1574,2446,4020,0.6434995911692559
379,344,723,1.1017441860465116
939,1422,2361,0.6603375527426161
1439,2390,3829,0.602092050209205
1663,2048,3711,0.81201171875
929,1525,2454,0.6091803278688525
1776,2317,4093,0.7665084160552439
1622,2203,3825,0.7362687244666364
1540,2277,3817,0.6763285024154589
1360,2618,3978,0.5194805194805194
1165,1883,3048,0.6186935740839087
1716,2315,4031,0.7412526997840173
1427,2615,4042,0.545697896749522
1461,2023,3484,0.722194760257044
1830,2070,3900,0.8840579710144928
1573,2209,3782,0.7120869171570846
1674,2415,4089,0.6931677018633541
1157,993,2150,1.1651560926485398
871,1619,2490,0.5379864113650401
934,1284,2218,0.7274143302180686
3504,372,3876,9.419354838709678
1503,2196,3699,0.6844262295081968
1596,2371,3967,0.67313369886124
1668,2221,3889,0.7510130571814498
1472,2584,4056,0.5696594427244582
1512,2236,3748,0.6762075134168157
1434,2504,3938,0.5726837060702875
1423,2282,3705,0.6235758106923751
1503,2432,3935,0.6180098684210527
1585,2468,4053,0.6422204213938412
1514,2477,3991,0.6112232539362131
1488,2558,4046,0.581704456606724
1418,2373,3791,0.5975558364938895
1610,2483,4093,0.6484091824405961
1381,2270,3651,0.6083700440528634
1317,2302,3619,0.5721112076455256
1325,2514,3839,0.5270485282418457
1584,2505,4089,0.6323353293413174
1714,2341,4055,0.7321657411362665
1946,939,2885,2.0724174653887117
1477,2439,3916,0.6055760557605576
1424,2458,3882,0.5793327908868999
1326,2294,3620,0.5780296425457716
1358,2262,3620,0.6003536693191865
1322,2134,3456,0.619493908153702
1414,2597,4011,0.5444743935309974
1531,2431,3962,0.6297819827231592
804,1515,2319,0.5306930693069307
1224,2274,3498,0.5382585751978892
1337,2434,3771,0.5493015612161052
1335,2323,3658,0.574687903572966
1532,2446,3978,0.6263286999182338
1499,2228,3727,0.6728007181328546
1611,2411,4022,0.6681874740771464
1326,2181,3507,0.6079779917469051
1210,2110,3320,0.5734597156398105
1202,2087,3289,0.5759463344513656
1552,2511,4063,0.6180804460374353
1517,2455,3972,0.6179226069246436
1582,2469,4051,0.6407452409882544
1482,2136,3618,0.6938202247191011
1453,2155,3608,0.674245939675174
1397,2449,3846,0.5704369130257247
1216,2045,3261,0.5946210268948655
1498,2380,3878,0.6294117647058823
1411,2553,3964,0.5526831179005092
1414,2261,3675,0.6253869969040248
1518,2528,4046,0.6004746835443038
1272,2095,3367,0.6071599045346062
1478,2455,3933,0.6020366598778004
1224,2247,3471,0.5447263017356475
1395,2182,3577,0.6393217231897342
1433,2489,3922,0.5757332261952591
1545,2397,3942,0.6445556946182729
1485,2447,3932,0.6068655496526358
1226,2063,3289,0.5942801745031507
1343,2311,3654,0.581133708351363
462,865,1327,0.5341040462427745
1400,2482,3882,0.5640612409347301
1595,2494,4089,0.6395348837209303
1433,2389,3822,0.5998325659271662
1409,2617,4026,0.53840275124188
1160,1954,3114,0.593654042988741
1195,2210,3405,0.5407239819004525
1383,2524,3907,0.5479397781299524
1114,2019,3133,0.5517582961862308
1317,2468,3785,0.5336304700162074
1424,2405,3829,0.5920997920997921
1439,2592,4031,0.5551697530864198
1399,2451,3850,0.5707874337005304
1398,2572,3970,0.5435458786936236
1407,2612,4019,0.5386676875957122
1156,1739,2895,0.6647498562392179
1478,2517,3995,0.5872069924513309
1485,2551,4036,0.582124656997256
1483,2496,3979,0.5941506410256411
1480,2550,4030,0.5803921568627451
1402,2479,3881,0.5655506252521177
1400,2681,4081,0.5221932114882507
1523,2508,4031,0.6072567783094099
1465,2366,3831,0.6191885038038885
1453,2464,3917,0.5896915584415584
1332,2309,3641,0.5768731052403638
1409,2370,3779,0.5945147679324895
1473,2402,3875,0.6132389675270608
1389,2594,3983,0.5354664610639939
1494,2284,3778,0.6541155866900175
1462,2611,4073,0.5599387207966297
1355,2341,3696,0.5788124733020077
1589,2500,4089,0.6356
1535,2476,4011,0.619951534733441
1514,2406,3920,0.6292601828761429
1364,2343,3707,0.5821596244131455
482,620,1102,0.7774193548387097
1482,2521,4003,0.5878619595398651
1487,2595,4082,0.5730250481695568
1443,2369,3812,0.6091177712114816
1580,2474,4054,0.6386418755052546
1454,2608,4062,0.5575153374233128
1366,2550,3916,0.5356862745098039
1164,2156,3320,0.5398886827458256
1267,2123,3390,0.5967969853980216
1341,2092,3433,0.6410133843212237
1407,2625,4032,0.536
1303,2374,3677,0.5488626790227464
1222,1715,2937,0.712536443148688
865,1115,1980,0.7757847533632287
758,1341,2099,0.5652498135719612
1358,1968,3326,0.6900406504065041
865,1262,2127,0.6854199683042789
1247,2295,3542,0.543355119825708
1185,1876,3061,0.6316631130063965
1199,1863,3062,0.6435856146001073
1233,1633,2866,0.7550520514390692
1581,1965,3546,0.8045801526717558
1708,2122,3830,0.8049010367577757
1166,1783,2949,0.6539540100953449
909,1520,2429,0.5980263157894737
1167,1630,2797,0.7159509202453987
1045,1531,2576,0.6825604180274331
1529,1687,3216,0.906342620035566
632,1003,1635,0.6301096709870389
1306,1675,2981,0.7797014925373135
1417,2350,3767,0.6029787234042553
1466,2401,3867,0.6105789254477301
1159,1943,3102,0.5965002573340196
1145,1639,2784,0.6985967053081147
1191,1906,3097,0.6248688352570829
1624,2361,3985,0.6878441338415926
1147,1829,2976,0.6271186440677966
1419,1624,3043,0.8737684729064039
1317,2208,3525,0.5964673913043478
1518,1860,3378,0.8161290322580645
1241,1475,2716,0.8413559322033898
1557,2152,3709,0.7235130111524164
1699,2082,3781,0.8160422670509125
1395,1439,2834,0.9694232105628908
1123,1473,2596,0.7623896809232859
1524,2314,3838,0.658599827139153
866,1322,2188,0.6550680786686838
1694,2006,3700,0.8444666001994018
1391,1300,2691,1.07
737,1070,1807,0.688785046728972
1142,1559,2701,0.7325208466966003
1219,1667,2886,0.73125374925015
1712,2155,3867,0.794431554524362
1080,1681,2761,0.6424747174301011
1063,1270,2333,0.837007874015748
791,1574,2365,0.5025412960609911
1144,1754,2898,0.6522234891676169
1166,1904,3070,0.6123949579831933
1264,1820,3084,0.6945054945054945
1239,1853,3092,0.6686454398273071
790,968,1758,0.8161157024793388
747,1342,2089,0.5566318926974665
862,1289,2151,0.6687354538401862
1277,1778,3055,0.71822272215973
1329,1575,2904,0.8438095238095238
1397,1499,2896,0.9319546364242828
767,1015,1782,0.7556650246305419
1250,1696,2946,0.7370283018867925
1230,1139,2369,1.0798946444249342
1385,1715,3100,0.8075801749271136
968,1885,2853,0.5135278514588859
838,1105,1943,0.7583710407239819
685,1051,1736,0.6517602283539486
1020,1624,2644,0.6280788177339901
1203,1675,2878,0.7182089552238806
1149,1761,2910,0.6524701873935264
967,1555,2522,0.6218649517684888
1377,1873,3250,0.7351841964762413
981,1409,2390,0.6962384669978708
1939,1996,3935,0.9714428857715433
1707,2188,3895,0.7801645338208409
1034,1781,2815,0.5805727119595733
1516,1986,3502,0.7633434038267876
1234,2135,3369,0.5779859484777518
1139,1618,2757,0.703955500618047
810,1030,1840,0.7864077669902912
1055,1404,2459,0.7514245014245015
960,1057,2017,0.9082308420056764
1282,1701,2983,0.7536743092298648
3226,224,3450,14.401785714285714
1273,1612,2885,0.7897022332506204
1182,1173,2355,1.0076726342710998
669,625,1294,1.0704
918,1118,2036,0.8211091234347049
916,869,1785,1.0540851553509782
1026,1101,2127,0.9318801089918256
913,1078,1991,0.8469387755102041
629,854,1483,0.7365339578454333
349,438,787,0.7968036529680366
336,533,869,0.6303939962476548
474,446,920,1.062780269058296
300,346,646,0.8670520231213873
869,704,1573,1.234375
780,697,1477,1.1190817790530847
987,1177,2164,0.8385726423109601
537,536,1073,1.001865671641791
883,836,1719,1.05622009569378
1232,1476,2708,0.8346883468834688
938,1126,2064,0.8330373001776199
1527,1743,3270,0.8760757314974182
320,398,718,0.8040201005025126
932,1281,2213,0.7275565964090555
798,684,1482,1.1666666666666667
1489,1489,2978,1.0
1041,1168,2209,0.8912671232876712
826,924,1750,0.8939393939393939
993,1055,2048,0.9412322274881516
1222,1337,2559,0.9139865370231862
670,647,1317,1.035548686244204
867,818,1685,1.0599022004889975
1241,1408,2649,0.8813920454545454
762,841,1603,0.906064209274673
1075,1267,2342,0.8484609313338595
504,590,1094,0.8542372881355932
1060,1357,2417,0.7811348563006633
1080,1243,2323,0.8688656476267096
772,804,1576,0.9601990049751244
1044,956,2000,1.0920502092050208
236,241,477,0.979253112033195
301,289,590,1.041522491349481
788,975,1763,0.8082051282051282
339,428,767,0.7920560747663551
691,614,1305,1.1254071661237786
833,737,1570,1.130257801899593
3113,145,3258,21.46896551724138
3018,132,3150,22.863636363636363
3004,149,3153,20.161073825503355
1564,2434,3998,0.6425636811832375
1568,2354,3922,0.6661002548853017
1558,2483,4041,0.6274667740636327
1531,2552,4083,0.5999216300940439
1302,2191,3493,0.5942492012779552
1522,2474,3996,0.6151980598221504
1308,2246,3554,0.5823686553873553
1321,2176,3497,0.6070772058823529
1500,2497,3997,0.6007208650380457
1242,2027,3269,0.6127281697089294
1373,1506,2879,0.9116865869853916
1219,1729,2948,0.7050318102949682
1241,1874,3115,0.6622198505869797
1291,1555,2846,0.8302250803858521
1409,2095,3504,0.6725536992840095
1242,2064,3306,0.6017441860465116
1263,2066,3329,0.611326234269119
916,1497,2413,0.6118904475617902
1175,1809,2984,0.6495301271420675
1079,1650,2729,0.6539393939393939
1546,2361,3907,0.6548072850487082
1241,1654,2895,0.7503022974607013
1092,1930,3022,0.5658031088082901
1591,2212,3803,0.719258589511754
1375,2113,3488,0.6507335541883578
1114,1715,2829,0.6495626822157434
1122,1565,2687,0.7169329073482428
1121,1794,2915,0.624860646599777
1040,1765,2805,0.5892351274787535
747,1327,2074,0.5629238884702336
1269,1991,3260,0.6373681567051733
770,1189,1959,0.6476030277544155
1173,1727,2900,0.679212507237985
1067,1732,2799,0.6160508083140878
1243,1971,3214,0.6306443429731101
1207,2170,3377,0.556221198156682
1296,1758,3054,0.7372013651877133
1165,1976,3141,0.5895748987854251
1226,2078,3304,0.5899903753609239
1177,1691,2868,0.6960378474275577
1101,1876,2977,0.5868869936034116
1256,1906,3162,0.6589716684155299
1196,1929,3125,0.6200103680663557
1357,1820,3177,0.7456043956043956
1569,1991,3560,0.7880462079357107
1224,2255,3479,0.5427937915742794
977,1360,2337,0.7183823529411765
1012,1730,2742,0.584971098265896
1257,1618,2875,0.776885043263288
988,1313,2301,0.7524752475247525
1614,1791,3405,0.9011725293132328
1090,1700,2790,0.6411764705882353
1517,2427,3944,0.6250515039142975
1213,2080,3293,0.583173076923077
1458,2176,3634,0.6700367647058824
24,17,41,1.411764705882353
1361,2360,3721,0.5766949152542373
711,1034,1745,0.6876208897485493
1565,2270,3835,0.6894273127753304
1323,1874,3197,0.7059765208110993
1189,2233,3422,0.5324675324675324
683,1111,1794,0.6147614761476148
1076,1750,2826,0.6148571428571429
1096,1834,2930,0.5976008724100327
843,1784,2627,0.4725336322869955
850,1337,2187,0.6357516828721017
1136,1920,3056,0.5916666666666667
805,1383,2188,0.5820679681851049
937,1657,2594,0.5654797827398914
1211,2597,3808,0.4663072776280323
1175,1868,3043,0.6290149892933619
1277,2159,3436,0.5914775358962483
827,1611,2438,0.5133457479826194
1552,2435,3987,0.6373716632443532
1183,1966,3149,0.6017293997965412
1096,1977,3073,0.5543753161355589
898,1403,2301,0.6400570206699929
774,1241,2015,0.6236905721192587
1176,2089,3265,0.5629487793202489
945,1769,2714,0.534200113058225
933,1886,2819,0.4946977730646871
1036,1552,2588,0.6675257731958762
770,1215,1985,0.6337448559670782
860,1530,2390,0.5620915032679739
862,1445,2307,0.5965397923875433
943,1647,2590,0.5725561627200971
640,989,1629,0.647118301314459
943,1493,2436,0.6316141995981246
560,958,1518,0.5845511482254697
1272,2328,3600,0.5463917525773195
1027,1738,2765,0.5909090909090909
937,1566,2503,0.5983397190293742
727,1318,2045,0.5515933232169955
1229,2170,3399,0.5663594470046083
656,1211,1867,0.541701073492981
865,1728,2593,0.5005787037037037
1090,1963,3053,0.5552725420275089
817,1549,2366,0.5274370561652679
902,2283,3185,0.3950941743320192
883,1282,2165,0.6887675507020281
943,1583,2526,0.5957043588123816
1218,2299,3517,0.5297955632883863
696,1073,1769,0.6486486486486487
866,1450,2316,0.5972413793103448
830,1391,2221,0.5966930265995687
875,1580,2455,0.5537974683544303
953,1411,2364,0.6754075124025514
755,1218,1973,0.6198686371100164
1157,2090,3247,0.5535885167464115
1009,1400,2409,0.7207142857142858
737,1155,1892,0.638095238095238
898,1446,2344,0.6210235131396957
625,985,1610,0.6345177664974619
987,1585,2572,0.6227129337539432
1526,2434,3960,0.6269515201314708
1222,1555,2777,0.7858520900321544
746,1226,1972,0.6084828711256117
1203,1929,3132,0.6236391912908242
849,1373,2222,0.6183539694100509
950,1742,2692,0.5453501722158438
664,1180,1844,0.5627118644067797
898,1482,2380,0.6059379217273954
1039,1406,2445,0.7389758179231863
1310,2042,3352,0.6415279138099902
926,1359,2285,0.681383370125092
785,1139,1924,0.6892010535557507
1100,1867,2967,0.5891805034815212
758,1238,1996,0.6122778675282714
1152,1808,2960,0.6371681415929203
909,1594,2503,0.5702634880803011
803,1258,2061,0.6383147853736089
1021,1415,2436,0.7215547703180212
1085,1785,2870,0.6078431372549019
1166,1906,3072,0.6117523609653726
680,1059,1739,0.6421152030217187
1102,1763,2865,0.6250709018718095
742,1330,2072,0.5578947368421052
869,1464,2333,0.5935792349726776
778,1345,2123,0.5784386617100372
720,1157,1877,0.6222990492653414
1028,1686,2714,0.6097271648873073
1129,1932,3061,0.5843685300207039
1077,1676,2753,0.6426014319809069
1212,1823,3035,0.6648381788261108
1185,1972,3157,0.6009127789046653
1327,2769,4096,0.4792343806428313
1539,2225,3764,0.6916853932584269
1728,2365,4093,0.7306553911205074
1383,2051,3434,0.674305216967333
1563,2051,3614,0.7620672842515845
1552,2136,3688,0.7265917602996255
1461,2074,3535,0.7044358727097396
1710,2220,3930,0.7702702702702703
1625,2202,3827,0.7379654859218892
1693,2167,3860,0.7812644208583295
1580,2310,3890,0.683982683982684
1255,1961,3216,0.6399796022437532
1521,2343,3864,0.649167733674776
1478,2162,3640,0.6836262719703978
1482,2311,3793,0.6412808308091735
1594,2348,3942,0.6788756388415673
1590,2297,3887,0.6922072268175882
1617,2324,3941,0.6957831325301205
991,1655,2646,0.5987915407854985
1489,1682,3171,0.8852556480380499
1043,1567,2610,0.6656030631780472
1098,1502,2600,0.7310252996005326
1137,1630,2767,0.6975460122699386
1040,1429,2469,0.72778166550035
1551,2172,3723,0.7140883977900553
939,1716,2655,0.5472027972027972
1232,1998,3230,0.6166166166166166
1671,2243,3914,0.7449843958983504
1393,1943,3336,0.716932578486876
1534,2380,3914,0.6445378151260505
1275,1812,3087,0.7036423841059603
1135,1547,2682,0.733678086619263
1063,1468,2531,0.7241144414168937
1033,1414,2447,0.7305516265912305
721,1225,1946,0.5885714285714285
1349,2128,3477,0.6339285714285714
799,1236,2035,0.6464401294498382
1466,2235,3701,0.6559284116331097
1552,2256,3808,0.6879432624113475
745,1141,1886,0.6529360210341806
1180,1798,2978,0.6562847608453838
610,811,1421,0.752157829839704
1006,1475,2481,0.6820338983050848
1039,1500,2539,0.6926666666666667
882,1398,2280,0.630901287553648
952,1358,2310,0.7010309278350515
954,1323,2277,0.7210884353741497
936,1516,2452,0.6174142480211082
991,1621,2612,0.6113510178901912
991,1533,2524,0.6464448793215917
1114,1219,2333,0.9138638228055784
1677,1588,3265,1.0560453400503778
961,1365,2326,0.7040293040293041
997,1228,2225,0.8118892508143323
397,696,1093,0.5704022988505747
775,1048,1823,0.7395038167938931
69,146,215,0.4726027397260274
853,766,1619,1.1135770234986946
1329,1625,2954,0.8178461538461539
1613,2238,3851,0.7207327971403038
1678,2129,3807,0.7881634570220761
624,938,1562,0.6652452025586354
601,717,1318,0.8382147838214784
1377,1478,2855,0.9316644113667116
1179,1041,2220,1.1325648414985592
1189,1188,2377,1.0008417508417509
1030,1224,2254,0.8415032679738562
1662,2343,4005,0.7093469910371318
1677,2300,3977,0.7291304347826087
1309,1604,2913,0.8160847880299252
701,1333,2034,0.5258814703675919
659,1227,1886,0.537082314588427
780,1197,1977,0.6516290726817042
605,879,1484,0.6882821387940842
1512,2259,3771,0.6693227091633466
314,526,840,0.596958174904943
1548,2266,3814,0.6831421006178288
856,1170,2026,0.7316239316239316
1376,2014,3390,0.6832174776564052
1373,2505,3878,0.5481037924151697
1534,2534,4068,0.6053670086819258
1321,2210,3531,0.597737556561086
1006,1302,2308,0.7726574500768049
1452,2022,3474,0.7181008902077152
1444,2281,3725,0.6330556773345024
1550,2302,3852,0.6733275412684622
953,1387,2340,0.6870944484498919
1193,2089,3282,0.5710866443274294
1070,1547,2617,0.691661279896574
1522,2295,3817,0.6631808278867103
1457,2476,3933,0.5884491114701131
1605,2467,4072,0.6505877584110256
1315,2031,3346,0.6474643032988675
1001,1413,2414,0.7084217975937721
1193,1781,2974,0.6698483997754071
1509,2245,3754,0.6721603563474388
1579,2504,4083,0.630591054313099
1158,1560,2718,0.7423076923076923
1539,1915,3454,0.8036553524804178
1280,2051,3331,0.6240858117991224
1525,2258,3783,0.6753764393268379
974,1352,2326,0.7204142011834319
1471,2235,3706,0.658165548098434
1198,1839,3037,0.6514410005437737
1341,1985,3326,0.6755667506297229
992,1708,2700,0.5807962529274004
1580,2136,3716,0.7397003745318352
789,1209,1998,0.652605459057072
557,736,1293,0.7567934782608695
963,1544,2507,0.6237046632124352
1567,2209,3776,0.7093707559981892
1650,2279,3929,0.72400175515577
1714,2248,3962,0.7624555160142349
1536,2119,3655,0.7248702218027372
6,7,13,0.8571428571428571
544,822,1366,0.6618004866180048
1050,1451,2501,0.7236388697450035
1548,2462,4010,0.628757108042242
1565,2291,3856,0.6831078131820166
370,457,827,0.8096280087527352
1416,2448,3864,0.5784313725490197
1709,2251,3960,0.7592181252776544
1662,2285,3947,0.7273522975929978
524,317,841,1.6529968454258674
1318,1989,3307,0.6626445449974862
1710,2373,4083,0.7206068268015171
1236,1847,3083,0.6691932864103952
1395,1920,3315,0.7265625
1300,1993,3293,0.6522829904666332
1591,2479,4070,0.6417910447761194
562,787,1349,0.7141041931385006
644,930,1574,0.6924731182795699
694,980,1674,0.7081632653061225
752,1009,1761,0.7452923686818632
1050,1215,2265,0.8641975308641975
987,986,1973,1.0010141987829615
1544,1373,2917,1.124544792425346
907,1157,2064,0.783923941227312
1414,1550,2964,0.912258064516129
778,1095,1873,0.7105022831050228
601,957,1558,0.6280041797283177
662,806,1468,0.8213399503722084
317,455,772,0.6967032967032967
1186,1360,2546,0.8720588235294118
667,772,1439,0.8639896373056994
788,877,1665,0.8985176738882554
726,895,1621,0.8111731843575419
1484,1426,2910,1.040673211781206
1666,1277,2943,1.3046202036021926
623,910,1533,0.6846153846153846
924,827,1751,1.117291414752116
972,1109,2081,0.8764652840396754
875,958,1833,0.9133611691022964
882,1338,2220,0.6591928251121076
1317,1224,2541,1.0759803921568627
1139,955,2094,1.192670157068063
704,870,1574,0.8091954022988506
1419,1724,3143,0.8230858468677494
395,507,902,0.7790927021696252
1639,1827,3466,0.8970990695128627
909,1204,2113,0.7549833887043189
896,1115,2011,0.8035874439461883
764,1069,1833,0.7146866230121609
699,815,1514,0.8576687116564418
653,839,1492,0.7783075089392133
968,1096,2064,0.8832116788321168
676,999,1675,0.6766766766766766
833,824,1657,1.010922330097087
1497,1600,3097,0.935625
801,1147,1948,0.6983435047951178
971,1293,2264,0.7509667440061871
1078,1377,2455,0.7828612926652142
1164,1668,2832,0.697841726618705
971,1222,2193,0.7945990180032734
867,1158,2025,0.7487046632124352
886,1013,1899,0.8746298124383021
551,843,1394,0.6536180308422301
806,1085,1891,0.7428571428571429
935,1176,2111,0.7950680272108843
847,1184,2031,0.7153716216216216
910,1228,2138,0.741042345276873
929,1262,2191,0.7361331220285261
1055,1010,2065,1.0445544554455446
818,924,1742,0.8852813852813853
948,1446,2394,0.6556016597510373
829,1071,1900,0.7740429505135388
1407,1353,2760,1.039911308203991
1006,1087,2093,0.9254829806807728
1340,1343,2683,0.9977661950856292
549,893,1442,0.6147816349384099
1019,1509,2528,0.6752816434724983
1674,2365,4039,0.7078224101479915
20,23,43,0.8695652173913043
2908,162,3070,17.950617283950617
752,1526,2278,0.4927916120576671
810,1426,2236,0.5680224403927069
915,1407,2322,0.650319829424307
1216,1830,3046,0.6644808743169399
1011,1478,2489,0.6840324763193505
788,1322,2110,0.5960665658093798
645,1392,2037,0.4633620689655172
1382,2087,3469,0.6621945376137998
892,1730,2622,0.5156069364161849
708,1076,1784,0.6579925650557621
718,1210,1928,0.5933884297520661
844,1415,2259,0.5964664310954063
1087,1839,2926,0.5910821098423056
872,1117,1989,0.7806624888093107
1004,1547,2551,0.6489980607627667
987,1632,2619,0.6047794117647058
1135,1866,3001,0.6082529474812433
671,1205,1876,0.5568464730290457
938,1568,2506,0.5982142857142857
831,1152,1983,0.7213541666666666
1413,2128,3541,0.6640037593984962
1227,1643,2870,0.7468046256847231
1363,2099,3462,0.6493568365888518
872,1466,2338,0.5948158253751705
953,1616,2569,0.5897277227722773
1085,1720,2805,0.6308139534883721
1226,2047,3273,0.5989252564728872
752,1317,2069,0.5709946848899012
766,1476,2242,0.518970189701897
633,1159,1792,0.546160483175151
891,1196,2087,0.7449832775919732
1079,1408,2487,0.7663352272727273
1077,1768,2845,0.6091628959276018
1131,1637,2768,0.6908979841172878
1130,1700,2830,0.6647058823529411
951,1519,2470,0.6260697827518104
1087,1750,2837,0.6211428571428571
1070,1544,2614,0.6930051813471503
589,848,1437,0.6945754716981132
1008,1558,2566,0.6469833119383825
974,1624,2598,0.5997536945812808
1014,1417,2431,0.7155963302752294
1039,1660,2699,0.6259036144578313
1030,1774,2804,0.580608793686584
1176,1635,2811,0.7192660550458716
1082,1543,2625,0.7012313674659754
1035,1497,2532,0.6913827655310621
960,1440,2400,0.6666666666666666
1051,1616,2667,0.6503712871287128
987,1672,2659,0.590311004784689
778,1475,2253,0.5274576271186441
961,1588,2549,0.6051637279596978
981,1362,2343,0.7202643171806168
1117,1465,2582,0.7624573378839591
923,1443,2366,0.6396396396396397
892,1462,2354,0.6101231190150479
1041,1779,2820,0.5851602023608768
1066,1735,2801,0.6144092219020173
1129,1574,2703,0.7172808132147395
1116,1636,2752,0.6821515892420538
1144,1683,2827,0.6797385620915033
1115,1690,2805,0.6597633136094675
1133,1621,2754,0.6989512646514497
1064,1463,2527,0.7272727272727273
1046,1554,2600,0.6731016731016731
1024,1390,2414,0.7366906474820144
1093,1701,2794,0.6425631981187536
1025,1638,2663,0.6257631257631258
1040,1597,2637,0.6512210394489668
1011,1621,2632,0.6236890808143122
1150,1569,2719,0.7329509241555131
1156,1653,2809,0.6993345432546885
1190,1808,2998,0.6581858407079646
1108,1564,2672,0.7084398976982097
1051,1442,2493,0.7288488210818308
1133,1534,2667,0.7385919165580183
1107,1579,2686,0.7010766307789741
1134,1447,2581,0.783690393918452
1113,1736,2849,0.6411290322580645
1044,1637,2681,0.6377519853390348
1105,1684,2789,0.6561757719714965
1099,1543,2642,0.712248865845755
1022,1509,2531,0.6772697150430749
990,1509,2499,0.6560636182902585
942,1352,2294,0.6967455621301775
974,1382,2356,0.7047756874095513
1127,1717,2844,0.656377402446127
1061,1676,2737,0.633054892601432
995,1589,2584,0.6261799874134676
983,1256,2239,0.7826433121019108
1042,1530,2572,0.681045751633987
947,1313,2260,0.7212490479817213
1059,1543,2602,0.6863253402462735
1072,1650,2722,0.6496969696969697
1110,1674,2784,0.6630824372759857
1062,1609,2671,0.6600372902423866
1123,1683,2806,0.667260843731432
1015,1659,2674,0.6118143459915611
1023,1705,2728,0.6
975,1631,2606,0.5977927651747394
1029,1676,2705,0.613961813842482
923,1626,2549,0.567650676506765
934,1463,2397,0.6384142173615858
1019,1524,2543,0.6686351706036745
899,1487,2386,0.6045729657027572
999,1505,2504,0.6637873754152824
980,1637,2617,0.5986560781918143
997,1410,2407,0.7070921985815602
1020,1687,2707,0.6046235921754594
947,1572,2519,0.6024173027989822
1026,1671,2697,0.6140035906642729
889,1450,2339,0.613103448275862
1097,1781,2878,0.6159460976979225
1048,1843,2891,0.5686380900705371
1026,1778,2804,0.5770528683914511
1056,1756,2812,0.6013667425968109
1111,1803,2914,0.6161952301719357
907,1486,2393,0.6103633916554508
1006,1456,2462,0.6909340659340659
995,1513,2508,0.6576338400528751
1189,1622,2811,0.7330456226880394
958,1539,2497,0.622482131254061
1191,1575,2766,0.7561904761904762
1109,1616,2725,0.6862623762376238
859,1132,1991,0.758833922261484
1093,1475,2568,0.7410169491525423
990,1533,2523,0.6457925636007827
1008,1477,2485,0.6824644549763034
1114,1507,2621,0.7392169873921699
1021,1626,2647,0.6279212792127922
1105,1483,2588,0.7451112609575186
975,1360,2335,0.7169117647058824
1036,1518,2554,0.6824769433465085
1117,1719,2836,0.6497963932518906
969,1385,2354,0.699638989169675
1019,1485,2504,0.6861952861952862
1100,1702,2802,0.6462984723854289
1052,1682,2734,0.6254458977407847
857,1348,2205,0.6357566765578635
1096,1604,2700,0.683291770573566
872,1441,2313,0.6051353226925746
1152,1677,2829,0.6869409660107334
1055,1643,2698,0.6421180766889836
1026,1593,2619,0.6440677966101694
1016,1494,2510,0.6800535475234271
947,1226,2173,0.7724306688417618
949,1404,2353,0.6759259259259259
977,1522,2499,0.6419185282522996
992,1511,2503,0.6565188616810059
1044,1650,2694,0.6327272727272727
1051,1480,2531,0.7101351351351352
1095,1617,2712,0.6771799628942486
980,1466,2446,0.6684856753069577
974,1413,2387,0.689313517338995
986,1475,2461,0.6684745762711864
953,1518,2471,0.6277997364953887
1032,1421,2453,0.7262491203377903
1029,1336,2365,0.7702095808383234
1038,1691,2729,0.6138379657007688
983,1678,2661,0.5858164481525626
1050,1563,2613,0.6717850287907869
1044,1652,2696,0.6319612590799032
1084,1537,2621,0.7052700065061809
1057,1525,2582,0.6931147540983607
1074,1552,2626,0.6920103092783505
893,1468,2361,0.6083106267029973
1057,1580,2637,0.6689873417721519
928,1502,2430,0.6178428761651131
1194,1651,2845,0.723198061780739
1059,1441,2500,0.7349063150589868
946,1340,2286,0.7059701492537314
1112,1712,2824,0.6495327102803738
937,1295,2232,0.7235521235521235
876,1371,2247,0.6389496717724289
1037,1596,2633,0.649749373433584
947,1384,2331,0.6842485549132948
1060,1725,2785,0.6144927536231884
881,1176,2057,0.7491496598639455
850,1215,2065,0.6995884773662552
771,1207,1978,0.6387738193869097
975,1444,2419,0.675207756232687
829,1372,2201,0.6042274052478134
904,1420,2324,0.6366197183098592
866,1444,2310,0.5997229916897507
930,1497,2427,0.6212424849699398
1018,1603,2621,0.6350592638802246
903,1497,2400,0.6032064128256514
876,1240,2116,0.7064516129032258
950,1328,2278,0.7153614457831325
913,1349,2262,0.6767976278724982
1035,1700,2735,0.6088235294117647
930,1383,2313,0.6724511930585684
958,1498,2456,0.6395193591455274
993,1499,2492,0.6624416277518346
877,1440,2317,0.6090277777777777
905,1563,2468,0.5790147152911068
1083,1385,2468,0.7819494584837545
851,1462,2313,0.5820793433652531
858,1423,2281,0.6029515108924807
1010,1571,2581,0.6429026098026734
949,1419,2368,0.6687808315715292
908,1553,2461,0.5846748229233741
952,1511,2463,0.6300463269358041
903,1375,2278,0.6567272727272727
991,1484,2475,0.6677897574123989
934,1339,2273,0.6975354742345033
1058,1548,2606,0.6834625322997416
1136,1682,2818,0.6753864447086801
1152,1738,2890,0.6628308400460299
908,1398,2306,0.6494992846924177
1097,1595,2692,0.6877742946708464
1025,1375,2400,0.7454545454545455
1069,1594,2663,0.6706398996235885
972,1463,2435,0.6643882433356118
998,1493,2491,0.6684527796383122
968,1378,2346,0.7024673439767779
947,1562,2509,0.6062740076824584
1031,1647,2678,0.6259866423800851
1000,1390,2390,0.7194244604316546
999,1443,2442,0.6923076923076923
1013,1605,2618,0.6311526479750779
1014,1409,2423,0.7196593328601846
1007,1642,2649,0.6132764920828259
575,921,1496,0.6243213897937026
1085,1576,2661,0.6884517766497462
819,1363,2182,0.6008804108584006
1005,1595,2600,0.6300940438871473
1039,1502,2541,0.6917443408788282
1125,1639,2764,0.6863941427699817
997,1289,2286,0.773467804499612
926,1329,2255,0.6967644845748683
978,1511,2489,0.6472534745201853
952,1562,2514,0.6094750320102432
697,1152,1849,0.6050347222222222
995,1551,2546,0.6415215989684074
873,1226,2099,0.7120717781402937
954,1419,2373,0.6723044397463002
885,1278,2163,0.6924882629107981
865,1315,2180,0.6577946768060836
1043,1354,2397,0.7703101920236337
893,1349,2242,0.6619718309859155
918,1282,2200,0.7160686427457098
976,1508,2484,0.6472148541114059
521,666,1187,0.7822822822822822
509,779,1288,0.6534017971758665
602,713,1315,0.844319775596073
403,602,1005,0.6694352159468439
638,754,1392,0.8461538461538461
381,518,899,0.7355212355212355
561,823,1384,0.6816524908869988
495,822,1317,0.6021897810218978
899,1415,2314,0.6353356890459364
1093,1648,2741,0.6632281553398058
593,1051,1644,0.5642245480494766
795,1101,1896,0.7220708446866485
638,974,1612,0.6550308008213552
437,746,1183,0.5857908847184986
305,554,859,0.5505415162454874
804,1143,1947,0.7034120734908137
852,913,1765,0.9331872946330778
484,629,1113,0.7694753577106518
553,763,1316,0.7247706422018348
795,1031,1826,0.7710960232783706
1014,1307,2321,0.7758224942616679
586,725,1311,0.8082758620689655
375,494,869,0.7591093117408907
677,1214,1891,0.557660626029654
402,751,1153,0.5352862849533955
819,1042,1861,0.7859884836852208
664,1024,1688,0.6484375
492,731,1223,0.6730506155950753
645,950,1595,0.6789473684210526
247,308,555,0.801948051948052
442,744,1186,0.5940860215053764
891,1241,2132,0.717969379532635
620,869,1489,0.713463751438435
418,552,970,0.7572463768115942
589,835,1424,0.7053892215568862
440,566,1006,0.7773851590106007
454,562,1016,0.8078291814946619
650,914,1564,0.7111597374179431
351,503,854,0.6978131212723658
836,1345,2181,0.6215613382899629
593,855,1448,0.6935672514619883
537,745,1282,0.7208053691275168
850,1389,2239,0.6119510439164867
820,971,1791,0.8444902162718847
507,759,1266,0.6679841897233202
657,604,1261,1.0877483443708609
358,573,931,0.62478184991274
550,775,1325,0.7096774193548387
647,840,1487,0.7702380952380953
656,953,1609,0.6883525708289612
566,768,1334,0.7369791666666666
778,1150,1928,0.6765217391304348
758,1118,1876,0.6779964221824687
940,1305,2245,0.7203065134099617
449,621,1070,0.7230273752012882
462,740,1202,0.6243243243243243
398,566,964,0.7031802120141343
707,1235,1942,0.5724696356275304
588,953,1541,0.6169989506820567
462,568,1030,0.8133802816901409
455,776,1231,0.586340206185567
285,498,783,0.572289156626506
437,787,1224,0.5552731893265566
458,578,1036,0.7923875432525952
934,1404,2338,0.6652421652421653
745,1182,1927,0.6302876480541455
373,543,916,0.6869244935543278
366,586,952,0.6245733788395904
508,839,1347,0.6054827175208581
550,803,1353,0.684931506849315
601,932,1533,0.6448497854077253
406,602,1008,0.6744186046511628
501,695,1196,0.720863309352518
253,471,724,0.5371549893842887
616,974,1590,0.6324435318275154
841,1352,2193,0.6220414201183432
453,702,1155,0.6452991452991453
280,509,789,0.550098231827112
869,1370,2239,0.6343065693430657
659,1017,1676,0.647984267453294
457,608,1065,0.7516447368421053
514,674,1188,0.7626112759643917
686,1018,1704,0.6738703339882122
1073,1356,2429,0.7912979351032449
1032,1579,2611,0.6535782140595313
913,1481,2394,0.6164753544902093
791,1262,2053,0.626782884310618
1156,1440,2596,0.8027777777777778
892,1436,2328,0.6211699164345403
1005,1415,2420,0.7102473498233216
1014,1702,2716,0.5957696827262045
945,1384,2329,0.6828034682080925
966,1596,2562,0.6052631578947368
877,1423,2300,0.6163035839775123
835,1360,2195,0.6139705882352942
929,1408,2337,0.6598011363636364
960,1530,2490,0.6274509803921569
819,1274,2093,0.6428571428571429
1004,1540,2544,0.6519480519480519
764,1214,1978,0.6293245469522241
965,1625,2590,0.5938461538461538
926,1379,2305,0.6715010877447426
1012,1431,2443,0.7071977638015374
826,1361,2187,0.6069066862601029
933,1419,2352,0.6575052854122622
801,1195,1996,0.6702928870292887
900,1633,2533,0.5511328842620943
1091,1643,2734,0.6640292148508825
943,1456,2399,0.6476648351648352
1093,1593,2686,0.6861268047708726
936,1453,2389,0.6441844459738472
884,1291,2175,0.6847405112316034
1094,1575,2669,0.6946031746031746
1033,1479,2512,0.6984448951994591
960,1378,2338,0.6966618287373004
922,1416,2338,0.6511299435028248
953,1294,2247,0.7364760432766615
974,1343,2317,0.7252419955323902
919,1337,2256,0.6873597606581899
944,1405,2349,0.6718861209964413
1098,1587,2685,0.6918714555765595
1017,1400,2417,0.7264285714285714
1067,1650,2717,0.6466666666666666
1037,1444,2481,0.7181440443213296
936,1439,2375,0.65045170257123
1025,1618,2643,0.6334981458590853
1019,1597,2616,0.6380713838447089
833,1284,2117,0.6487538940809969
990,1504,2494,0.6582446808510638
953,1534,2487,0.621251629726206
1079,1594,2673,0.676913425345044
1123,1550,2673,0.724516129032258
1105,1692,2797,0.6530732860520094
1059,1578,2637,0.6711026615969582
965,1555,2520,0.6205787781350482
992,1414,2406,0.7015558698727016
1008,1592,2600,0.6331658291457286
997,1425,2422,0.6996491228070175
1016,1594,2610,0.6373902132998746
1033,1614,2647,0.6400247831474597
1099,1678,2777,0.6549463647199046
1025,1484,2509,0.6907008086253369
1070,1644,2714,0.6508515815085159
1085,1591,2676,0.6819610307982401
1011,1553,2564,0.6509980682549903
876,1281,2157,0.6838407494145199
1029,1556,2585,0.6613110539845758
1028,1476,2504,0.6964769647696477
988,1631,2619,0.6057633353770693
1048,1506,2554,0.6958831341301461
1054,1519,2573,0.6938775510204082
993,1594,2587,0.622961104140527
987,1485,2472,0.6646464646464646
1138,1601,2739,0.7108057464084947
989,1344,2333,0.7358630952380952
1063,1710,2773,0.6216374269005848
1026,1581,2607,0.6489563567362429
1017,1519,2536,0.6695194206714944
999,1602,2601,0.6235955056179775
969,1443,2412,0.6715176715176715
913,1417,2330,0.644318983768525
917,1348,2265,0.68026706231454
829,1341,2170,0.6181953765846383
854,1386,2240,0.6161616161616161
1131,1814,2945,0.62348401323043
1038,1537,2575,0.675341574495771
893,1367,2260,0.6532553035844916
993,1305,2298,0.7609195402298851
850,1061,1911,0.8011310084825636
984,1466,2450,0.6712141882673943
960,1387,2347,0.692141312184571
839,1287,2126,0.6519036519036518
987,1487,2474,0.6637525218560861
914,1494,2408,0.6117804551539491
900,1333,2233,0.6751687921980495
992,1589,2581,0.6242920075519195
996,1577,2573,0.631578947368421
875,1421,2296,0.6157635467980296
911,1372,2283,0.6639941690962099
977,1364,2341,0.716275659824047
918,1359,2277,0.6754966887417219
846,1392,2238,0.6077586206896551
942,1504,2446,0.6263297872340425
943,1409,2352,0.6692689850958127
907,1355,2262,0.6693726937269373
866,1535,2401,0.5641693811074918
1003,1594,2597,0.6292346298619824
1253,1960,3213,0.6392857142857142
978,1573,2551,0.6217418944691672
961,1428,2389,0.6729691876750701
964,1441,2405,0.6689798750867453
1001,1668,2669,0.6001199040767387
890,1363,2253,0.652971386647102
1001,1508,2509,0.6637931034482759
957,1517,2474,0.6308503625576797
964,1621,2585,0.594694632942628
1030,1527,2557,0.6745252128356254
932,1680,2612,0.5547619047619048
982,1577,2559,0.6227013316423589
978,1547,2525,0.632191338073691
928,1670,2598,0.555688622754491
956,1667,2623,0.5734853029394121
893,1486,2379,0.6009421265141319
788,1390,2178,0.5669064748201439
934,1554,2488,0.601029601029601
926,1469,2395,0.630360789652825
1010,1682,2692,0.6004756242568371
918,1563,2481,0.5873320537428023
862,1607,2469,0.536403235843186
1041,1506,2547,0.6912350597609562
819,1415,2234,0.5787985865724382
927,1341,2268,0.6912751677852349
950,1571,2521,0.60471037555697
856,1527,2383,0.5605762933857237
880,1513,2393,0.5816259087904825
920,1614,2534,0.5700123915737298
1070,1647,2717,0.6496660595021251
972,1542,2514,0.6303501945525292
1022,1625,2647,0.6289230769230769
939,1470,2409,0.6387755102040816
947,1473,2420,0.6429056347589952
1056,1696,2752,0.6226415094339622
925,1395,2320,0.6630824372759857
1008,1628,2636,0.6191646191646192
976,1606,2582,0.6077210460772104
991,1586,2577,0.6248423707440101
1050,1546,2596,0.6791720569210866
1039,1598,2637,0.6501877346683355
975,1473,2448,0.6619144602851323
973,1406,2379,0.6920341394025604
1112,1603,2715,0.6936993137866501
843,1334,2177,0.6319340329835083
988,1678,2666,0.5887961859356377
1020,1568,2588,0.6505102040816326
998,1654,2652,0.6033857315598549
963,1434,2397,0.6715481171548117
1052,1583,2635,0.6645609602021478
971,1368,2339,0.7097953216374269
1017,1599,2616,0.6360225140712945
945,1530,2475,0.6176470588235294
1060,1485,2545,0.7138047138047138
1000,1341,2341,0.7457121551081283
1132,1635,2767,0.692354740061162
950,1558,2508,0.6097560975609756
947,1709,2656,0.5541252194265652
1050,1560,2610,0.6730769230769231
1024,1594,2618,0.6424090338770388
964,1571,2535,0.6136218968809676
1039,1543,2582,0.6733635774465327
1005,1593,2598,0.6308851224105462
1036,1581,2617,0.6552814674256799
991,1460,2451,0.6787671232876712
915,1281,2196,0.7142857142857143
1101,1574,2675,0.6994917407878017
992,1569,2561,0.6322498406628426
955,1345,2300,0.7100371747211895
1009,1651,2660,0.61114476075106
975,1550,2525,0.6290322580645161
1076,1571,2647,0.6849140674729471
964,1472,2436,0.654891304347826
1061,1514,2575,0.7007926023778072
1089,1643,2732,0.6628119293974437
1007,1490,2497,0.6758389261744966
1027,1586,2613,0.6475409836065574
1141,1565,2706,0.729073482428115
1044,1453,2497,0.7185134205092911
1130,1747,2877,0.6468231253577561
992,1676,2668,0.5918854415274463
1123,1707,2830,0.6578793204452256
1050,1581,2631,0.6641366223908919
1073,1599,2672,0.6710444027517198
1097,1617,2714,0.6784168212739641
865,1518,2383,0.569828722002635
1006,1636,2642,0.6149144254278729
1038,1507,2545,0.6887856668878567
1072,1065,2137,1.0065727699530516
1020,1566,2586,0.6513409961685823
1040,1517,2557,0.6855636123928807
983,1527,2510,0.6437459070072037
1063,1480,2543,0.7182432432432433
1081,1610,2691,0.6714285714285714
886,1410,2296,0.6283687943262412
1066,1505,2571,0.7083056478405315
1000,1685,2685,0.5934718100890207
966,1343,2309,0.7192851824274014
946,1494,2440,0.6331994645247657
994,1533,2527,0.6484018264840182
1106,1690,2796,0.6544378698224852
933,1411,2344,0.6612331679659815
1010,1458,2468,0.6927297668038409
981,1484,2465,0.6610512129380054
988,1468,2456,0.6730245231607629
1055,1544,2599,0.6832901554404145
980,1606,2586,0.6102117061021171
1006,1709,2715,0.5886483323581042
1009,1489,2498,0.6776359973136333
1048,1696,2744,0.6179245283018868
950,1436,2386,0.6615598885793872
1020,1403,2423,0.7270135424091233
940,1471,2411,0.6390210740992522
995,1514,2509,0.6571994715984147
1001,1550,2551,0.6458064516129032
1024,1588,2612,0.6448362720403022
816,1402,2218,0.5820256776034237
987,1578,2565,0.6254752851711026
1040,1594,2634,0.6524466750313677
1041,1517,2558,0.6862228081740277
957,1537,2494,0.6226415094339622
1025,1597,2622,0.6418284283030683
1037,1565,2602,0.6626198083067093
928,1472,2400,0.6304347826086957
967,1523,2490,0.6349310571240971
1002,1767,2769,0.567062818336163
1035,1549,2584,0.6681730148482892
936,1452,2388,0.6446280991735537
938,1400,2338,0.67
973,1528,2501,0.6367801047120419
937,1436,2373,0.6525069637883009
953,1484,2437,0.6421832884097035
1081,1506,2587,0.7177954847277557
1030,1495,2525,0.6889632107023411
1030,1493,2523,0.6898861352980576
1031,1406,2437,0.7332859174964438
960,1531,2491,0.6270411495754409
970,1597,2567,0.6073888541014402
891,1377,2268,0.6470588235294118
954,1438,2392,0.6634214186369958
884,1422,2306,0.6216596343178622
1045,1561,2606,0.66944266495836
994,1641,2635,0.6057282145033516
993,1556,2549,0.6381748071979434
1115,1554,2669,0.7175032175032175
1055,1679,2734,0.6283502084574152
1013,1492,2505,0.6789544235924933
968,1557,2525,0.6217084136159281
949,1375,2324,0.6901818181818182
1005,1554,2559,0.6467181467181468
1053,1686,2739,0.6245551601423488
947,1505,2452,0.6292358803986711
950,1589,2539,0.5978602894902454
917,1496,2413,0.6129679144385026
804,1403,2207,0.5730577334283677
1172,1642,2814,0.7137637028014616
942,1461,2403,0.6447638603696099
1021,1550,2571,0.6587096774193548
1007,1562,2569,0.6446862996158771
988,1500,2488,0.6586666666666666
942,1545,2487,0.6097087378640776
909,1562,2471,0.5819462227912933
946,1459,2405,0.6483893077450309
994,1384,2378,0.7182080924855492
914,1347,2261,0.6785449146250928
931,1466,2397,0.6350613915416098
1097,1523,2620,0.7202889034799738
994,1480,2474,0.6716216216216216
888,1423,2311,0.624033731553057
804,1354,2158,0.5937961595273265
893,1689,2582,0.5287152161042037
918,1480,2398,0.6202702702702703
932,1544,2476,0.6036269430051814
780,1329,2109,0.5869074492099323
917,1464,2381,0.6263661202185792
848,1401,2249,0.6052819414703783
928,1496,2424,0.6203208556149733
1082,1576,2658,0.6865482233502538
844,1313,2157,0.6428027418126429
952,1520,2472,0.6263157894736842
873,1446,2319,0.6037344398340249
833,1381,2214,0.6031860970311369
864,1298,2162,0.6656394453004623
863,1385,2248,0.6231046931407942
907,1408,2315,0.6441761363636364
842,1265,2107,0.6656126482213439
818,1426,2244,0.573632538569425
967,1450,2417,0.666896551724138
1236,1832,3068,0.6746724890829694
960,1455,2415,0.6597938144329897
924,1529,2453,0.60431654676259
979,1519,2498,0.6445029624753127
1045,1511,2556,0.6915949702183984
949,1469,2418,0.6460176991150443
993,1647,2640,0.6029143897996357
1019,1572,2591,0.6482188295165394
981,1521,2502,0.6449704142011834
824,1211,2035,0.6804293971924029
1020,1434,2454,0.7112970711297071
1046,1463,2509,0.7149692412850308
1113,1563,2676,0.7120921305182342
1020,1582,2602,0.6447534766118836
933,1381,2314,0.6755973931933381
1049,1364,2413,0.7690615835777126
1062,1751,2813,0.6065105653912051
969,1528,2497,0.6341623036649214
874,1434,2308,0.6094839609483961
859,1481,2340,0.5800135043889264
941,1508,2449,0.6240053050397878
1006,1606,2612,0.6264009962640099
1035,1594,2629,0.6493099121706399
1247,1681,2928,0.7418203450327187
934,1389,2323,0.6724262059035278
881,1358,2239,0.6487481590574374
1041,1748,2789,0.5955377574370709
907,1464,2371,0.619535519125683
848,1278,2126,0.6635367762128326
1056,1612,2668,0.6550868486352357
1064,1547,2611,0.6877828054298643
1039,1630,2669,0.6374233128834356
938,1494,2432,0.6278447121820616
990,1505,2495,0.6578073089700996
1190,1815,3005,0.6556473829201102
907,1371,2278,0.661560904449307
877,1379,2256,0.6359680928208847
962,1580,2542,0.6088607594936709
941,1547,2488,0.6082740788623141
1046,1465,2511,0.7139931740614335
1032,1405,2437,0.7345195729537367
984,1386,2370,0.70995670995671
1129,1633,2762,0.6913655848132272
1094,1701,2795,0.6431510875955321
1037,1632,2669,0.6354166666666666
1167,1761,2928,0.6626916524701874
1050,1453,2503,0.7226428079834825
1034,1489,2523,0.6944257891202149
1114,1667,2781,0.6682663467306539
984,1554,2538,0.6332046332046332
998,1470,2468,0.6789115646258503
1061,1483,2544,0.7154416722859069
1032,1522,2554,0.6780551905387647
1077,1593,2670,0.6760828625235404
959,1483,2442,0.6466621712744437
802,1281,2083,0.6260733801717409
1140,1549,2689,0.7359586830213041
1010,1494,2504,0.6760374832663989
979,1509,2488,0.6487740225314778
987,1575,2562,0.6266666666666667
999,1537,2536,0.6499674690956408
1126,1511,2637,0.7452018530774321
932,1505,2437,0.6192691029900332
1089,1610,2699,0.6763975155279504
1001,1476,2477,0.6781842818428184
984,1415,2399,0.6954063604240283
998,1513,2511,0.6596166556510245
1137,1664,2801,0.6832932692307693
1094,1523,2617,0.7183191070256073
1042,1605,2647,0.6492211838006231
835,1265,2100,0.6600790513833992
1052,1561,2613,0.6739269698910955
1026,1506,2532,0.6812749003984063
1176,1848,3024,0.6363636363636364
1104,1605,2709,0.6878504672897197
1003,1512,2515,0.6633597883597884
958,1449,2407,0.6611456176673568
1035,1703,2738,0.6077510275983559
1342,1598,2940,0.8397997496871089
1038,1484,2522,0.6994609164420486
1026,1397,2423,0.7344309234073013
1152,1743,2895,0.6609294320137694
927,1464,2391,0.6331967213114754
1065,1670,2735,0.6377245508982036
1006,1544,2550,0.6515544041450777
1048,1520,2568,0.6894736842105263
1010,1672,2682,0.604066985645933
1037,1558,2595,0.665596919127086
1121,1541,2662,0.72744970798183
1212,1738,2950,0.6973532796317606
1004,1388,2392,0.723342939481268
1130,1724,2854,0.6554524361948956
1175,1718,2893,0.6839348079161816
1048,1468,2516,0.7138964577656676
1057,1474,2531,0.7170963364993216
1054,1478,2532,0.713125845737483
1133,1618,2751,0.700247218788628
1067,1581,2648,0.6748893105629349
1178,1663,2841,0.7083583884546001
1076,1662,2738,0.6474127557160048
1112,1623,2735,0.685150955021565
990,1469,2459,0.673927842069435
924,1313,2237,0.7037319116527038
1061,1537,2598,0.690305790500976
1050,1643,2693,0.6390748630553865
1052,1340,2392,0.7850746268656716
1085,1612,2697,0.6730769230769231
1014,1466,2480,0.6916780354706685
1057,1419,2476,0.7448907681465821
1035,1493,2528,0.6932350971198928
908,1535,2443,0.5915309446254071
1213,1551,2764,0.7820760799484203
986,1668,2654,0.5911270983213429
870,1397,2267,0.6227630637079457
913,1459,2372,0.6257710760795065
982,1521,2503,0.6456278763971072
915,1526,2441,0.5996068152031455
1036,1795,2831,0.577158774373259
938,1523,2461,0.6158896913985554
967,1538,2505,0.628738621586476
984,1461,2445,0.6735112936344969
1055,1617,2672,0.6524427952999382
1217,1605,2822,0.7582554517133956
862,1488,2350,0.5793010752688172
976,1571,2547,0.6212603437301082
951,1499,2450,0.6344229486324217
876,1535,2411,0.5706840390879478
943,1478,2421,0.6380243572395129
976,1524,2500,0.6404199475065617
907,1583,2490,0.572962728995578
974,1631,2605,0.5971796443899449
976,1516,2492,0.6437994722955145
945,1372,2317,0.6887755102040817
955,1412,2367,0.6763456090651558
1075,1522,2597,0.7063074901445466
984,1489,2473,0.6608462055070518
907,1512,2419,0.5998677248677249
962,1536,2498,0.6263020833333334
994,1510,2504,0.6582781456953642
756,1226,1982,0.6166394779771615
869,1442,2311,0.602635228848821
893,1485,2378,0.6013468013468013
896,1570,2466,0.5707006369426751
853,1419,2272,0.6011275546159267
860,1509,2369,0.5699138502319416
1148,1512,2660,0.7592592592592593
904,1489,2393,0.6071188717259905
1158,1951,3109,0.5935417734495131
905,1592,2497,0.5684673366834171
970,1512,2482,0.6415343915343915
903,1397,2300,0.6463851109520401
890,1323,2213,0.672713529856387
1004,1518,2522,0.6613965744400527
971,1657,2628,0.5859987929993965
944,1398,2342,0.6752503576537912
938,1510,2448,0.6211920529801325
1024,1293,2317,0.7919566898685229
877,1419,2296,0.6180408738548273
1003,1510,2513,0.6642384105960265
949,1417,2366,0.6697247706422018
1022,1409,2431,0.7253371185237757
1050,1519,2569,0.6912442396313364
1021,1543,2564,0.6616979909267661
1062,1520,2582,0.6986842105263158
958,1513,2471,0.6331791143423662
1049,1426,2475,0.7356241234221599
1020,1405,2425,0.7259786476868327
1189,1764,2953,0.6740362811791383
1024,1443,2467,0.7096327096327096
1107,1434,2541,0.7719665271966527
1101,1726,2827,0.6378910776361529
1058,1553,2611,0.6812620734063104
1083,1494,2577,0.7248995983935743
1052,1538,2590,0.6840052015604682
1014,1428,2442,0.7100840336134454
975,1316,2291,0.7408814589665653
1005,1457,2462,0.6897735072065889
951,1326,2277,0.7171945701357466
1153,1566,2719,0.7362707535121328
1033,1500,2533,0.6886666666666666
1085,1513,2598,0.7171183079973562
941,1444,2385,0.6516620498614959
965,1407,2372,0.6858564321250888
1079,1560,2639,0.6916666666666667
1083,1360,2443,0.7963235294117647
1046,1495,2541,0.6996655518394649
915,1355,2270,0.6752767527675276
976,1487,2463,0.65635507733692
957,1514,2471,0.6321003963011889
1177,1351,2528,0.8712065136935603
1063,1581,2644,0.67235926628716
1000,1563,2563,0.6397952655150352
967,1407,2374,0.6872778962331201
998,1579,2577,0.6320455984800507
973,1296,2269,0.7507716049382716
1035,1631,2666,0.6345800122624157
855,1332,2187,0.6418918918918919
992,1507,2499,0.6582614465826144
921,1423,2344,0.6472241742796908
1023,1498,2521,0.6829105473965287
1206,1711,2917,0.7048509643483343
1065,1648,2713,0.6462378640776699
949,1503,2452,0.6314038589487692
1002,1315,2317,0.7619771863117871
968,1696,2664,0.5707547169811321
979,1595,2574,0.6137931034482759
1050,1490,2540,0.7046979865771812
894,1490,2384,0.6
1028,1605,2633,0.6404984423676012
855,1388,2243,0.6159942363112392
834,1287,2121,0.6480186480186481
1099,1643,2742,0.6688983566646378
953,1391,2344,0.685118619698059
965,1269,2234,0.760441292356186
1019,1452,2471,0.7017906336088154
904,1219,2123,0.7415914684167351
1021,1264,2285,0.807753164556962
929,1122,2051,0.8279857397504456
1067,1450,2517,0.7358620689655172
1001,1373,2374,0.729060451565914
867,1290,2157,0.672093023255814
964,1466,2430,0.6575716234652115
1082,1422,2504,0.7609001406469761
1027,1582,2609,0.6491782553729456
965,1317,2282,0.7327258921791951
968,1288,2256,0.7515527950310559
1030,1209,2239,0.8519437551695617
963,1386,2349,0.6948051948051948
1024,1419,2443,0.7216349541930938
979,1614,2593,0.6065675340768277
984,1477,2461,0.6662153012863913
1013,1421,2434,0.712878254750176
881,1489,2370,0.5916722632639355
1059,1579,2638,0.6706776440785307
870,1350,2220,0.6444444444444445
956,1564,2520,0.6112531969309463
903,1426,2329,0.6332398316970547
949,1372,2321,0.6916909620991254
1094,1641,2735,0.6666666666666666
931,1466,2397,0.6350613915416098
955,1689,2644,0.5654233274126702
1025,1580,2605,0.6487341772151899
982,1508,2490,0.6511936339522546
896,1410,2306,0.6354609929078014
928,1572,2500,0.5903307888040712
1114,1568,2682,0.7104591836734694
995,1570,2565,0.6337579617834395
925,1555,2480,0.594855305466238
1006,1636,2642,0.6149144254278729
1056,1613,2669,0.6546807191568506
1018,1819,2837,0.559648158328752
875,1456,2331,0.6009615384615384
992,1616,2608,0.6138613861386139
1005,1599,2604,0.6285178236397748
941,1526,2467,0.6166448230668414
1003,1517,2520,0.6611733684904416
1178,1658,2836,0.7104945717732207
920,1499,2419,0.6137424949966644
904,1320,2224,0.6848484848484848
909,1485,2394,0.6121212121212121
951,1610,2561,0.5906832298136646
911,1441,2352,0.6321998612074948
934,1457,2391,0.6410432395332876
980,1499,2479,0.6537691794529686
901,1346,2247,0.6693907875185735
933,1520,2453,0.6138157894736842
952,1497,2449,0.635938543754175
1102,1524,2626,0.7230971128608924
794,1278,2072,0.621283255086072
936,1485,2421,0.6303030303030303
929,1398,2327,0.6645207439198856
982,1470,2452,0.6680272108843538
908,1322,2230,0.686838124054463
926,1608,2534,0.5758706467661692
912,1543,2455,0.5910563836681789
881,1131,2012,0.7789566755083996
877,1260,2137,0.696031746031746
935,1425,2360,0.656140350877193
1126,1551,2677,0.7259832366215345
982,1432,2414,0.6857541899441341
932,1494,2426,0.6238286479250335
972,1386,2358,0.7012987012987013
926,1455,2381,0.6364261168384879
932,1467,2399,0.6353101567825494
966,1541,2507,0.6268656716417911
1073,1624,2697,0.6607142857142857
933,1366,2299,0.6830161054172768
903,1285,2188,0.7027237354085603
973,1498,2471,0.6495327102803738
1147,1621,2768,0.7075879086983343
929,1379,2308,0.6736765772298767
1061,1520,2581,0.6980263157894737
957,1435,2392,0.6668989547038328
930,1442,2372,0.6449375866851595
1069,1623,2692,0.6586568083795441
861,1185,2046,0.7265822784810126
987,1519,2506,0.6497695852534562
919,1518,2437,0.6054018445322793
933,1390,2323,0.6712230215827338
928,1410,2338,0.6581560283687943
1083,1545,2628,0.7009708737864078
1014,1575,2589,0.6438095238095238
915,1408,2323,0.6498579545454546
980,1547,2527,0.6334841628959276
825,1406,2231,0.5867709815078236
921,1539,2460,0.5984405458089669
990,1662,2652,0.5956678700361011
981,1594,2575,0.6154328732747805
986,1574,2560,0.6264294790343075
1021,1523,2544,0.670387393302692
974,1567,2541,0.6215698787492023
1107,1654,2761,0.6692865779927448
1060,1535,2595,0.6905537459283387
961,1395,2356,0.6888888888888889
979,1571,2550,0.6231699554423934
838,1275,2113,0.6572549019607843
1052,1441,2493,0.7300485773768216
922,1382,2304,0.6671490593342981
981,1499,2480,0.6544362908605738
916,1381,2297,0.663287472845764
887,1420,2307,0.6246478873239436
888,1376,2264,0.6453488372093024
1188,1596,2784,0.7443609022556391
1013,1513,2526,0.6695307336417713
954,1487,2441,0.6415601882985877
1012,1647,2659,0.6144505160898603
887,1498,2385,0.5921228304405874
966,1548,2514,0.624031007751938
868,1434,2302,0.6052998605299861
871,1398,2269,0.623032904148784
920,1612,2532,0.5707196029776674
960,1506,2466,0.6374501992031872
908,1346,2254,0.674591381872214
1079,1525,2604,0.7075409836065574
985,1406,2391,0.7005689900426743
996,1603,2599,0.6213349968808484
946,1415,2361,0.6685512367491167
852,1368,2220,0.6228070175438597
924,1464,2388,0.6311475409836066
961,1368,2329,0.702485380116959
991,1497,2488,0.6619906479625919
1008,1487,2495,0.6778749159381304
892,1501,2393,0.5942704863424384
817,1233,2050,0.6626115166261152
1002,1493,2495,0.6711319490957803
977,1570,2547,0.6222929936305732
792,1284,2076,0.616822429906542
876,1543,2419,0.5677252106286454
936,1480,2416,0.6324324324324324
893,1534,2427,0.5821382007822686
935,1444,2379,0.6475069252077562
968,1348,2316,0.7181008902077152
940,1465,2405,0.6416382252559727
835,1202,2037,0.6946755407653911
732,1245,1977,0.5879518072289157
887,1456,2343,0.6092032967032966
1064,1356,2420,0.7846607669616519
850,1161,2011,0.7321274763135228
890,1324,2214,0.6722054380664653
932,1480,2412,0.6297297297297297
759,1251,2010,0.6067146282973621
967,1495,2462,0.6468227424749163
782,1306,2088,0.5987748851454824
770,1182,1952,0.6514382402707276
890,1429,2319,0.622813156053184
966,1593,2559,0.6064030131826742
1067,1744,2811,0.6118119266055045
1097,1560,2657,0.7032051282051283
1026,1416,2442,0.7245762711864406
987,1418,2405,0.6960507757404796
1000,1561,2561,0.6406149903907752
892,1442,2334,0.6185852981969486
1106,1639,2745,0.6748017083587553
1071,1471,2542,0.7280761386811693
835,1329,2164,0.6282919488337095
898,1384,2282,0.6488439306358381
1040,1503,2543,0.6919494344644045
1029,1470,2499,0.7
1175,1712,2887,0.6863317757009346
997,1560,2557,0.639102564102564
1097,1680,2777,0.6529761904761905
877,1371,2248,0.6396790663749088
827,1306,2133,0.6332312404287902
965,1549,2514,0.6229825693996126
1088,1822,2910,0.5971459934138309
888,1407,2295,0.6311300639658849
752,1324,2076,0.56797583081571
843,1319,2162,0.6391205458680819
979,1520,2499,0.6440789473684211
930,1333,2263,0.6976744186046512
931,1349,2280,0.6901408450704225
958,1476,2434,0.6490514905149052
914,1554,2468,0.5881595881595881
923,1468,2391,0.6287465940054496
913,1464,2377,0.6236338797814208
860,1409,2269,0.6103619588360539
838,1409,2247,0.5947480482611781
966,1428,2394,0.6764705882352942
880,1666,2546,0.5282112845138055
888,1594,2482,0.5570890840652447
1136,1527,2663,0.7439423706614277
892,1365,2257,0.6534798534798535
883,1318,2201,0.6699544764795144
833,1428,2261,0.5833333333333334
861,1530,2391,0.5627450980392157
734,1206,1940,0.6086235489220564
917,1314,2231,0.697869101978691
983,1409,2392,0.6976579134137686
798,1365,2163,0.5846153846153846
784,1373,2157,0.5710123816460306
801,1272,2073,0.6297169811320755
1060,1482,2542,0.7152496626180836
802,1106,1908,0.7251356238698011
856,1222,2078,0.7004909983633388
672,1105,1777,0.6081447963800904
825,1277,2102,0.6460454189506656
898,1377,2275,0.6521423384168482
895,1330,2225,0.6729323308270677
975,1437,2412,0.6784968684759917
780,952,1732,0.819327731092437
869,1276,2145,0.6810344827586207
952,1453,2405,0.6551961459050241
906,1294,2200,0.7001545595054096
958,1446,2404,0.6625172890733056
810,891,1701,0.9090909090909092
864,1234,2098,0.700162074554295
933,1215,2148,0.7679012345679013
1049,1581,2630,0.6635041113219481
1009,1529,2538,0.6599084368868542
998,1680,2678,0.594047619047619
979,1505,2484,0.6504983388704318
957,1451,2408,0.6595451412818746
777,921,1698,0.8436482084690554
1187,1732,2919,0.6853348729792148
995,1348,2343,0.7381305637982196
910,1275,2185,0.7137254901960784
981,1545,2526,0.6349514563106796
932,1264,2196,0.7373417721518988
937,1428,2365,0.6561624649859944
781,965,1746,0.8093264248704664
805,1253,2058,0.6424581005586593
943,1380,2323,0.6833333333333333
978,1306,2284,0.7488514548238897
834,1029,1863,0.8104956268221575
1148,1527,2675,0.7518009168303864
873,1131,2004,0.7718832891246684
896,1486,2382,0.6029609690444145
849,1295,2144,0.6555984555984556
717,1183,1900,0.6060862214708369
794,1241,2035,0.6398066075745367
828,1239,2067,0.6682808716707022
827,1326,2153,0.6236802413273002
926,1448,2374,0.6395027624309392
815,1323,2138,0.6160241874527589
887,1360,2247,0.6522058823529412
1207,1610,2817,0.7496894409937889
968,1515,2483,0.638943894389439
1015,1376,2391,0.7376453488372093
903,1436,2339,0.6288300835654597
1006,1396,2402,0.7206303724928367
898,1401,2299,0.6409707351891506
920,1438,2358,0.6397774687065368
956,1379,2335,0.6932559825960841
1006,1459,2465,0.6895133653187114
1003,1503,2506,0.667332002661344
973,1546,2519,0.6293661060802069
859,1283,2142,0.6695245518316446
1101,1550,2651,0.7103225806451613
777,1180,1957,0.6584745762711864
833,1160,1993,0.718103448275862
1054,1396,2450,0.7550143266475645
881,1337,2218,0.6589379207180255
912,1498,2410,0.6088117489986649
1018,1443,2461,0.7054747054747055
759,1166,1925,0.6509433962264151
999,1410,2409,0.7085106382978723
834,1285,2119,0.6490272373540856
906,1356,2262,0.668141592920354
1119,1624,2743,0.6890394088669951
922,1533,2455,0.6014350945857795
927,1482,2409,0.6255060728744939
1011,1464,2475,0.6905737704918032
788,1215,2003,0.648559670781893
1073,1466,2539,0.7319236016371078
829,1284,2113,0.6456386292834891
837,1138,1975,0.7355008787346221
787,1252,2039,0.6285942492012779
999,1461,2460,0.6837782340862423
900,1317,2217,0.683371298405467
1104,1490,2594,0.7409395973154362
960,1275,2235,0.7529411764705882
949,1497,2446,0.633934535738143
824,1452,2276,0.5674931129476584
899,1577,2476,0.5700697526949905
994,1729,2723,0.5748987854251012
916,1590,2506,0.5761006289308176
774,1379,2153,0.5612762871646121
902,1533,2435,0.588388780169602
862,1473,2335,0.5852002715546504
864,1600,2464,0.54
1118,1557,2675,0.7180475272960822
816,1430,2246,0.5706293706293706
891,1562,2453,0.5704225352112676
905,1610,2515,0.562111801242236
838,1467,2305,0.5712338104976141
872,1526,2398,0.5714285714285714
750,1215,1965,0.6172839506172839
834,1298,2132,0.6425269645608629
899,1568,2467,0.5733418367346939
893,1544,2437,0.5783678756476683
856,1210,2066,0.7074380165289256
1241,1806,3047,0.6871539313399778
903,1347,2250,0.6703786191536748
883,1325,2208,0.6664150943396226
793,1245,2038,0.6369477911646586
825,1379,2204,0.5982596084118926
915,1401,2316,0.6531049250535332
825,1392,2217,0.5926724137931034
961,1248,2209,0.7700320512820513
1059,1561,2620,0.6784112748238309
1059,1522,2581,0.6957950065703022
998,1551,2549,0.6434558349451966
1182,1704,2886,0.6936619718309859
823,1219,2042,0.6751435602953241
978,1498,2476,0.6528704939919893
969,1367,2336,0.7088514996342355
974,1430,2404,0.6811188811188811
1049,1463,2512,0.7170198222829802
1046,1297,2343,0.8064764841942945
1052,1633,2685,0.6442131047152481
985,1573,2558,0.6261919898283534
866,1305,2171,0.6636015325670498
896,1297,2193,0.6908249807247494
966,1601,2567,0.603372891942536
1081,1633,2714,0.6619718309859155
1020,1522,2542,0.6701708278580815
880,1272,2152,0.6918238993710691
894,1311,2205,0.6819221967963387
954,1476,2430,0.6463414634146342
974,1322,2296,0.7367624810892587
883,1101,1984,0.8019981834695731
1058,1600,2658,0.66125
919,1375,2294,0.6683636363636364
1015,1547,2562,0.6561085972850679
1149,1648,2797,0.6972087378640777
1015,1590,2605,0.6383647798742138
917,1435,2352,0.6390243902439025
895,1488,2383,0.6014784946236559
912,1542,2454,0.5914396887159533
885,1411,2296,0.6272147413182141
957,1472,2429,0.6501358695652174
1061,1546,2607,0.6862871927554981
952,1475,2427,0.6454237288135594
1059,1537,2596,0.6890045543266102
942,1518,2460,0.6205533596837944
1132,1729,2861,0.6547137073452863
927,1445,2372,0.6415224913494809
996,1559,2555,0.6388710711994868
984,1595,2579,0.6169278996865204
1046,1676,2722,0.6241050119331742
1003,1484,2487,0.6758760107816711
1063,1520,2583,0.6993421052631579
995,1395,2390,0.7132616487455197
685,1053,1738,0.6505223171889839
934,1286,2220,0.7262830482115086
986,1600,2586,0.61625
1048,1358,2406,0.7717231222385862
1078,1461,2539,0.7378507871321013
862,1367,2229,0.6305779078273592
964,1402,2366,0.6875891583452212
848,1311,2159,0.6468344774980931
1041,1328,2369,0.7838855421686747
889,1414,2303,0.6287128712871287
1042,1726,2768,0.6037079953650057
908,1394,2302,0.6513629842180775
825,1382,2207,0.5969609261939218
1005,1582,2587,0.6352718078381795
980,1496,2476,0.6550802139037433
1173,1744,2917,0.6725917431192661
847,1368,2215,0.6191520467836257
962,1527,2489,0.6299934512115258
1100,1549,2649,0.7101355713363461
1002,1439,2441,0.6963168867268936
868,1427,2295,0.6082690960056062
973,1704,2677,0.5710093896713615
916,1423,2339,0.6437104708362614
969,1441,2410,0.6724496877168633
830,1392,2222,0.5962643678160919
999,1597,2596,0.6255479023168441
1096,1593,2689,0.6880100439422473
984,1470,2454,0.6693877551020408
881,1269,2150,0.69424743892829
992,1488,2480,0.6666666666666666
1039,1641,2680,0.6331505179768434
1048,1552,2600,0.6752577319587629
1022,1529,2551,0.6684107259646828
915,1253,2168,0.7302474062250599
1090,1449,2539,0.7522429261559697
853,1287,2140,0.6627816627816627
1083,1812,2895,0.597682119205298
1135,1556,2691,0.7294344473007712
970,1599,2569,0.6066291432145091
1031,1506,2537,0.6845949535192563
1196,1641,2837,0.728823887873248
1088,1440,2528,0.7555555555555555
1073,1500,2573,0.7153333333333334
976,1638,2614,0.5958485958485958
1038,1659,2697,0.6256781193490054
944,1445,2389,0.6532871972318339
966,1341,2307,0.7203579418344519
986,1548,2534,0.6369509043927648
1033,1586,2619,0.6513240857503153
984,1586,2570,0.6204287515762925
1060,1443,2503,0.7345807345807346
1024,1412,2436,0.7252124645892352
897,1482,2379,0.6052631578947368
967,1598,2565,0.6051314142678348
963,1527,2490,0.630648330058939
904,1324,2228,0.6827794561933535
946,1445,2391,0.6546712802768166
1106,1839,2945,0.6014138118542687
1056,1574,2630,0.6709021601016518
1053,1499,2552,0.7024683122081388
1033,1455,2488,0.7099656357388316
1132,1630,2762,0.694478527607362
910,1547,2457,0.5882352941176471
943,1560,2503,0.6044871794871794
983,1537,2520,0.6395575797007157
883,1362,2245,0.6483113069016153
1083,1557,2640,0.6955684007707129
952,1329,2281,0.7163280662151994
1028,1590,2618,0.6465408805031446
920,1465,2385,0.6279863481228669
1052,1543,2595,0.6817887232663642
985,1483,2468,0.6641942009440324
1016,1638,2654,0.6202686202686203
965,1476,2441,0.6537940379403794
1061,1595,2656,0.6652037617554859
945,1401,2346,0.6745182012847966
885,1313,2198,0.674028941355674
967,1497,2464,0.6459585838343354
1011,1570,2581,0.6439490445859872
931,1608,2539,0.5789800995024875
902,1445,2347,0.6242214532871972
1157,1612,2769,0.717741935483871
930,1542,2472,0.603112840466926
910,1204,2114,0.7558139534883721
968,1551,2519,0.624113475177305
870,1368,2238,0.6359649122807017
916,1472,2388,0.6222826086956522
860,1401,2261,0.6138472519628837
932,1555,2487,0.5993569131832798
1009,1634,2643,0.6175030599755202
1021,1673,2694,0.6102809324566647
856,1487,2343,0.5756556825823806
1117,1679,2796,0.6652769505658129
944,1467,2411,0.643490115882754
865,1371,2236,0.6309263311451495
986,1496,2482,0.6590909090909091
1013,1558,2571,0.6501925545571245
792,1407,2199,0.5628997867803838
912,1565,2477,0.5827476038338658
892,1486,2378,0.6002691790040376
797,1349,2146,0.5908080059303188
897,1427,2324,0.6285914505956552
986,1577,2563,0.6252377932783767
1127,1594,2721,0.7070263488080301
1030,1442,2472,0.7142857142857143
1086,1515,2601,0.7168316831683168
1007,1360,2367,0.7404411764705883
1156,1649,2805,0.7010309278350515
1111,1635,2746,0.6795107033639144
959,1362,2321,0.7041116005873715
1027,1668,2695,0.6157074340527577
975,1503,2478,0.6487025948103793
987,1720,2707,0.5738372093023256
1068,1504,2572,0.7101063829787234
1127,1522,2649,0.740473061760841
1172,1755,2927,0.6678062678062678
1793,1795,3588,0.9988857938718664
1845,2044,3889,0.902641878669276
1719,2202,3921,0.7806539509536785
1076,1754,2830,0.61345496009122
1589,2460,4049,0.6459349593495934
1372,2283,3655,0.600963644327639
1578,2460,4038,0.6414634146341464
1402,2515,3917,0.557455268389662
1707,2371,4078,0.7199493884436946
770,1036,1806,0.7432432432432432
953,1963,2916,0.4854814060112073
1745,2156,3901,0.8093692022263451
1457,2433,3890,0.5988491574188245
1556,2323,3879,0.6698235040895394
1859,2129,3988,0.873179896665101
1925,2074,3999,0.9281581485053038
1662,2026,3688,0.8203356367226061
14,7,21,2.0
171,309,480,0.5533980582524272
1819,1759,3578,1.0341102899374646
419,451,870,0.9290465631929048
327,440,767,0.7431818181818182
1601,2439,4040,0.6564165641656416
563,1074,1637,0.5242085661080075
1080,1613,2693,0.6695598264104153
590,831,1421,0.7099879663056559
1095,1701,2796,0.6437389770723104
1152,1929,3081,0.5972006220839814
1134,1632,2766,0.6948529411764706
977,1429,2406,0.6836948915325403
1490,2067,3557,0.7208514755684567
947,1712,2659,0.5531542056074766
1022,1616,2638,0.6324257425742574
1213,2087,3300,0.5812170579779588
1375,2186,3561,0.6290027447392498
1482,2177,3659,0.6807533302710151
1656,2437,4093,0.679524004924087
1168,1829,2997,0.6386003280481137
1346,2334,3680,0.5766923736075407
1138,1765,2903,0.6447592067988669
1337,1921,3258,0.6959916710046851
1238,1805,3043,0.6858725761772854
1027,1784,2811,0.5756726457399103
1306,2273,3579,0.5745710514738231
1392,2461,3853,0.5656237301909792
1355,2145,3500,0.6317016317016317
1230,2101,3331,0.5854355069014755
1041,1400,2441,0.7435714285714285
1577,2449,4026,0.643936300530829
1470,2153,3623,0.6827682303762193
1623,2449,4072,0.6627194773376889
1453,2213,3666,0.6565747853592409
1404,1862,3266,0.7540279269602578
1628,2172,3800,0.7495395948434622
1592,2035,3627,0.7823095823095824
608,827,1435,0.7351874244256348
848,1108,1956,0.7653429602888087
1375,1734,3109,0.792964244521338
1021,1788,2809,0.5710290827740492
1233,1653,2886,0.7459165154264973
1201,1632,2833,0.7359068627450981
1045,1513,2558,0.6906807666886979
1316,1765,3081,0.7456090651558074
1221,1654,2875,0.7382103990326482
972,1616,2588,0.6014851485148515
1216,1669,2885,0.7285799880167765
830,1325,2155,0.6264150943396226
991,1595,2586,0.6213166144200627
986,1619,2605,0.609017912291538
933,1436,2369,0.6497214484679665
913,1386,2299,0.6587301587301587
1053,1641,2694,0.6416819012797075
1192,1766,2958,0.6749716874292185
1161,1759,2920,0.6600341102899374
1232,1831,3063,0.6728563626433642
1070,1657,2727,0.6457453228726614
1177,1627,2804,0.7234173325138291
1026,1435,2461,0.7149825783972126
1192,1690,2882,0.7053254437869823
887,1542,2429,0.5752269779507133
901,1392,2293,0.6472701149425287
1095,1710,2805,0.6403508771929824
941,1841,2782,0.5111352525801195
1039,1482,2521,0.7010796221322537
1081,1700,2781,0.6358823529411765
935,1685,2620,0.5548961424332344
1089,1491,2580,0.7303822937625755
1437,2226,3663,0.6455525606469003
1206,1854,3060,0.6504854368932039
1322,2293,3615,0.5765372873964238
1325,2461,3786,0.5383990247866721
1289,1863,3152,0.6918947933440687
1524,2173,3697,0.7013345605154164
1574,2153,3727,0.7310729215048769
1428,2229,3657,0.6406460296096904
280,331,611,0.8459214501510574
1088,1627,2715,0.6687154271665642
1413,2142,3555,0.6596638655462185
473,465,938,1.0172043010752687
1639,1885,3524,0.8694960212201591
580,657,1237,0.882800608828006
455,541,996,0.8410351201478743
1567,1995,3562,0.7854636591478696
1153,1260,2413,0.915079365079365
1705,2220,3925,0.7680180180180181
1378,1825,3203,0.7550684931506849
1080,1487,2567,0.7262945527908541
1242,1548,2790,0.8023255813953488
1122,1440,2562,0.7791666666666667
1016,1333,2349,0.7621905476369092
881,1451,2332,0.6071674707098552
1236,1812,3048,0.6821192052980133
1057,1640,2697,0.6445121951219512
1143,1516,2659,0.753957783641161
1270,1537,2807,0.8262849707221861
1073,1728,2801,0.6209490740740741
1580,1870,3450,0.8449197860962567
1592,1575,3167,1.0107936507936508
1135,1679,2814,0.6759976176295414
1389,1297,2686,1.0709329221279875
1028,1422,2450,0.7229254571026723
946,1256,2202,0.7531847133757962
684,940,1624,0.7276595744680852
1647,2127,3774,0.7743300423131171
1350,1955,3305,0.690537084398977
807,1009,1816,0.7998017839444995
1543,1660,3203,0.9295180722891566
1399,2039,3438,0.6861206473761647
1223,1576,2799,0.7760152284263959
1483,1519,3002,0.9763001974983542
1022,1238,2260,0.8255250403877221
1362,1833,3195,0.7430441898527005
1384,2204,3588,0.6279491833030852
1368,1656,3024,0.8260869565217391
984,1231,2215,0.7993501218521527
980,1259,2239,0.778395552025417
1496,1984,3480,0.7540322580645161
1186,1467,2653,0.8084526244035446
878,1149,2027,0.7641427328111401
1076,789,1865,1.3637515842839036
1531,1703,3234,0.8990017615971815
909,992,1901,0.9163306451612904
998,1016,2014,0.9822834645669292
1329,1310,2639,1.0145038167938931
978,1852,2830,0.5280777537796977
1023,1258,2281,0.8131955484896661
1296,1420,2716,0.9126760563380282
1274,1833,3107,0.6950354609929078
810,1134,1944,0.7142857142857143
697,1055,1752,0.6606635071090048
920,1342,2262,0.6855439642324889
983,1357,2340,0.7243920412675019
984,1565,2549,0.6287539936102237
1210,1410,2620,0.8581560283687943
1135,1258,2393,0.9022257551669316
1186,1825,3011,0.6498630136986301
1301,1456,2757,0.8935439560439561
1307,1680,2987,0.7779761904761905
1274,1412,2686,0.9022662889518414
706,947,1653,0.7455121436114044
1333,1497,2830,0.8904475617902472
754,1027,1781,0.7341772151898734
1010,1276,2286,0.7915360501567398
1016,1004,2020,1.0119521912350598
1554,1442,2996,1.077669902912621
814,1126,1940,0.7229129662522202
1487,1932,3419,0.7696687370600414
1189,1246,2435,0.9542536115569824
969,959,1928,1.0104275286757038
852,1219,2071,0.6989335520918786
1076,1394,2470,0.7718794835007173
1440,2071,3511,0.6953162723322066
1117,1441,2558,0.7751561415683553
1346,1409,2755,0.9552874378992192
927,1013,1940,0.9151036525172754
819,951,1770,0.861198738170347
1517,2327,3844,0.6519123334765793
1076,1558,2634,0.6906290115532734
1498,1772,3270,0.845372460496614
1463,1996,3459,0.7329659318637275
919,1139,2058,0.8068481123792801
1124,1516,2640,0.741424802110818
1062,1218,2280,0.8719211822660099
1785,1802,3587,0.9905660377358492
1113,1413,2526,0.7876857749469215
969,1378,2347,0.7031930333817126
892,1118,2010,0.7978533094812165
789,1510,2299,0.5225165562913907
1171,1149,2320,1.0191470844212358
524,712,1236,0.7359550561797753
1090,1425,2515,0.7649122807017544
854,1319,2173,0.6474601971190296
1087,1581,2668,0.687539531941809
1226,1989,3215,0.6163901458019105
1286,1725,3011,0.7455072463768115
871,1261,2132,0.6907216494845361
1320,2219,3539,0.5948625506985128
1369,2027,3396,0.6753823384311791
1019,1439,2458,0.7081306462821404
754,875,1629,0.8617142857142858
957,1280,2237,0.74765625
705,983,1688,0.7171922685656155
1236,1965,3201,0.6290076335877862
1097,1473,2570,0.7447386286490156
974,1254,2228,0.7767145135566188
1016,1715,2731,0.5924198250728863
1035,1535,2570,0.6742671009771987
690,1227,1917,0.5623471882640587
930,1341,2271,0.6935123042505593
1112,1539,2651,0.7225471085120208
724,1179,1903,0.6140797285835454
936,1464,2400,0.639344262295082
1238,1729,2967,0.7160208212839791
1611,2460,4071,0.6548780487804878
691,1023,1714,0.6754643206256109
1283,1847,3130,0.6946399566865187
1093,1415,2508,0.7724381625441696
854,1052,1906,0.811787072243346
1640,2138,3778,0.7670720299345183
810,1154,1964,0.7019064124783362
887,1311,2198,0.6765827612509535
1640,2319,3959,0.7072013799051315
948,1319,2267,0.7187263078089462
1077,1604,2681,0.6714463840399002
1161,2010,3171,0.5776119402985075
1227,1662,2889,0.7382671480144405
1137,1593,2730,0.7137476459510358
1124,1770,2894,0.6350282485875707
702,878,1580,0.7995444191343963
1334,2054,3388,0.6494644595910418
1013,1402,2415,0.7225392296718973
1020,1382,2402,0.7380607814761215
1275,2171,3446,0.5872869645324735
1483,1934,3417,0.766804550155119
1318,1952,3270,0.6752049180327869
1004,1279,2283,0.7849882720875684
1150,1529,2679,0.7521255722694572
976,1654,2630,0.5900846432889963
1148,1388,2536,0.8270893371757925
1008,1344,2352,0.75
1192,1801,2993,0.6618545252637423
1410,1866,3276,0.7556270096463023
1329,1891,3220,0.7028027498677948
1302,1982,3284,0.656912209889001
1433,1709,3142,0.8385020479812756
933,1409,2342,0.6621717530163236
1355,1965,3320,0.6895674300254453
1095,1517,2612,0.7218193803559657
1263,1781,3044,0.7091521617069062
1488,1630,3118,0.912883435582822
839,1286,2125,0.6524105754276828
1215,1635,2850,0.7431192660550459
1362,1558,2920,0.8741976893453145
1401,2025,3426,0.6918518518518518
868,1360,2228,0.638235294117647
1477,1940,3417,0.761340206185567
1591,2147,3738,0.7410340009315324
1003,1549,2552,0.6475145255003227
836,1152,1988,0.7256944444444444
630,863,1493,0.7300115874855156
1052,1774,2826,0.593010146561443
738,1158,1896,0.6373056994818653
1515,2036,3551,0.7441060903732809
1447,1744,3191,0.8297018348623854
564,841,1405,0.6706302021403091
1547,1782,3329,0.8681257014590348
1234,1594,2828,0.7741530740276035
915,1310,2225,0.6984732824427481
831,1253,2084,0.6632083000798085
1581,1644,3225,0.9616788321167884
1052,1688,2740,0.6232227488151659
1736,2049,3785,0.8472425573450464
1265,1529,2794,0.8273381294964028
909,1023,1932,0.8885630498533724
1804,2186,3990,0.8252516010978957
1319,1686,3005,0.7823250296559905
1781,2129,3910,0.836542977923908
1541,2417,3958,0.6375672321059164
1265,2200,3465,0.575
1149,1729,2878,0.664545980335454
873,1548,2421,0.563953488372093
895,1564,2459,0.5722506393861893
786,1011,1797,0.7774480712166172
1080,1731,2811,0.6239168110918544
1159,2011,3170,0.5763301839880657
1139,2077,3216,0.5483870967741935
902,1993,2895,0.4525840441545409
736,1309,2045,0.5622612681436211
1124,2055,3179,0.5469586374695864
783,1359,2142,0.5761589403973509
1077,1923,3000,0.5600624024960998
935,1422,2357,0.6575246132208158
965,1429,2394,0.675297410776767
552,1031,1583,0.5354025218234724
1393,2629,4022,0.5298592620768353
859,1596,2455,0.5382205513784462
1140,2126,3266,0.5362182502351834
1091,1786,2877,0.6108622620380739
883,1586,2469,0.5567465321563683
853,2025,2878,0.4212345679012346
903,1745,2648,0.5174785100286533
982,1731,2713,0.5673021374927787
909,1882,2791,0.4829968119022316
1155,1815,2970,0.6363636363636364
781,1375,2156,0.568
1041,1689,2730,0.6163410301953819
448,1026,1474,0.4366471734892787
701,1296,1997,0.5408950617283951
876,1703,2579,0.5143863769817968
1061,1600,2661,0.663125
1148,2034,3182,0.5644051130776795
870,1478,2348,0.5886332882273342
1578,2502,4080,0.6306954436450839
1041,1972,3013,0.5278904665314401
1255,2518,3773,0.4984114376489277
1632,1181,2813,1.3818797629127857
1385,934,2319,1.4828693790149894
1452,2555,4007,0.5682974559686889
1222,2631,3853,0.4644621816799696
1408,2459,3867,0.5725904839365595
1437,2586,4023,0.5556844547563805
467,625,1092,0.7472
1377,2592,3969,0.53125
1285,2646,3931,0.4856386999244142
1259,2518,3777,0.5
1327,2280,3607,0.5820175438596491
1271,2419,3690,0.5254237288135594
1581,2485,4066,0.6362173038229376
1282,1849,3131,0.693347755543537
1273,2212,3485,0.575497287522604
1470,2421,3891,0.6071871127633209
1212,2359,3571,0.5137770241627808
1407,1962,3369,0.7171253822629969
1218,1594,2812,0.7641154328732748
1595,2173,3768,0.7340082834790612
1714,2281,3995,0.7514248136782113
1731,2304,4035,0.7513020833333334
1590,2370,3960,0.6708860759493671
1639,2385,4024,0.6872117400419288
1776,2313,4089,0.767833981841764
1317,1756,3073,0.75
1611,2252,3863,0.7153641207815276
1596,2320,3916,0.6879310344827586
1509,2425,3934,0.6222680412371134
1495,2210,3705,0.6764705882352942
1547,1887,3434,0.8198198198198198
1616,2420,4036,0.6677685950413224
1649,2114,3763,0.7800378429517503
1442,2507,3949,0.5751894694854408
1448,2534,3982,0.5714285714285714
1501,2303,3804,0.6517585757707338
1490,2556,4046,0.582942097026604
1585,2310,3895,0.6861471861471862
1538,2467,4005,0.6234292663153628
1445,2138,3583,0.6758652946679139
1475,2600,4075,0.5673076923076923
1465,2385,3850,0.6142557651991615
1404,2475,3879,0.5672727272727273
1440,2138,3578,0.6735266604303087
1301,2062,3363,0.6309408341416101
1896,2111,4007,0.8981525343439128
1825,1872,3697,0.9748931623931624
1534,2518,4052,0.6092136616362193
1543,2480,4023,0.6221774193548387
1465,2285,3750,0.6411378555798687
1575,2450,4025,0.6428571428571429
1422,1879,3301,0.756785524215008
994,2190,3184,0.4538812785388127
653,1317,1970,0.4958238420652999
1656,2435,4091,0.680082135523614
1405,2230,3635,0.6300448430493274
1451,2495,3946,0.5815631262525051
1700,2386,4086,0.7124895222129086
1636,2248,3884,0.7277580071174378
1511,2401,3912,0.6293211162015827
1386,2167,3553,0.6395939086294417
1594,2486,4080,0.6411906677393403
1753,2246,3999,0.7804986642920748
1452,2167,3619,0.6700507614213198
1489,2291,3780,0.6499345264076822
1616,2299,3915,0.702914310569813
1520,2136,3656,0.7116104868913857
1683,2298,3981,0.7323759791122716
1555,2515,4070,0.6182902584493042
1511,2361,3872,0.6399830580262601
1586,2426,4012,0.6537510305028854
1537,2214,3751,0.6942186088527552
1600,2450,4050,0.6530612244897959
1518,2553,4071,0.5945945945945946
1581,2439,4020,0.6482164821648216
1637,2174,3811,0.7529898804047838
1457,2489,3946,0.5853756528726396
1709,2385,4094,0.7165618448637316
1609,2437,4046,0.6602379975379565
1405,2276,3681,0.617311072056239
1687,2402,4089,0.70233139050791
1542,2428,3970,0.6350906095551895
1469,2486,3955,0.5909090909090909
1692,2292,3984,0.7382198952879581
1481,2571,4052,0.5760404511863089
1555,2449,4004,0.6349530420579829
1572,2324,3896,0.6764199655765921
244,233,477,1.0472103004291846
448,595,1043,0.7529411764705882
1553,2441,3994,0.6362146661204424
1586,2445,4031,0.6486707566462168
1640,2342,3982,0.7002561912894961
969,1398,2367,0.6931330472103004
801,1051,1852,0.7621313035204567
742,1164,1906,0.6374570446735395
153,279,432,0.5483870967741935
698,722,1420,0.9667590027700832
1409,2090,3499,0.6741626794258373
526,490,1016,1.073469387755102
1467,1664,3131,0.8816105769230769
767,904,1671,0.8484513274336283
443,676,1119,0.6553254437869822
1552,2384,3936,0.6510067114093959
1566,2394,3960,0.6541353383458647
1560,2500,4060,0.624
1352,1797,3149,0.7523650528658876
970,1467,2437,0.6612133605998637
1145,1742,2887,0.6572904707233066
22,25,47,0.88
1355,2662,4017,0.509015777610819
1486,2522,4008,0.5892149088025377
736,1312,2048,0.5609756097560976
1626,2456,4082,0.6620521172638436
1274,2075,3349,0.6139759036144579
1045,1973,3018,0.5296502787633046
920,1903,2823,0.4834471886495008
1093,2106,3199,0.5189933523266856
1227,2144,3371,0.5722947761194029
1447,2443,3890,0.5923045435939419
1583,2089,3672,0.7577788415509813
998,1412,2410,0.7067988668555241
1011,2002,3013,0.504995004995005
1481,2106,3587,0.7032288698955366
1770,2262,4032,0.7824933687002652
501,866,1367,0.5785219399538106
1127,1909,3036,0.5903614457831325
1130,2459,3589,0.4595363969093127
44,18,62,2.4444444444444446
6,9,15,0.6666666666666666
65,21,86,3.095238095238096
29,20,49,1.45
6,9,15,0.6666666666666666
6,9,15,0.6666666666666666
54,21,75,2.571428571428572
45,21,66,2.142857142857143
6,9,15,0.6666666666666666
6,9,15,0.6666666666666666
32,22,54,1.4545454545454546
48,20,68,2.4
6,9,15,0.6666666666666666
33,20,53,1.65
6,9,15,0.6666666666666666
16,20,36,0.8
6,9,15,0.6666666666666666
6,9,15,0.6666666666666666
28,21,49,1.3333333333333333
6,9,15,0.6666666666666666
28,18,46,1.5555555555555556
6,9,15,0.6666666666666666
6,8,14,0.75
42,19,61,2.210526315789474
32,16,48,2.0
6,9,15,0.6666666666666666
47,21,68,2.238095238095238
55,18,73,3.055555555555556
6,9,15,0.6666666666666666
37,22,59,1.681818181818182
436,749,1185,0.582109479305741
1450,2408,3858,0.6021594684385382
1447,2313,3760,0.6255944660613921
1332,1977,3309,0.6737481031866465
1490,2218,3708,0.6717763751127142
1493,2130,3623,0.7009389671361502
1291,2040,3331,0.6328431372549019
985,1478,2463,0.6664411366711772
1137,1833,2970,0.6202945990180033
1626,2235,3861,0.72751677852349
538,507,1045,1.0611439842209074
619,942,1561,0.6571125265392781
1040,1154,2194,0.901213171577123
1558,2210,3768,0.7049773755656109
1610,1894,3504,0.8500527983104541
1269,1393,2662,0.910983488872936
902,1145,2047,0.7877729257641921
729,1343,2072,0.5428145941921072
1545,2157,3702,0.7162726008344924
1088,1327,2415,0.8198944988696307
1116,1734,2850,0.643598615916955
1655,2187,3842,0.7567443987197073
1573,2134,3707,0.7371134020618557
1321,1711,3032,0.7720631209818819
1231,2154,3385,0.5714948932219127
1443,1915,3358,0.7535248041775456
1621,2373,3994,0.683101559207754
776,698,1474,1.111747851002865
1070,1660,2730,0.6445783132530121
1025,1803,2828,0.5684969495285636
1459,2293,3752,0.636284343654601
595,880,1475,0.6761363636363636
700,1009,1709,0.6937561942517344
1622,2065,3687,0.7854721549636804
1206,1388,2594,0.8688760806916427
1630,2378,4008,0.6854499579478553
1577,2126,3703,0.7417685794920038
337,441,778,0.764172335600907
1623,2401,4024,0.6759683465222824
1529,2483,4012,0.6157873540072493
1435,2108,3543,0.6807400379506642
1572,2401,3973,0.6547271970012495
1567,2504,4071,0.6257987220447284
1416,2546,3962,0.5561665357423409
1198,1887,3085,0.634870164281929
1229,2066,3295,0.5948693126815101
1462,2204,3666,0.6633393829401089
718,1139,1857,0.630377524143986
827,1377,2204,0.6005809731299927
953,1647,2600,0.5786278081360049
1165,2326,3491,0.500859845227859
816,1572,2388,0.5190839694656488
1383,1527,2910,0.9056974459724952
806,1021,1827,0.7894221351616063
1100,1733,2833,0.634737449509521
1270,1962,3232,0.6472986748216106
707,1185,1892,0.5966244725738397
1230,2256,3486,0.5452127659574468
723,1157,1880,0.6248919619706137
1334,2233,3567,0.5974025974025974
811,1217,2028,0.666392769104355
1288,2310,3598,0.5575757575757576
1462,1922,3384,0.7606659729448492
1140,1762,2902,0.6469920544835415
714,1053,1767,0.6780626780626781
997,1836,2833,0.5430283224400871
722,1274,1996,0.5667189952904239
1019,1866,2885,0.5460878885316184
945,1725,2670,0.5478260869565217
1176,1921,3097,0.6121811556480999
1510,2443,3953,0.6180925092099877
1392,2333,3725,0.5966566652378912
1027,2021,3048,0.508164275111331
1000,1475,2475,0.6779661016949152
838,1605,2443,0.5221183800623053
832,1335,2167,0.6232209737827715
972,1423,2395,0.6830639494026705
1482,2078,3560,0.7131857555341675
1151,1620,2771,0.7104938271604938
711,1220,1931,0.5827868852459016
1106,1460,2566,0.7575342465753425
1134,1629,2763,0.6961325966850829
534,632,1166,0.8449367088607594
1454,2249,3703,0.6465095598043575
1900,539,2439,3.5250463821892395
2011,482,2493,4.172199170124482
1418,2551,3969,0.555860446883575
1687,2264,3951,0.7451413427561837
1966,476,2442,4.130252100840337
1929,499,2428,3.865731462925852
1910,569,2479,3.3567662565905096
2200,691,2891,3.183791606367583
2207,617,2824,3.5769854132901133
2086,355,2441,5.876056338028169
1985,444,2429,4.4707207207207205
2256,424,2680,5.320754716981132
1816,598,2414,3.036789297658863
1734,561,2295,3.090909090909091
1640,520,2160,3.1538461538461537
1673,504,2177,3.3194444444444446
2046,479,2525,4.271398747390396
1661,594,2255,2.7962962962962963
1774,652,2426,2.720858895705521
1998,382,2380,5.230366492146596
1916,562,2478,3.409252669039146
1799,523,2322,3.439770554493308
1637,378,2015,4.330687830687831
1589,610,2199,2.6049180327868853
1684,644,2328,2.6149068322981366
1626,379,2005,4.2902374670184695
1817,527,2344,3.447817836812144
1948,694,2642,2.806916426512968
1802,602,2404,2.993355481727575
2034,619,2653,3.2859450726979
1847,593,2440,3.1146711635750424
1864,491,2355,3.796334012219959
2395,451,2846,5.310421286031042
2095,576,2671,3.6371527777777777
2083,405,2488,5.14320987654321
2177,549,2726,3.965391621129326
2242,674,2916,3.3264094955489614
1791,985,2776,1.8182741116751269
1654,704,2358,2.3494318181818183
1744,393,2137,4.43765903307888
1810,559,2369,3.2379248658318427
1854,635,2489,2.9196850393700786
478,340,818,1.4058823529411764
1706,406,2112,4.201970443349754
1713,597,2310,2.869346733668342
1960,410,2370,4.780487804878049
1842,411,2253,4.481751824817518
1605,429,2034,3.741258741258741
1818,586,2404,3.1023890784982937
1663,702,2365,2.368945868945869
1597,532,2129,3.0018796992481205
1720,460,2180,3.739130434782609
1754,512,2266,3.42578125
1531,2355,3886,0.6501061571125265
1483,2304,3787,0.6436631944444444
1455,2524,3979,0.5764659270998416
1587,2255,3842,0.7037694013303769
1508,2401,3909,0.6280716368179925
951,2073,3024,0.4587554269175108
1719,2366,4085,0.7265426880811496
1767,2199,3966,0.8035470668485676
1444,2389,3833,0.6044370029300963
1098,1918,3016,0.5724713242961418
1390,2208,3598,0.6295289855072463
1206,1760,2966,0.6852272727272727
1047,1600,2647,0.654375
1698,2342,4040,0.7250213492741246
1568,2281,3849,0.6874177992108724
1191,1583,2774,0.7523689197725837
1501,2096,3597,0.7161259541984732
1254,2725,3979,0.4601834862385321
1041,1527,2568,0.6817288801571709
773,1104,1877,0.7001811594202898
776,938,1714,0.8272921108742004
1641,2168,3809,0.7569188191881919
1518,1994,3512,0.7612838515546639
1444,2190,3634,0.6593607305936073
1350,2518,3868,0.5361397934868943
1844,2215,4059,0.8325056433408577
1336,1824,3160,0.7324561403508771
1323,1917,3240,0.6901408450704225
788,1482,2270,0.5317139001349528
1410,1878,3288,0.7507987220447284
1352,1878,3230,0.7199148029818956
1692,2197,3889,0.7701411015020483
904,1191,2095,0.7590260285474392
1507,1870,3377,0.8058823529411765
1408,1866,3274,0.7545551982851019
1101,1550,2651,0.7103225806451613
983,1413,2396,0.6956829440905874
1627,2433,4060,0.66872174270448
1502,2195,3697,0.6842824601366743
781,1130,1911,0.6911504424778762
1376,2239,3615,0.6145600714604734
1409,1837,3246,0.7670114316820904
1099,1871,2970,0.5873864243719936
1173,1887,3060,0.6216216216216216
1288,2224,3512,0.579136690647482
934,1228,2162,0.760586319218241
1227,1947,3174,0.6302003081664098
1274,1639,2913,0.7773032336790726
1614,2003,3617,0.8057913130304544
1191,1987,3178,0.599396074484147
1563,2323,3886,0.6728368489022816
1702,1967,3669,0.8652770716827657
1459,2338,3797,0.6240376390076989
1691,2355,4046,0.7180467091295116
1768,2077,3845,0.8512277323062108
1534,2195,3729,0.6988610478359909
1534,2171,3705,0.7065868263473054
1611,2448,4059,0.6580882352941176
1652,2226,3878,0.7421383647798742
1560,2201,3761,0.7087687414811449
410,486,896,0.8436213991769548
1446,2183,3629,0.6623912047640861
1481,2230,3711,0.6641255605381166
1715,2313,4028,0.7414613056636403
1268,1645,2913,0.7708206686930091
1044,1433,2477,0.7285415212840195
1576,2388,3964,0.6599664991624791
1434,2380,3814,0.6025210084033613
1467,2535,4002,0.578698224852071
1074,1855,2929,0.5789757412398921
1523,2571,4094,0.5923765071956437
1506,2569,4075,0.5862203191903465
1512,2441,3953,0.6194182712003278
573,883,1456,0.6489241223103058
1415,2312,3727,0.6120242214532872
1246,1978,3224,0.6299292214357938
1357,2276,3633,0.5962214411247804
1392,2548,3940,0.5463108320251178
1517,2482,3999,0.6112006446414182
1612,2448,4060,0.6584967320261438
1451,2404,3855,0.6035773710482529
1422,2231,3653,0.6373823397579561
1519,2565,4084,0.5922027290448343
847,1372,2219,0.6173469387755102
1549,2486,4035,0.6230893000804505
1276,2228,3504,0.5727109515260324
1467,2579,4046,0.5688251260178364
1258,1930,3188,0.6518134715025907
1612,2474,4086,0.6515763945028294
1300,2039,3339,0.6375674350171653
1443,2295,3738,0.6287581699346405
1570,2522,4092,0.6225218080888184
1674,2258,3932,0.7413640389725421
1544,2521,4065,0.6124553748512495
1530,2166,3696,0.7063711911357341
1471,2623,4094,0.5608082348455966
56,30,86,1.8666666666666667
794,852,1646,0.931924882629108
427,392,819,1.0892857142857142
48,45,93,1.0666666666666669
513,649,1162,0.7904468412942989
403,482,885,0.8360995850622407
516,599,1115,0.8614357262103506
89,170,259,0.5235294117647059
45,34,79,1.3235294117647058
470,710,1180,0.6619718309859155
321,471,792,0.6815286624203821
848,1115,1963,0.7605381165919283
551,828,1379,0.6654589371980676
425,379,804,1.121372031662269
319,507,826,0.6291913214990138
518,612,1130,0.8464052287581699
423,641,1064,0.6599063962558502
519,734,1253,0.7070844686648501
1076,1209,2285,0.8899917287014061
283,507,790,0.5581854043392505
1254,1318,2572,0.9514415781487102
288,369,657,0.7804878048780488
705,876,1581,0.8047945205479452
394,592,986,0.6655405405405406
415,670,1085,0.6194029850746269
358,545,903,0.6568807339449542
318,381,699,0.8346456692913385
85,155,240,0.5483870967741935
697,568,1265,1.227112676056338
903,898,1801,1.0055679287305122
1457,2036,3493,0.7156188605108055
1345,2200,3545,0.6113636363636363
390,612,1002,0.6372549019607843
410,470,880,0.8723404255319149
325,477,802,0.6813417190775681
605,896,1501,0.6752232142857143
189,192,381,0.984375
549,853,1402,0.6436107854630715
535,350,885,1.5285714285714285
337,557,894,0.6050269299820467
537,632,1169,0.8496835443037974
65,119,184,0.5462184873949579
129,35,164,3.6857142857142855
98,121,219,0.8099173553719008
354,508,862,0.6968503937007874
447,234,681,1.9102564102564104
423,506,929,0.8359683794466403
1071,1424,2495,0.7521067415730337
1119,1775,2894,0.6304225352112676
34,56,90,0.6071428571428571
107,62,169,1.7258064516129032
231,303,534,0.7623762376237624
490,591,1081,0.8291032148900169
1102,1288,2390,0.8555900621118012
608,832,1440,0.7307692307692307
422,644,1066,0.65527950310559
671,824,1495,0.8143203883495146
1596,2303,3899,0.6930091185410334
1419,2382,3801,0.5957178841309824
1252,2061,3313,0.6074721009218825
1627,2174,3801,0.7483900643974241
1480,2271,3751,0.6516952884191985
1608,2277,3885,0.7061923583662714
507,587,1094,0.8637137989778535
1752,2311,4063,0.7581133708351363
1899,2091,3990,0.9081779053084648
1634,2213,3847,0.7383642114776322
1688,2342,4030,0.7207514944491887
1382,2566,3948,0.5385814497272019
1497,2510,4007,0.5964143426294821
1478,2597,4075,0.5691182133230651
440,722,1162,0.6094182825484764
1156,1801,2957,0.6418656302054414
749,1070,1819,0.7
503,658,1161,0.7644376899696048
554,884,1438,0.6266968325791855
324,474,798,0.6835443037974683
1177,1585,2762,0.7425867507886436
1009,1427,2436,0.7070777855641205
1582,2437,4019,0.6491588018054986
1045,1528,2573,0.6839005235602095
858,1399,2257,0.6132952108649035
710,953,1663,0.74501573976915
1673,2014,3687,0.8306852035749752
925,1184,2109,0.78125
1460,2138,3598,0.6828811973807296
1661,2282,3943,0.7278702892199824
115,157,272,0.732484076433121
534,719,1253,0.7426981919332406
213,220,433,0.968181818181818
759,1020,1779,0.7441176470588236
1102,1182,2284,0.9323181049069372
1611,2151,3762,0.7489539748953975
1587,2000,3587,0.7935
1378,2089,3467,0.6596457635232168
459,773,1232,0.5937904269081501
610,798,1408,0.7644110275689223
1182,1292,2474,0.9148606811145512
1385,1858,3243,0.7454251883745964
379,338,717,1.121301775147929
353,430,783,0.8209302325581396
1604,2098,3702,0.7645376549094376
1536,2133,3669,0.720112517580872
643,1035,1678,0.621256038647343
1032,1456,2488,0.7087912087912088
1179,2214,3393,0.532520325203252
1521,2420,3941,0.6285123966942149
1642,2345,3987,0.7002132196162046
1472,2515,3987,0.5852882703777336
1283,2134,3417,0.6012183692596064
1420,2344,3764,0.60580204778157
1419,2211,3630,0.6417910447761194
1525,2510,4035,0.6075697211155379
1373,2522,3895,0.5444091990483743
1573,2346,3919,0.6705029838022165
1274,2245,3519,0.5674832962138084
1632,2457,4089,0.6642246642246642
1328,2069,3397,0.6418559690671822
1442,2117,3559,0.6811525743977327
1291,1929,3220,0.6692586832555728
1369,1973,3342,0.6938672072985301
1230,1681,2911,0.7317073170731707
1248,1763,3011,0.707884288145207
1641,2340,3981,0.7012820512820512
1572,2349,3921,0.669220945083014
1379,2182,3561,0.6319890009165903
1241,1536,2777,0.8079427083333334
1453,2514,3967,0.5779634049323786
1370,2048,3418,0.6689453125
1544,2363,3907,0.6534066864155734
1616,2357,3973,0.6856173101400085
1493,2211,3704,0.6752600633197648
1566,2331,3897,0.6718146718146718
1605,2204,3809,0.7282214156079855
1590,2482,4072,0.6406124093473006
1483,2470,3953,0.6004048582995951
1409,2156,3565,0.6535250463821892
1345,2125,3470,0.6329411764705882
1288,2316,3604,0.5561312607944733
1531,2393,3924,0.639782699540326
923,1248,2171,0.7395833333333334
1461,2317,3778,0.6305567544238239
976,1635,2611,0.5969418960244648
1561,2481,4042,0.6291817815397017
1599,2212,3811,0.722875226039783
1482,2291,3773,0.6468790920995199
1347,1777,3124,0.7580191333708497
1553,2204,3757,0.7046279491833031
1468,2107,3575,0.6967252017085904
1483,1969,3452,0.7531742001015744
1587,1884,3471,0.8423566878980892
1306,1944,3250,0.6718106995884774
1610,1832,3442,0.87882096069869
1646,2314,3960,0.7113223854796888
1510,2144,3654,0.7042910447761194
1517,2029,3546,0.747658945293248
1293,1978,3271,0.653690596562184
1542,2387,3929,0.6459991621281944
1413,2221,3634,0.6361999099504727
1719,2377,4096,0.7231804795961295
1373,2279,3652,0.6024572180781045
1487,2074,3561,0.7169720347155255
1388,2265,3653,0.61280353200883
1296,2280,3576,0.5684210526315789
1480,2361,3841,0.626853028377806
1526,2424,3950,0.6295379537953796
1470,2322,3792,0.6330749354005168
1462,2144,3606,0.6819029850746269
1293,2384,3677,0.5423657718120806
1530,2404,3934,0.6364392678868552
1246,1883,3129,0.6617100371747212
1450,2067,3517,0.7014997581035317
1585,2292,3877,0.6915357766143106
1178,1642,2820,0.7174177831912302
1408,2066,3474,0.6815101645692159
1422,2213,3635,0.6425666516041573
1544,2424,3968,0.636963696369637
1357,1849,3206,0.7339102217414819
1433,2268,3701,0.6318342151675485
1369,2171,3540,0.630584983878397
1352,2169,3521,0.6233287229137852
1403,2273,3676,0.6172459304883414
1498,2311,3809,0.6482042405884898
1207,1959,3166,0.6161306789178153
1002,1649,2651,0.6076409945421467
834,1176,2010,0.7091836734693877
1475,2311,3786,0.6382518390307226
1487,2190,3677,0.6789954337899543
1272,1741,3013,0.7306145893164848
1497,2221,3718,0.6740207113912652
1511,2087,3598,0.7240057498802108
1423,1986,3409,0.716515609264854
1535,2486,4021,0.6174577634754626
1527,2095,3622,0.7288782816229117
1539,2033,3572,0.7570093457943925
1539,2393,3932,0.6431257835353114
1562,2519,4081,0.6200873362445415
1435,2259,3694,0.6352368304559539
1532,2322,3854,0.6597760551248923
1577,2503,4080,0.630043947263284
1439,2211,3650,0.6508367254635912
1425,2192,3617,0.6500912408759124
1372,2510,3882,0.546613545816733
1244,1971,3215,0.6311516996448503
1277,1948,3225,0.6555441478439425
1514,2136,3650,0.7088014981273408
1353,1824,3177,0.7417763157894737
1565,2142,3707,0.73062558356676
1225,1814,3039,0.675303197353914
1502,2561,4063,0.5864896524795002
1187,1889,3076,0.6283748014822658
1141,1709,2850,0.6676418958455237
1091,1754,2845,0.6220068415051311
1033,1514,2547,0.6822985468956407
1209,1891,3100,0.639344262295082
1188,1987,3175,0.5978862606945143
1408,2059,3467,0.6838271005342399
1288,1965,3253,0.655470737913486
1243,1885,3128,0.6594164456233422
1244,1973,3217,0.6305119107957425
1341,2542,3883,0.5275373721479151
1345,2350,3695,0.5723404255319149
1294,2438,3732,0.5307629204265791
1073,1711,2784,0.6271186440677966
1163,1853,3016,0.627630868861306
1416,1998,3414,0.7087087087087087
1572,2498,4070,0.6293034427542034
1274,1935,3209,0.6583979328165375
1411,2233,3644,0.6318853560232871
1271,2162,3433,0.5878815911193339
1223,2011,3234,0.6081551466931875
1268,2123,3391,0.5972680169571362
1134,1697,2831,0.6682380671773719
1447,2252,3699,0.6425399644760214
1631,2452,4083,0.6651712887438825
1567,2378,3945,0.6589571068124475
796,874,1670,0.9107551487414188
1132,1758,2890,0.6439135381114903
1243,1851,3094,0.671528903295516
1400,1969,3369,0.7110208227526663
1521,2402,3923,0.6332223147377186
802,1418,2220,0.5655853314527504
1333,2054,3387,0.6489776046738072
1499,2495,3994,0.6008016032064128
1052,1607,2659,0.6546359676415682
1375,2659,4034,0.5171116961263633
1273,2029,3302,0.6274026614095614
1548,2401,3949,0.6447313619325281
1522,2561,4083,0.5942991019133151
1414,2000,3414,0.707
991,1382,2373,0.7170767004341534
1634,2350,3984,0.6953191489361702
1126,1452,2578,0.7754820936639119
895,1123,2018,0.7969723953695459
1156,2122,3278,0.5447690857681433
1717,2349,4066,0.7309493401447424
917,1354,2271,0.6772525849335302
1369,1607,2976,0.851897946484132
1480,2348,3828,0.6303236797274276
1567,2193,3760,0.7145462836297309
2438,1608,4046,1.5161691542288558
1634,2273,3907,0.7188737351517818
1339,2092,3431,0.640057361376673
1450,2634,4084,0.5504935459377372
1451,2205,3656,0.6580498866213151
1524,2533,4057,0.6016581129095934
1437,2003,3440,0.7174238642036944
1453,2178,3631,0.6671258034894398
1737,2170,3907,0.8004608294930876
1526,2466,3992,0.6188158961881589
1508,2253,3761,0.669329782512206
1714,2375,4089,0.7216842105263158
1840,2236,4076,0.8228980322003577
1647,2327,3974,0.7077782552642888
1482,2470,3952,0.6
1260,1764,3024,0.7142857142857143
1494,2420,3914,0.6173553719008265
1474,2156,3630,0.6836734693877551
1385,2347,3732,0.590115040477205
1695,2173,3868,0.7800276115968707
1545,2317,3862,0.6668105308588692
1775,2271,4046,0.781594011448701
1665,2163,3828,0.7697642163661581
1526,2567,4093,0.5944682508765096
1437,2142,3579,0.6708683473389355
1709,2241,3950,0.7626059794734493
1614,2458,4072,0.6566314076484947
1509,2319,3828,0.6507115135834411
1521,2482,4003,0.612812248186946
1605,2331,3936,0.6885456885456885
1095,1720,2815,0.6366279069767442
1603,2263,3866,0.7083517454706142
1384,2149,3533,0.6440204746393672
1578,2200,3778,0.7172727272727273
1580,2442,4022,0.647010647010647
1501,2539,4040,0.5911776289877905
1585,2358,3943,0.6721798134011875
1511,2155,3666,0.7011600928074246
1445,2151,3596,0.6717805671780567
1419,2241,3660,0.6331994645247657
1612,2196,3808,0.7340619307832422
1462,2343,3805,0.6239863422962014
1588,2312,3900,0.6868512110726643
1488,2204,3692,0.6751361161524501
1559,2396,3955,0.6506677796327212
1240,1914,3154,0.6478578892371996
1633,2307,3940,0.7078456870394452
1219,1901,3120,0.6412414518674382
1418,2175,3593,0.6519540229885058
1618,1668,3286,0.9700239808153476
1422,1876,3298,0.7579957356076759
1043,1545,2588,0.6750809061488673
1492,2063,3555,0.7232186136694134
1554,2343,3897,0.6632522407170295
1375,1761,3136,0.7808063600227144
1728,2303,4031,0.7503256621797655
1574,2293,3867,0.6864369821194941
1452,2267,3719,0.6404940449933834
1585,2303,3888,0.6882327399044724
1608,2078,3686,0.7738209817131858
1590,2419,4009,0.6572964034725093
1465,2133,3598,0.686826066572902
1530,2492,4022,0.6139646869983949
1647,2427,4074,0.6786155747836835
1536,2373,3909,0.6472819216182049
1528,2136,3664,0.7153558052434457
1475,2515,3990,0.5864811133200796
1434,2319,3753,0.6183699870633894
1530,2430,3960,0.6296296296296297
1380,2525,3905,0.5465346534653466
1347,2410,3757,0.5589211618257262
1369,2436,3805,0.5619868637110016
1380,2419,3799,0.5704836709384044
1477,2334,3811,0.6328191945158527
1402,2385,3787,0.5878406708595388
1541,2525,4066,0.6102970297029703
1347,2580,3927,0.522093023255814
464,772,1236,0.6010362694300518
1163,1342,2505,0.8666169895678092
1617,2478,4095,0.652542372881356
1187,1581,2768,0.7507906388361796
1058,1865,2923,0.5672922252010724
1310,2134,3444,0.6138706654170571
1229,1960,3189,0.6270408163265306
1477,2027,3504,0.7286630488406513
964,1260,2224,0.765079365079365
1455,1878,3333,0.7747603833865815
1268,1745,3013,0.7266475644699141
1227,1597,2824,0.7683155917345021
1366,2469,3835,0.5532604293236127
1380,2013,3393,0.6855439642324889
1310,1685,2995,0.7774480712166172
1528,1973,3501,0.774455144450076
1186,1820,3006,0.6516483516483517
1365,2020,3385,0.6757425742574258
1256,1959,3215,0.6411434405308831
1373,1905,3278,0.7207349081364829
1268,1690,2958,0.7502958579881657
1335,1978,3313,0.6749241658240647
1262,1682,2944,0.7502972651605232
1151,1787,2938,0.6440962506994964
1236,1765,3001,0.7002832861189802
1626,2003,3629,0.8117823265102346
1484,2204,3688,0.6733212341197822
933,1354,2287,0.689069423929099
1315,2054,3369,0.6402142161635832
1556,1854,3410,0.8392664509169363
1764,2215,3979,0.7963882618510159
1464,2335,3799,0.6269807280513918
1523,2140,3663,0.7116822429906542
1506,2014,3520,0.7477656405163853
1636,2342,3978,0.6985482493595218
1711,2105,3816,0.8128266033254157
1265,1562,2827,0.8098591549295775
1481,1653,3134,0.895946763460375
1167,1617,2784,0.7217068645640075
1234,1633,2867,0.7556644213104715
1570,2052,3622,0.7651072124756335
1550,2254,3804,0.6876663708961845
1561,2210,3771,0.7063348416289593
1538,1143,2681,1.3455818022747157
1657,2162,3819,0.7664199814986123
1047,971,2018,1.07826982492276
834,1225,2059,0.6808163265306122
1504,1847,3351,0.8142934488359502
884,1065,1949,0.8300469483568075
919,1153,2072,0.7970511708586296
705,1097,1802,0.6426618049225159
769,897,1666,0.8573021181716833
556,878,1434,0.6332574031890661
628,921,1549,0.6818675352877307
1646,1441,3087,1.142262317834837
794,1254,2048,0.6331738437001595
1185,1586,2771,0.7471626733921816
900,1081,1981,0.8325624421831638
739,994,1733,0.7434607645875252
762,1116,1878,0.6827956989247311
765,1364,2129,0.5608504398826979
450,643,1093,0.6998444790046656
865,1208,2073,0.7160596026490066
609,836,1445,0.7284688995215312
834,1291,2125,0.6460108443067389
1060,1637,2697,0.6475259621258399
1041,1047,2088,0.994269340974212
1147,1353,2500,0.8477457501847746
1171,1466,2637,0.7987721691678036
593,740,1333,0.8013513513513514
1610,2306,3916,0.6981786643538594
1571,2235,3806,0.7029082774049217
1303,2061,3364,0.6322173702086366
1451,2366,3817,0.6132713440405748
1504,2196,3700,0.6848816029143898
1026,1501,2527,0.6835443037974683
1618,1612,3230,1.0037220843672456
1631,2119,3750,0.7697026899480888
1263,1913,3176,0.6602195504443282
1552,2306,3858,0.6730268863833477
1700,2201,3901,0.7723761926397092
1256,1888,3144,0.6652542372881356
1615,2437,4052,0.6627000410340582
1685,2275,3960,0.7406593406593407
1686,2150,3836,0.7841860465116279
1580,1828,3408,0.8643326039387309
1319,1562,2881,0.8444302176696543
935,1223,2158,0.7645134914145544
913,1341,2254,0.6808351976137211
1168,1499,2667,0.7791861240827218
1450,1925,3375,0.7532467532467533
985,1826,2811,0.5394304490690033
1405,1725,3130,0.8144927536231884
1359,2596,3955,0.523497688751926
773,1107,1880,0.6982836495031617
779,1126,1905,0.6918294849023091
1091,1439,2530,0.7581653926337735
1156,1821,2977,0.6348160351455244
1575,2477,4052,0.6358498183286233
1439,2250,3689,0.6395555555555555
1558,2452,4010,0.6353996737357259
1354,2395,3749,0.5653444676409186
1404,2655,4059,0.5288135593220339
739,1071,1810,0.6900093370681606
1512,1947,3459,0.7765793528505393
1171,2134,3305,0.5487347703842549
845,1801,2646,0.4691837867851194
1357,2574,3931,0.5271950271950272
804,1625,2429,0.4947692307692308
681,991,1672,0.6871846619576185
739,1167,1906,0.6332476435304198
834,1620,2454,0.5148148148148148
906,1456,2362,0.6222527472527473
1469,2563,4032,0.573156457276629
1243,2165,3408,0.5741339491916859
894,1472,2366,0.6073369565217391
885,1566,2451,0.5651340996168582
1335,2538,3873,0.5260047281323877
1222,1982,3204,0.6165489404641776
1301,1947,3248,0.6682074987159733
1544,2378,3922,0.6492851135407905
1312,1662,2974,0.789410348977136
1508,2363,3871,0.6381718154887854
2011,2039,4050,0.9862677783227072
1646,2220,3866,0.7414414414414414
1254,2524,3778,0.4968304278922345
1470,2040,3510,0.7205882352941176
1489,2189,3678,0.680219278209228
1308,1874,3182,0.6979722518676628
1428,2201,3629,0.6487960018173557
1749,2319,4068,0.7542043984476067
1064,1637,2701,0.6499694563225412
1148,2122,3270,0.5409990574929312
1129,2115,3244,0.533806146572104
1111,2165,3276,0.5131639722863741
1104,2392,3496,0.4615384615384615
789,1467,2256,0.5378323108384458
1169,1995,3164,0.5859649122807018
1288,2124,3412,0.6064030131826742
1224,2185,3409,0.560183066361556
1223,1892,3115,0.6464059196617337
1282,2080,3362,0.6163461538461539
1170,1789,2959,0.6539966461710452
1312,2094,3406,0.626552053486151
1149,1895,3044,0.6063324538258575
1501,2358,3859,0.6365564037319763
1434,2022,3456,0.7091988130563798
1153,1717,2870,0.6715200931857892
1142,1735,2877,0.6582132564841499
1140,1546,2686,0.7373868046571799
1289,1953,3242,0.6600102406554019
1267,1829,3096,0.6927282668124658
2254,643,2897,3.505443234836703
1336,2159,3495,0.618805002315887
1252,2025,3277,0.6182716049382716
1312,2183,3495,0.6010077874484654
1154,1971,3125,0.5854895991882293
1345,2167,3512,0.6206737425011537
1140,1783,2923,0.6393718452047111
553,601,1154,0.9201331114808652
1564,2278,3842,0.6865671641791045
1588,1894,3482,0.8384371700105596
1486,1970,3456,0.7543147208121828
362,663,1025,0.5460030165912518
746,1023,1769,0.729227761485826
737,1167,1904,0.6315338474721508
819,1466,2285,0.5586630286493861
971,1046,2017,0.9282982791586998
1097,1500,2597,0.7313333333333333
798,1168,1966,0.6832191780821918
356,598,954,0.5953177257525084
293,458,751,0.6397379912663755
772,1191,1963,0.6481947942905122
443,597,1040,0.7420435510887772
1381,1783,3164,0.7745372966909703
1317,1411,2728,0.933380581148122
1399,2005,3404,0.6977556109725686
698,941,1639,0.7417640807651434
1426,1796,3222,0.7939866369710468
946,1444,2390,0.6551246537396122
991,1072,2063,0.9244402985074628
1395,2070,3465,0.6739130434782609
1075,1744,2819,0.6163990825688074
1641,1894,3535,0.8664202745512144
1470,1629,3099,0.9023941068139965
1191,1684,2875,0.7072446555819477
1547,2046,3593,0.7561094819159335
1256,1931,3187,0.6504401864319006
1161,2210,3371,0.5253393665158371
1219,1949,3168,0.6254489481785531
765,1239,2004,0.6174334140435835
1140,2058,3198,0.5539358600583091
830,1414,2244,0.5869872701555869
341,419,760,0.8138424821002387
707,1122,1829,0.6301247771836007
247,384,631,0.6432291666666666
275,365,640,0.7534246575342466
486,533,1019,0.9118198874296436
1218,1409,2627,0.8644428672817601
1412,2111,3523,0.6688773093320701
778,1221,1999,0.6371826371826372
1043,2099,3142,0.496903287279657
1188,1883,3071,0.6309081253319172
1147,1938,3085,0.5918472652218782
868,1666,2534,0.5210084033613446
1004,1396,2400,0.7191977077363897
1224,1803,3027,0.6788685524126455
1185,1826,3011,0.6489594742606791
1273,2137,3410,0.5956948993916705
972,1457,2429,0.667124227865477
1158,1901,3059,0.6091530773277223
901,1456,2357,0.6188186813186813
842,1367,2209,0.6159473299195318
1174,1744,2918,0.6731651376146789
963,1780,2743,0.5410112359550562
1314,1932,3246,0.6801242236024845
687,1143,1830,0.6010498687664042
1034,1533,2567,0.6744944553163731
896,1349,2245,0.6641957005189029
1039,1660,2699,0.6259036144578313
886,1469,2355,0.6031313818924439
947,1329,2276,0.7125658389766741
927,1382,2309,0.670767004341534
1002,1437,2439,0.697286012526096
1029,1373,2402,0.7494537509104151
1076,1599,2675,0.6729205753595997
763,1330,2093,0.5736842105263158
1067,1657,2724,0.643934821967411
803,1450,2253,0.5537931034482758
636,1163,1799,0.5468615649183147
887,1566,2453,0.566411238825032
1056,1987,3043,0.5314544539506794
1305,2283,3588,0.5716162943495401
975,1831,2806,0.5324959038776624
843,1788,2631,0.4714765100671141
879,1573,2452,0.5588048315321043
948,1407,2355,0.673773987206823
1242,1598,2840,0.7772215269086358
1514,2355,3869,0.6428874734607218
1355,2139,3494,0.6334735857877513
1362,2218,3580,0.6140667267808837
1182,1817,2999,0.6505228398458999
1584,2414,3998,0.656172328086164
1486,2364,3850,0.628595600676819
1518,1953,3471,0.7772657450076805
1586,2454,4040,0.6462917685411573
1238,1872,3110,0.6613247863247863
1476,2446,3922,0.6034341782502044
1311,2239,3550,0.5855292541313086
1611,2327,3938,0.6923076923076923
1313,2061,3374,0.6370693837942746
1444,2192,3636,0.6587591240875912
1127,1774,2901,0.6352874859075536
1263,2093,3356,0.6034400382226469
1558,2536,4094,0.6143533123028391
1071,1711,2782,0.6259497369959088
1266,1513,2779,0.836748182419035
882,1496,2378,0.589572192513369
57,106,163,0.5377358490566038
41,71,112,0.5774647887323944
44,77,121,0.5714285714285714
1518,2312,3830,0.6565743944636678
1358,2396,3754,0.5667779632721202
909,1532,2441,0.5933420365535248
1299,1657,2956,0.783946891973446
1099,1900,2999,0.578421052631579
450,602,1052,0.7475083056478405
426,634,1060,0.6719242902208202
411,727,1138,0.5653370013755158
1630,2184,3814,0.7463369963369964
931,1503,2434,0.6194278110445776
1211,2126,3337,0.5696142991533396
1351,1866,3217,0.7240085744908896
822,856,1678,0.9602803738317756
1384,2175,3559,0.6363218390804598
1316,2339,3655,0.5626336041043181
1632,2040,3672,0.8
1504,2085,3589,0.7213429256594724
1656,2380,4036,0.6957983193277311
1478,2289,3767,0.6456968108344255
1436,2360,3796,0.6084745762711864
1528,2472,4000,0.6181229773462783
1614,2357,3971,0.6847687738650827
1642,2437,4079,0.6737792367665162
1427,2401,3828,0.5943356934610579
1458,2211,3669,0.6594301221166893
1467,2603,4070,0.5635804840568575
1473,2392,3865,0.6158026755852842
165,248,413,0.6653225806451613
1555,2420,3975,0.6425619834710744
1534,2375,3909,0.6458947368421053
1245,2089,3334,0.5959789372905696
789,1439,2228,0.5482974287699791
835,1538,2373,0.5429128738621587
1570,2433,4003,0.6452938758734074
1387,2044,3431,0.6785714285714286
1451,2213,3664,0.6556710347943967
652,1091,1743,0.5976168652612283
962,1656,2618,0.5809178743961353
982,1632,2614,0.6017156862745098
943,1455,2398,0.6481099656357389
958,1588,2546,0.6032745591939547
888,1536,2424,0.578125
874,1614,2488,0.5415117719950434
754,1229,1983,0.613506916192026
658,1155,1813,0.5696969696969697
787,1404,2191,0.5605413105413105
629,1269,1898,0.495665878644602
924,1517,2441,0.6090969017798286
831,1511,2342,0.5499669093315684
764,1534,2298,0.4980443285528031
818,1549,2367,0.5280826339573919
779,1080,1859,0.7212962962962963
805,1426,2231,0.5645161290322581
732,1307,2039,0.5600612088752869
797,1406,2203,0.5668563300142248
1189,2150,3339,0.5530232558139535
909,1389,2298,0.6544276457883369
639,1299,1938,0.4919168591224018
962,1670,2632,0.5760479041916168
700,1317,2017,0.5315110098709187
1080,1781,2861,0.6064008983717013
670,911,1581,0.7354555433589463
984,1083,2067,0.9085872576177284
778,1027,1805,0.7575462512171373
462,758,1220,0.6094986807387863
592,884,1476,0.669683257918552
437,614,1051,0.7117263843648208
1041,1551,2592,0.6711798839458414
796,1459,2255,0.5455791638108294
983,1732,2715,0.5675519630484989
838,1384,2222,0.6054913294797688
858,1426,2284,0.6016830294530154
850,1457,2307,0.5833905284831846
837,1346,2183,0.6218424962852898
908,1506,2414,0.602921646746348
788,1387,2175,0.5681326604181687
918,1563,2481,0.5873320537428023
797,1282,2079,0.6216848673946958
824,1578,2402,0.5221799746514575
865,1523,2388,0.5679579776756402
1005,1552,2557,0.6475515463917526
987,1732,2719,0.5698614318706697
821,1523,2344,0.5390676296782666
972,1532,2504,0.6344647519582245
856,1614,2470,0.530359355638166
999,1650,2649,0.6054545454545455
956,1429,2385,0.668999300209937
902,1404,2306,0.6424501424501424
976,1345,2321,0.7256505576208179
819,1371,2190,0.5973741794310722
849,1383,2232,0.613882863340564
1016,1737,2753,0.584916522740357
763,1271,2034,0.6003147128245476
808,1324,2132,0.6102719033232629
1019,1562,2581,0.6523687580025608
743,1341,2084,0.5540641312453393
910,1619,2529,0.5620753551575046
695,1172,1867,0.5930034129692833
764,1299,2063,0.588144726712856
681,1169,1850,0.5825491873396065
916,1608,2524,0.5696517412935324
990,1743,2733,0.5679862306368331
918,1401,2319,0.6552462526766595
815,1458,2273,0.5589849108367627
1039,1691,2730,0.6144293317563572
993,1604,2597,0.6190773067331671
928,1772,2700,0.5237020316027088
922,1722,2644,0.5354239256678281
979,1798,2777,0.5444938820912124
866,1755,2621,0.4934472934472934
939,1623,2562,0.5785582255083179
902,1587,2489,0.5683679899180845
815,1421,2236,0.573539760731879
970,1468,2438,0.6607629427792916
913,1683,2596,0.5424836601307189
829,1478,2307,0.560893098782138
770,1289,2059,0.5973622963537626
875,1404,2279,0.6232193732193733
739,1299,2038,0.5688991531947653
667,1231,1898,0.5418359057676686
802,1547,2349,0.5184227537168714
831,1452,2283,0.5723140495867769
997,1645,2642,0.6060790273556231
896,1507,2403,0.5945587259455872
1007,1646,2653,0.6117861482381531
909,1722,2631,0.5278745644599303
857,1749,2606,0.4899942824471126
779,1539,2318,0.5061728395061729
1052,1837,2889,0.57267283614589
890,1592,2482,0.5590452261306532
792,1338,2130,0.5919282511210763
724,1230,1954,0.5886178861788618
822,1493,2315,0.550569323509712
996,1681,2677,0.5925044616299822
645,1282,1927,0.5031201248049922
942,1796,2738,0.5244988864142539
613,1218,1831,0.5032840722495895
715,1132,1847,0.6316254416961131
998,1584,2582,0.6300505050505051
957,1641,2598,0.583180987202925
928,1713,2641,0.5417396380618797
922,1668,2590,0.552757793764988
1034,1652,2686,0.62590799031477
956,1509,2465,0.633532140490391
897,1539,2436,0.5828460038986355
919,1718,2637,0.5349243306169965
815,1582,2397,0.5151706700379267
800,1562,2362,0.5121638924455826
973,1643,2616,0.5922093730979915
942,1569,2511,0.6003824091778203
964,1562,2526,0.617157490396927
753,1295,2048,0.5814671814671815
975,1730,2705,0.5635838150289018
909,1671,2580,0.5439856373429084
977,1641,2618,0.5953686776355881
963,1734,2697,0.5553633217993079
1010,1569,2579,0.6437221159974506
854,1559,2413,0.5477870429762668
783,1398,2181,0.5600858369098712
1008,1784,2792,0.5650224215246636
986,1682,2668,0.5862068965517241
1007,1730,2737,0.5820809248554913
825,1466,2291,0.562755798090041
948,1572,2520,0.6030534351145038
998,1616,2614,0.6175742574257426
922,1666,2588,0.553421368547419
752,1025,1777,0.7336585365853658
963,1477,2440,0.6519972918077184
903,1550,2453,0.5825806451612904
830,1437,2267,0.5775922059846903
917,1278,2195,0.7175273865414711
862,1349,2211,0.6389918458117124
833,1394,2227,0.5975609756097561
972,1574,2546,0.6175349428208387
976,1636,2612,0.5965770171149144
909,1428,2337,0.6365546218487395
981,1634,2615,0.6003671970624235
965,1661,2626,0.5809753160746538
906,1521,2427,0.5956607495069034
944,1643,2587,0.5745587340231284
666,1183,1849,0.5629754860524091
934,1738,2672,0.5373993095512083
925,1602,2527,0.5774032459425718
1050,1768,2818,0.5938914027149321
962,1575,2537,0.6107936507936508
831,1513,2344,0.549239920687376
864,1602,2466,0.5393258426966292
1016,1688,2704,0.6018957345971564
922,1598,2520,0.5769712140175219
926,1693,2619,0.5469580626107502
948,1730,2678,0.5479768786127167
793,1516,2309,0.5230870712401056
775,1360,2135,0.5698529411764706
914,1483,2397,0.6163182737693864
900,1791,2691,0.5025125628140703
1011,1770,2781,0.5711864406779661
958,1794,2752,0.5340022296544036
898,1624,2522,0.5529556650246306
859,1514,2373,0.5673712021136064
981,1645,2626,0.5963525835866261
923,1487,2410,0.620712844653665
787,1239,2026,0.6351896690879741
800,1268,2068,0.6309148264984227
983,1735,2718,0.5665706051873198
827,1490,2317,0.5550335570469799
939,1567,2506,0.599234205488194
851,1505,2356,0.5654485049833887
1015,1823,2838,0.5567745474492595
965,1337,2302,0.7217651458489155
867,1297,2164,0.6684656900539707
953,1705,2658,0.5589442815249267
616,1170,1786,0.5264957264957265
939,1724,2663,0.5446635730858469
785,1301,2086,0.6033820138355112
815,1469,2284,0.5547991831177672
927,1648,2575,0.5625
882,1737,2619,0.5077720207253886
952,1514,2466,0.6287978863936592
750,1423,2173,0.5270555165144062
923,1607,2530,0.5743621655258245
995,1586,2581,0.6273644388398487
963,1713,2676,0.5621716287215411
837,1253,2090,0.6679968076616122
967,1659,2626,0.5828812537673297
709,1314,2023,0.5395738203957382
1083,1740,2823,0.6224137931034482
758,1478,2236,0.5128552097428958
979,1784,2763,0.5487668161434978
891,1531,2422,0.5819725669497061
890,1544,2434,0.5764248704663213
1059,1798,2857,0.5889877641824249
960,1764,2724,0.54421768707483
953,1817,2770,0.5244909190974133
1006,1859,2865,0.541151156535772
749,1377,2126,0.5439360929557008
749,1297,2046,0.5774865073245952
913,1832,2745,0.4983624454148471
893,1678,2571,0.5321811680572109
922,1804,2726,0.5110864745011087
761,1293,2054,0.588553750966744
873,1418,2291,0.6156558533145275
941,1553,2494,0.60592401802962
945,1389,2334,0.6803455723542117
783,1476,2259,0.5304878048780488
873,1653,2526,0.5281306715063521
1027,1836,2863,0.559368191721133
947,1645,2592,0.5756838905775076
898,1542,2440,0.582360570687419
904,1591,2495,0.568196103079824
859,1667,2526,0.5152969406118776
871,1581,2452,0.5509171410499684
910,1674,2584,0.5436081242532855
887,1585,2472,0.559621451104101
817,1297,2114,0.6299151888974557
876,1773,2649,0.494077834179357
897,1761,2658,0.5093696763202725
1002,1772,2774,0.5654627539503386
886,1507,2393,0.5879230258792303
1023,1727,2750,0.5923566878980892
988,1694,2682,0.5832349468713105
1063,1777,2840,0.5981992121553179
1050,1783,2833,0.5888951205832866
942,1721,2663,0.547356188262638
780,1432,2212,0.5446927374301676
1011,1744,2755,0.5797018348623854
870,1459,2329,0.5962988348183688
953,1529,2482,0.6232831916285154
957,1752,2709,0.5462328767123288
932,1461,2393,0.6379192334017796
760,1512,2272,0.5026455026455027
1011,1669,2680,0.6057519472738166
900,1768,2668,0.5090497737556561
1037,1679,2716,0.6176295413936868
991,1564,2555,0.6336317135549873
801,1324,2125,0.6049848942598187
1033,1634,2667,0.6321909424724602
1054,1663,2717,0.6337943475646423
1048,1589,2637,0.6595342983008181
1013,1546,2559,0.6552393272962483
1021,1835,2856,0.5564032697547684
644,1186,1830,0.5430016863406408
897,1618,2515,0.5543881334981459
1105,1661,2766,0.6652618904274533
966,1469,2435,0.6575901974132062
883,1568,2451,0.5631377551020408
960,1139,2099,0.8428446005267779
862,1158,2020,0.7443868739205527
816,1485,2301,0.5494949494949495
819,1276,2095,0.6418495297805643
974,1731,2705,0.5626805314846909
1041,1499,2540,0.694462975316878
879,1530,2409,0.5745098039215686
711,1300,2011,0.546923076923077
898,1599,2497,0.5616010006253909
1087,1851,2938,0.5872501350621285
825,1446,2271,0.5705394190871369
642,1270,1912,0.5055118110236221
874,1326,2200,0.6591251885369532
934,1674,2608,0.5579450418160096
970,1720,2690,0.563953488372093
1025,1713,2738,0.5983654407472271
1001,1617,2618,0.6190476190476191
1028,1537,2565,0.6688353936239427
899,1542,2441,0.5830090791180286
1095,1829,2924,0.5986878075451066
1019,1801,2820,0.5657967795669073
845,1573,2418,0.5371900826446281
990,1596,2586,0.6203007518796992
1041,1770,2811,0.588135593220339
903,1596,2499,0.5657894736842105
883,1387,2270,0.6366258111031002
963,1761,2724,0.5468483816013628
957,1788,2745,0.535234899328859
868,1656,2524,0.5241545893719807
967,1822,2789,0.530735455543359
840,1474,2314,0.5698778833107191
916,1603,2519,0.5714285714285714
806,1478,2284,0.5453315290933695
875,1551,2426,0.5641521598968408
801,1466,2267,0.5463847203274216
704,1221,1925,0.5765765765765766
860,1460,2320,0.589041095890411
902,1757,2659,0.5133750711439955
1007,1818,2825,0.5539053905390539
701,1230,1931,0.5699186991869919
987,1836,2823,0.5375816993464052
796,1498,2294,0.5313751668891856
804,1328,2132,0.6054216867469879
832,1458,2290,0.5706447187928669
805,1354,2159,0.5945347119645494
956,1649,2605,0.5797453001819285
904,1628,2532,0.5552825552825553
948,1582,2530,0.5992414664981036
864,1512,2376,0.5714285714285714
982,1690,2672,0.5810650887573965
864,1560,2424,0.5538461538461539
680,1406,2086,0.4836415362731152
769,1256,2025,0.6122611464968153
992,1818,2810,0.5456545654565457
787,1480,2267,0.5317567567567567
715,1658,2373,0.4312424607961399
827,1867,2694,0.4429566148901981
705,1470,2175,0.4795918367346938
726,1514,2240,0.4795244385733157
873,1730,2603,0.5046242774566474
824,1692,2516,0.4869976359338061
928,1664,2592,0.5576923076923077
654,1224,1878,0.5343137254901961
741,1373,2114,0.5396941005098325
770,1642,2412,0.4689403166869671
861,1620,2481,0.5314814814814814
1102,1724,2826,0.6392111368909513
1030,1720,2750,0.5988372093023255
985,1618,2603,0.6087762669962917
914,1643,2557,0.556299452221546
855,1588,2443,0.5384130982367759
867,1569,2436,0.5525812619502868
507,978,1485,0.5184049079754601
957,1697,2654,0.5639363582793164
741,1288,2029,0.5753105590062112
640,1155,1795,0.5541125541125541
924,1640,2564,0.5634146341463414
926,1698,2624,0.5453474676089517
896,1429,2325,0.6270118964310707
784,1330,2114,0.5894736842105263
872,1516,2388,0.575197889182058
959,1573,2532,0.6096630642085188
1018,1686,2704,0.6037959667852907
684,1374,2058,0.4978165938864629
916,1607,2523,0.5700062227753578
998,1453,2451,0.6868547832071576
876,1559,2435,0.5618986529826812
966,1656,2622,0.5833333333333334
987,1664,2651,0.5931490384615384
999,1623,2622,0.6155268022181146
893,1637,2530,0.5455100794135614
867,1658,2525,0.52291917973462
1087,1788,2875,0.6079418344519015
890,1546,2436,0.5756791720569211
777,1261,2038,0.6161776367961935
973,1673,2646,0.5815899581589958
935,1450,2385,0.6448275862068965
858,1385,2243,0.6194945848375452
845,1600,2445,0.528125
981,1479,2460,0.6632860040567952
966,1669,2635,0.578789694427801
890,1591,2481,0.5593966059082338
1004,1785,2789,0.5624649859943978
905,1779,2684,0.5087127599775154
1040,1739,2779,0.5980448533640023
972,1632,2604,0.5955882352941176
984,1282,2266,0.7675507020280812
837,1401,2238,0.5974304068522484
816,1511,2327,0.5400397088021178
971,1580,2551,0.6145569620253165
914,1602,2516,0.5705368289637952
1012,1688,2700,0.5995260663507109
1002,1628,2630,0.6154791154791155
1008,1727,2735,0.5836711059640995
870,1409,2279,0.6174591909155429
973,1653,2626,0.588626739261948
708,1137,1845,0.6226912928759895
882,1486,2368,0.5935397039030955
1006,1682,2688,0.5980975029726516
1055,1706,2761,0.6184056271981243
1011,1473,2484,0.6863543788187373
969,1580,2549,0.6132911392405064
845,1568,2413,0.5389030612244898
883,1754,2637,0.5034207525655644
759,1314,2073,0.5776255707762558
927,1697,2624,0.5462581025338833
787,1473,2260,0.5342837746096402
806,1418,2224,0.5684062059238364
911,1723,2634,0.5287289611143354
937,1702,2639,0.5505287896592245
922,1671,2593,0.5517654099341711
744,1371,2115,0.5426695842450766
949,1687,2636,0.5625370480142264
728,1240,1968,0.5870967741935483
1059,1774,2833,0.59695603156708
1058,1705,2763,0.6205278592375366
886,1477,2363,0.5998645903859174
999,1578,2577,0.6330798479087453
986,1550,2536,0.6361290322580645
853,1654,2507,0.5157194679564692
866,1329,2195,0.6516177577125658
851,1281,2132,0.6643247462919594
836,1565,2401,0.534185303514377
753,1211,1964,0.6218001651527663
957,1663,2620,0.5754660252555622
775,1317,2092,0.5884586180713743
819,1377,2196,0.5947712418300654
832,1412,2244,0.5892351274787535
854,1386,2240,0.6161616161616161
884,1400,2284,0.6314285714285715
1043,1760,2803,0.5926136363636364
974,1781,2755,0.5468837731611454
972,1723,2695,0.5641323273360418
910,1581,2491,0.5755850727387729
931,1671,2602,0.5571514063435069
934,1643,2577,0.5684723067559343
871,1625,2496,0.536
994,1706,2700,0.5826494724501758
1215,1986,3201,0.6117824773413897
885,1797,2682,0.4924874791318864
832,1661,2493,0.5009030704394943
976,1549,2525,0.6300839251129761
973,1664,2637,0.5847355769230769
933,1610,2543,0.5795031055900621
874,1492,2366,0.5857908847184986
934,1523,2457,0.613263296126067
954,1730,2684,0.5514450867052023
891,1468,2359,0.6069482288828338
892,1344,2236,0.6636904761904762
947,1568,2515,0.6039540816326531
1042,1742,2784,0.5981630309988519
860,1304,2164,0.6595092024539877
789,1291,2080,0.611154144074361
983,1677,2660,0.5861657722122838
883,1700,2583,0.5194117647058824
1001,1635,2636,0.6122324159021407
932,1665,2597,0.5597597597597598
779,1428,2207,0.5455182072829131
883,1521,2404,0.5805391190006575
930,1474,2404,0.6309362279511533
1031,1730,2761,0.5959537572254335
805,1173,1978,0.6862745098039216
878,1476,2354,0.5948509485094851
890,1478,2368,0.6021650879566982
768,1412,2180,0.5439093484419264
888,1775,2663,0.5002816901408451
915,1772,2687,0.5163656884875847
1007,1879,2886,0.5359233634912187
802,1481,2283,0.5415259959486833
868,1585,2453,0.5476340694006309
863,1532,2395,0.5633159268929504
701,1382,2083,0.5072358900144718
656,1296,1952,0.5061728395061729
689,1431,2120,0.4814814814814814
815,1446,2261,0.5636237897648686
884,1600,2484,0.5525
890,1560,2450,0.5705128205128205
1138,1960,3098,0.5806122448979592
798,1474,2272,0.5413839891451832
745,1347,2092,0.5530809205642168
970,1577,2547,0.6150919467343057
943,1569,2512,0.6010197578075207
708,1387,2095,0.5104542177361211
687,1264,1951,0.5435126582278481
973,1579,2552,0.6162127929069031
882,1484,2366,0.5943396226415094
872,1341,2213,0.6502609992542878
870,1361,2231,0.639235855988244
852,1499,2351,0.5683789192795197
964,1567,2531,0.6151882578174857
997,1464,2461,0.6810109289617486
964,1639,2603,0.588163514338011
928,1597,2525,0.5810895428929242
853,1501,2354,0.5682878081279147
845,1380,2225,0.6123188405797102
933,1398,2331,0.6673819742489271
835,1281,2116,0.6518345042935206
816,1435,2251,0.5686411149825784
883,1614,2497,0.547087980173482
923,1552,2475,0.5947164948453608
839,1590,2429,0.5276729559748428
870,1619,2489,0.5373687461395923
949,1702,2651,0.5575793184488836
918,1324,2242,0.6933534743202417
981,1613,2594,0.6081835089894606
910,1694,2604,0.5371900826446281
860,1563,2423,0.5502239283429302
979,1730,2709,0.5658959537572255
734,1284,2018,0.5716510903426791
1101,1699,2800,0.6480282519128899
1029,1655,2684,0.6217522658610272
992,1543,2535,0.642903434867142
1015,1630,2645,0.6226993865030674
1040,1843,2883,0.5642973412913728
1041,1811,2852,0.5748205411374931
1012,1808,2820,0.5597345132743363
906,1705,2611,0.5313782991202346
979,1656,2635,0.591183574879227
925,1596,2521,0.5795739348370927
873,1671,2544,0.5224416517055656
908,1595,2503,0.5692789968652038
995,1612,2607,0.6172456575682382
994,1603,2597,0.6200873362445415
1007,1600,2607,0.629375
981,1628,2609,0.6025798525798526
973,1631,2604,0.5965665236051502
967,1644,2611,0.5881995133819952
706,1245,1951,0.5670682730923695
964,1618,2582,0.595797280593325
944,1736,2680,0.543778801843318
712,1473,2185,0.48336727766463
986,1590,2576,0.620125786163522
820,1430,2250,0.5734265734265734
966,1801,2767,0.5363686840644086
907,1577,2484,0.575142675967026
842,1658,2500,0.5078407720144753
1024,1652,2676,0.6198547215496368
997,1703,2700,0.5854374633000587
865,1554,2419,0.5566280566280566
856,1557,2413,0.5497752087347463
796,1294,2090,0.615146831530139
608,1298,1906,0.4684129429892141
1067,1801,2868,0.5924486396446419
875,1760,2635,0.4971590909090909
1114,1868,2982,0.5963597430406852
873,1406,2279,0.6209103840682788
818,1412,2230,0.5793201133144475
974,1702,2676,0.5722679200940071
983,1705,2688,0.5765395894428152
878,1562,2440,0.5620998719590269
898,1573,2471,0.5708836617927527
779,1243,2022,0.6267095736122285
579,1134,1713,0.5105820105820106
821,1499,2320,0.5476984656437625
760,1414,2174,0.5374823196605375
891,1505,2396,0.5920265780730897
1137,1922,3059,0.5915712799167534
880,1612,2492,0.5459057071960298
834,1426,2260,0.5848527349228612
878,1321,2199,0.6646479939439819
854,1549,2403,0.5513234344738541
717,1304,2021,0.5498466257668712
775,1416,2191,0.547316384180791
793,1632,2425,0.485906862745098
776,1603,2379,0.4840923268870867
937,1798,2735,0.521134593993326
831,1539,2370,0.5399610136452242
924,1787,2711,0.5170677112479015
949,1598,2547,0.5938673341677096
931,1840,2771,0.5059782608695652
943,1829,2772,0.5155822854018589
944,1682,2626,0.5612366230677764
676,1305,1981,0.518007662835249
668,1184,1852,0.5641891891891891
855,1582,2437,0.5404551201011378
784,1498,2282,0.5233644859813084
1048,1797,2845,0.5831942125765164
878,1562,2440,0.5620998719590269
590,1119,1709,0.5272564789991063
810,1397,2207,0.5798138869005011
628,1211,1839,0.518579686209744
752,1296,2048,0.5802469135802469
875,1651,2526,0.5299818291944276
845,1692,2537,0.4994089834515366
772,1508,2280,0.5119363395225465
988,1737,2725,0.568796776050662
789,1148,1937,0.6872822299651568
821,1350,2171,0.6081481481481481
868,1705,2573,0.509090909090909
973,1733,2706,0.5614541257934218
1246,2251,3497,0.5535317636605953
991,1569,2560,0.6316124920331422
950,1623,2573,0.585335797905114
898,1495,2393,0.6006688963210702
918,1596,2514,0.575187969924812
929,1615,2544,0.5752321981424149
909,1372,2281,0.6625364431486881
698,1155,1853,0.6043290043290044
256,427,683,0.5995316159250585
790,1474,2264,0.5359565807327001
982,1643,2625,0.5976871576384662
918,1566,2484,0.5862068965517241
896,1513,2409,0.5922009253139459
918,1686,2604,0.5444839857651246
1021,1808,2829,0.5647123893805309
986,1725,2711,0.5715942028985507
601,1272,1873,0.4724842767295597
953,1614,2567,0.590458488228005
861,1873,2734,0.4596903363587827
911,1658,2569,0.5494571773220748
981,1867,2848,0.5254418853776112
923,1591,2514,0.5801382778126964
951,1599,2550,0.5947467166979362
980,1698,2678,0.5771495877502945
881,1630,2511,0.5404907975460123
759,1451,2210,0.5230875258442453
840,1551,2391,0.5415860735009671
862,1546,2408,0.5575679172056921
824,1257,2081,0.6555290373906125
861,1667,2528,0.5164967006598681
770,1459,2229,0.5277587388622345
798,1413,2211,0.564755838641189
913,1689,2602,0.5405565423327413
928,1706,2634,0.5439624853458382
853,1493,2346,0.5713328868050904
921,1560,2481,0.5903846153846154
764,1405,2169,0.5437722419928825
1006,1638,2644,0.6141636141636142
956,1551,2507,0.6163765312701482
625,1164,1789,0.5369415807560137
1011,1504,2515,0.6722074468085106
975,1633,2608,0.5970606246172688
887,1632,2519,0.5435049019607843
941,1488,2429,0.6323924731182796
843,1426,2269,0.591164095371669
754,1360,2114,0.5544117647058824
1009,1569,2578,0.6430847673677501
1285,2117,3402,0.6069910250354275
949,1532,2481,0.6194516971279374
957,1675,2632,0.5713432835820895
841,1521,2362,0.5529257067718606
926,1625,2551,0.5698461538461539
967,1661,2628,0.5821794099939795
804,1497,2301,0.5370741482965932
515,781,1296,0.6594110115236875
965,1876,2841,0.5143923240938166
851,1692,2543,0.5029550827423168
961,1533,2494,0.6268754076973255
902,1485,2387,0.6074074074074074
850,1489,2339,0.5708529214237743
1038,1775,2813,0.5847887323943662
936,1421,2357,0.6586910626319493
1007,1623,2630,0.6204559457794209
783,1356,2139,0.577433628318584
899,1562,2461,0.5755441741357235
829,1394,2223,0.5946915351506457
812,1413,2225,0.5746638358103326
999,1694,2693,0.589728453364817
885,1547,2432,0.5720749838396897
951,1752,2703,0.5428082191780822
869,1517,2386,0.5728411338167436
781,1446,2227,0.5401106500691563
920,1424,2344,0.6460674157303371
938,1600,2538,0.58625
882,1708,2590,0.5163934426229508
932,1612,2544,0.5781637717121588
1034,1753,2787,0.5898459783228751
846,1554,2400,0.5444015444015444
797,1564,2361,0.5095907928388747
880,1456,2336,0.6043956043956044
878,1706,2584,0.5146541617819461
871,1541,2412,0.5652173913043478
703,1229,1932,0.5720097640358015
744,1397,2141,0.5325697924123121
631,1116,1747,0.5654121863799283
739,1328,2067,0.5564759036144579
745,1214,1959,0.613673805601318
782,1355,2137,0.5771217712177121
862,1882,2744,0.4580233793836344
841,1831,2672,0.4593118514472966
751,1656,2407,0.4535024154589372
849,1537,2386,0.5523747560182173
853,1752,2605,0.4868721461187215
1071,1739,2810,0.6158711903392754
851,1437,2288,0.592205984690327
825,1434,2259,0.5753138075313807
1086,1888,2974,0.5752118644067796
953,1699,2652,0.5609181871689229
800,1338,2138,0.5979073243647235
976,1741,2717,0.5605973578403216
1028,1626,2654,0.6322263222632226
987,1663,2650,0.5935057125676488
1021,1809,2830,0.564400221116639
908,1430,2338,0.634965034965035
956,1750,2706,0.5462857142857143
916,1583,2499,0.5786481364497789
951,1738,2689,0.547180667433832
852,1511,2363,0.5638649900727994
952,1568,2520,0.6071428571428571
687,1114,1801,0.6166965888689407
952,1373,2325,0.6933721777130372
892,1532,2424,0.5822454308093995
852,1260,2112,0.6761904761904762
1030,1700,2730,0.6058823529411764
921,1521,2442,0.6055226824457594
969,1577,2546,0.6144578313253012
928,1571,2499,0.5907065563335455
783,1505,2288,0.520265780730897
1014,1643,2657,0.6171637248934875
950,1680,2630,0.5654761904761905
963,1461,2424,0.6591375770020534
879,1420,2299,0.6190140845070422
854,1414,2268,0.6039603960396039
1102,1712,2814,0.6436915887850467
790,1319,2109,0.5989385898407885
1035,1740,2775,0.5948275862068966
948,1690,2638,0.5609467455621302
1005,1679,2684,0.5985705777248362
732,1488,2220,0.4919354838709677
959,1645,2604,0.5829787234042553
750,1192,1942,0.6291946308724832
810,1453,2263,0.5574673090158293
809,1385,2194,0.584115523465704
881,1571,2452,0.5607893061744113
701,1176,1877,0.5960884353741497
1037,1645,2682,0.6303951367781155
887,1463,2350,0.6062884483937115
927,1486,2413,0.6238223418573351
730,1298,2028,0.5624036979969184
722,1430,2152,0.5048951048951049
696,1264,1960,0.5506329113924051
951,1544,2495,0.6159326424870466
900,1516,2416,0.5936675461741425
996,1751,2747,0.5688178183894917
900,1627,2527,0.5531653349723418
976,1675,2651,0.5826865671641791
889,1806,2695,0.4922480620155038
1016,1667,2683,0.6094781043791242
690,1149,1839,0.6005221932114883
882,1562,2444,0.5646606914212549
858,1474,2332,0.582089552238806
812,1451,2263,0.5596140592694693
838,1525,2363,0.5495081967213115
889,1464,2353,0.60724043715847
918,1433,2351,0.6406140963014655
761,1072,1833,0.7098880597014925
920,1424,2344,0.6460674157303371
973,1713,2686,0.5680093403385873
955,1753,2708,0.5447803764974329
951,1828,2779,0.5202407002188184
1004,1921,2925,0.5226444560124935
934,1503,2437,0.6214238190286094
1036,1793,2829,0.5778025655326269
839,1425,2264,0.5887719298245614
935,1474,2409,0.6343283582089553
883,1458,2341,0.6056241426611797
1065,1652,2717,0.6446731234866828
911,1613,2524,0.56478611283323
750,1223,1973,0.6132461161079313
931,1635,2566,0.5694189602446483
953,1370,2323,0.6956204379562044
1184,2038,3222,0.5809617271835132
854,1413,2267,0.6043878273177636
842,1551,2393,0.5428755641521599
919,1518,2437,0.6054018445322793
878,1656,2534,0.5301932367149759
888,1568,2456,0.5663265306122449
806,1210,2016,0.6661157024793388
921,1592,2513,0.5785175879396985
1053,1422,2475,0.740506329113924
1028,1703,2731,0.6036406341749854
882,1240,2122,0.7112903225806452
1081,1678,2759,0.6442193087008343
841,1442,2283,0.5832177531206657
1046,1788,2834,0.5850111856823266
810,1381,2191,0.5865314989138306
1375,2393,3768,0.5745925616381111
843,1597,2440,0.5278647463994991
982,1695,2677,0.5793510324483776
597,1081,1678,0.5522664199814986
831,1515,2346,0.5485148514851486
996,1726,2722,0.5770567786790266
1005,1578,2583,0.6368821292775665
1069,1643,2712,0.6506390748630554
993,1658,2651,0.5989143546441495
958,1623,2581,0.5902649414664202
957,1771,2728,0.5403726708074534
706,1258,1964,0.56120826709062
917,1673,2590,0.5481171548117155
985,1753,2738,0.5618938961779806
887,1597,2484,0.5554164057608015
959,1658,2617,0.5784077201447527
831,1663,2494,0.4996993385447985
991,1400,2391,0.7078571428571429
978,1824,2802,0.5361842105263158
571,1070,1641,0.5336448598130841
927,1690,2617,0.5485207100591716
482,814,1296,0.5921375921375921
933,1652,2585,0.5647699757869249
1157,2007,3164,0.5764823119083209
808,1419,2227,0.569415081042988
524,801,1325,0.6541822721598003
904,1620,2524,0.5580246913580247
1064,1768,2832,0.6018099547511312
891,1534,2425,0.5808344198174706
641,938,1579,0.6833688699360341
899,1497,2396,0.6005344021376086
970,1852,2822,0.5237580993520519
996,1633,2629,0.6099203919167177
1033,1574,2607,0.656289707750953
996,1628,2624,0.6117936117936118
1011,1647,2658,0.6138433515482696
1048,1547,2595,0.6774402068519716
950,1576,2526,0.6027918781725888
862,1527,2389,0.564505566470203
899,1426,2325,0.6304347826086957
848,1590,2438,0.5333333333333333
900,1779,2679,0.5059021922428331
918,1537,2455,0.5972674040338322
947,1724,2671,0.5493039443155452
900,1753,2653,0.513405590416429
803,1562,2365,0.5140845070422535
948,1715,2663,0.5527696793002915
1032,1682,2714,0.6135552913198573
1052,1463,2515,0.7190704032809296
933,1448,2381,0.6443370165745856
752,1223,1975,0.6148814390842191
882,1626,2508,0.5424354243542435
882,1661,2543,0.5310054184226369
800,1453,2253,0.5505849965588437
854,1446,2300,0.5905947441217151
887,1585,2472,0.559621451104101
996,1774,2770,0.5614430665163472
1002,1676,2678,0.5978520286396182
641,1150,1791,0.5573913043478261
962,1479,2441,0.6504394861392833
877,1477,2354,0.5937711577522004
1074,1706,2780,0.6295427901524033
1078,1706,2784,0.6318874560375146
963,1469,2432,0.6555479918311776
946,1758,2704,0.5381114903299203
935,1527,2462,0.6123117223313687
993,1751,2744,0.5671045117075957
981,1617,2598,0.6066790352504638
810,1428,2238,0.5672268907563025
900,1459,2359,0.6168608636052091
752,1242,1994,0.605475040257649
765,1145,1910,0.6681222707423581
915,1055,1970,0.8672985781990521
890,1577,2467,0.5643627140139506
1005,1678,2683,0.598927294398093
987,1725,2712,0.5721739130434783
937,1737,2674,0.5394358088658607
1021,1671,2692,0.6110113704368642
898,1474,2372,0.6092265943012212
788,1171,1959,0.672929120409906
532,909,1441,0.5852585258525853
541,1003,1544,0.53938185443669
784,1431,2215,0.5478686233403215
973,1608,2581,0.6050995024875622
988,1722,2710,0.5737514518002322
1073,1741,2814,0.6163124641010913
824,1305,2129,0.6314176245210728
857,1385,2242,0.6187725631768953
867,1413,2280,0.613588110403397
1059,1741,2800,0.6082711085582998
1029,1613,2642,0.6379417234965902
675,1178,1853,0.5730050933786078
860,1369,2229,0.6281957633308984
675,1145,1820,0.5895196506550219
1175,1970,3145,0.5964467005076142
1103,1603,2706,0.6880848409232688
875,1641,2516,0.5332114564290067
791,1407,2198,0.5621890547263682
931,1601,2532,0.5815115552779513
849,1640,2489,0.5176829268292683
906,1424,2330,0.6362359550561798
927,1652,2579,0.5611380145278451
818,1482,2300,0.5519568151147098
868,1430,2298,0.606993006993007
934,1661,2595,0.5623118603251054
961,1734,2695,0.5542099192618224
929,1586,2515,0.585750315258512
991,1505,2496,0.6584717607973422
741,1275,2016,0.5811764705882353
1125,1820,2945,0.6181318681318682
988,1646,2634,0.6002430133657352
1069,1751,2820,0.6105082809822958
573,980,1553,0.5846938775510204
923,1447,2370,0.6378714581893573
834,1576,2410,0.5291878172588832
928,1495,2423,0.6207357859531772
821,1472,2293,0.5577445652173914
897,1511,2408,0.5936465916611515
906,1738,2644,0.5212888377445339
718,1234,1952,0.5818476499189628
954,1695,2649,0.5628318584070796
895,1489,2384,0.6010745466756212
884,1490,2374,0.5932885906040268
850,1491,2341,0.5700871898054997
973,1648,2621,0.5904126213592233
982,1614,2596,0.6084262701363073
948,1657,2605,0.572118286059143
1049,1725,2774,0.6081159420289856
905,1686,2591,0.536773428232503
907,1535,2442,0.5908794788273616
917,1696,2613,0.5406839622641509
942,1640,2582,0.574390243902439
1022,1865,2887,0.5479892761394102
826,1385,2211,0.5963898916967509
915,1584,2499,0.5776515151515151
923,1852,2775,0.4983801295896328
845,1400,2245,0.6035714285714285
851,1413,2264,0.6022646850672329
814,1352,2166,0.6020710059171598
998,1647,2645,0.6059502125075895
877,1457,2334,0.6019217570350034
758,1296,2054,0.5848765432098766
942,1465,2407,0.6430034129692833
903,1698,2601,0.5318021201413428
935,1543,2478,0.6059624108878807
929,1606,2535,0.5784557907845579
1005,1695,2700,0.5929203539823009
856,1255,2111,0.6820717131474103
1612,2350,3962,0.6859574468085107
1074,2035,3109,0.5277641277641277
523,994,1517,0.5261569416498993
1102,1691,2793,0.651685393258427
1114,2002,3116,0.5564435564435565
1216,2024,3240,0.6007905138339921
787,1491,2278,0.5278336686787392
887,1362,2249,0.6512481644640234
787,1399,2186,0.5625446747676912
705,982,1687,0.7179226069246436
987,1609,2596,0.6134244872591672
694,1038,1732,0.6685934489402697
1128,1716,2844,0.6573426573426573
1085,1663,2748,0.6524353577871317
839,1425,2264,0.5887719298245614
839,1332,2171,0.6298798798798799
928,1354,2282,0.6853766617429837
790,1244,2034,0.635048231511254
704,1156,1860,0.6089965397923875
576,1058,1634,0.5444234404536862
716,1344,2060,0.5327380952380952
680,960,1640,0.7083333333333334
872,1441,2313,0.6051353226925746
868,1463,2331,0.5933014354066986
960,1336,2296,0.718562874251497
811,1554,2365,0.5218790218790219
681,1111,1792,0.6129612961296129
832,1255,2087,0.6629482071713148
958,1297,2255,0.7386276021588281
827,1176,2003,0.7032312925170068
778,1493,2271,0.521098459477562
1369,1859,3228,0.7364174287251211
975,1488,2463,0.655241935483871
734,1348,2082,0.5445103857566765
741,1176,1917,0.6301020408163265
728,1691,2419,0.4305144884683619
608,920,1528,0.6608695652173913
655,1107,1762,0.5916892502258356
595,915,1510,0.6502732240437158
844,1360,2204,0.6205882352941177
1220,1822,3042,0.6695938529088913
1245,1841,3086,0.6762629005975014
1723,2351,4074,0.7328796256911952
1521,2117,3638,0.7184695323571091
1660,2385,4045,0.6960167714884696
1582,2513,4095,0.6295264623955432
936,1355,2291,0.6907749077490775
1198,1772,2970,0.6760722347629797
1029,1561,2590,0.6591928251121076
1134,1763,2897,0.6432217810550198
1589,2472,4061,0.642799352750809
1169,1448,2617,0.8073204419889503
1570,2199,3769,0.7139608913142338
1377,2072,3449,0.6645752895752896
1046,1613,2659,0.6484810911345319
1398,2072,3470,0.6747104247104247
1228,1866,3094,0.6580921757770632
1049,1417,2466,0.7402964008468595
1096,1695,2791,0.6466076696165192
1245,1838,3083,0.6773667029379761
1159,1699,2858,0.6821659799882284
1186,1882,3068,0.6301806588735388
1156,1736,2892,0.6658986175115207
1332,1986,3318,0.6706948640483383
1181,1871,3052,0.6312132549438803
1648,2417,4065,0.6818369880016549
1524,2153,3677,0.7078495123084069
1755,2257,4012,0.7775808595480727
1556,2347,3903,0.6629740093736685
1691,2244,3935,0.7535650623885918
1064,1491,2555,0.7136150234741784
1172,1722,2894,0.6806039488966318
917,1126,2043,0.8143872113676732
774,1071,1845,0.7226890756302521
921,1430,2351,0.644055944055944
1210,1746,2956,0.693012600229095
906,1380,2286,0.6565217391304348
1523,2417,3940,0.6301199834505585
1624,2247,3871,0.7227414330218068
1681,2403,4084,0.6995422388680815
1793,2236,4029,0.8018783542039356
1497,2032,3529,0.7367125984251969
967,1615,2582,0.5987616099071208
1634,2358,3992,0.6929601357082273
622,959,1581,0.64859228362878
