num_prefill_tokens,num_decode_tokens,num_total_tokens,pd_ratio
74,918,992,0.0806100217864923
290,905,1195,0.3204419889502762
1402,711,2113,1.9718706047819967
2497,918,3415,2.7200435729847494
41,950,991,0.0431578947368421
238,787,1025,0.3024142312579415
1045,742,1787,1.408355795148248
2053,855,2908,2.401169590643275
3026,311,3337,9.729903536977492
3455,390,3845,8.85897435897436
3901,572,4473,6.81993006993007
4500,433,4933,10.392609699769054
5346,363,5709,14.727272727272728
5733,290,6023,19.76896551724138
6139,894,7033,6.866890380313199
7104,871,7975,8.156142365097589
308,386,694,0.7979274611398963
697,430,1127,1.6209302325581396
1130,427,1557,2.646370023419204
1560,79,1639,19.746835443037973
206,733,939,0.2810368349249659
944,476,1420,1.9831932773109244
1435,244,1679,5.881147540983607
1693,222,1915,7.626126126126126
1924,288,2212,6.680555555555555
2222,204,2426,10.892156862745098
2436,238,2674,10.235294117647058
2689,510,3199,5.272549019607843
21,368,389,0.0570652173913043
447,917,1364,0.4874591057797164
56,573,629,0.0977312390924956
639,314,953,2.035031847133758
111,641,752,0.1731669266770671
488,919,1407,0.5310119695321001
1428,841,2269,1.6979785969084424
78,788,866,0.098984771573604
3189,151,3340,21.119205298013245
3388,132,3520,25.666666666666668
3534,97,3631,36.43298969072165
4754,387,5141,12.28423772609819
5161,475,5636,10.865263157894736
5655,540,6195,10.47222222222222
6236,587,6823,10.62350936967632
109,428,537,0.2546728971962617
588,549,1137,1.0710382513661203
1261,558,1819,2.259856630824373
40,820,860,0.048780487804878
170,521,691,0.3262955854126679
739,364,1103,2.03021978021978
165,670,835,0.2462686567164179
299,621,920,0.4814814814814814
956,234,1190,4.085470085470085
1211,230,1441,5.265217391304348
1529,304,1833,5.029605263157895
1980,330,2310,6.0
2346,181,2527,12.96132596685083
2859,362,3221,7.897790055248619
3250,377,3627,8.620689655172415
3655,323,3978,11.31578947368421
4061,322,4383,12.611801242236025
160,431,591,0.37122969837587
620,339,959,1.8289085545722716
1165,75,1240,15.533333333333331
79,577,656,0.1369150779896014
685,364,1049,1.881868131868132
1061,561,1622,1.8912655971479504
2165,970,3135,2.231958762886598
3271,966,4237,3.386128364389234
86,694,780,0.1239193083573487
848,9,857,94.22222222222224
876,6,882,146.0
959,435,1394,2.2045977011494253
1413,463,1876,3.0518358531317493
1964,401,2365,4.897755610972569
2450,393,2843,6.234096692111959
2928,289,3217,10.131487889273355
3302,515,3817,6.411650485436893
3855,464,4319,8.308189655172415
4404,592,4996,7.439189189189189
5081,406,5487,12.514778325123151
5502,326,5828,16.87730061349693
6007,670,6677,8.965671641791046
6772,771,7543,8.783398184176395
10,405,415,0.0246913580246913
426,504,930,0.8452380952380952
943,477,1420,1.9769392033542976
1431,547,1978,2.616087751371116
5410,311,5721,17.39549839228296
50,851,901,0.0587544065804935
915,994,1909,0.920523138832998
1981,1006,2987,1.969184890656064
3005,800,3805,3.75625
417,725,1142,0.5751724137931035
1190,819,2009,1.452991452991453
2034,917,2951,2.218102508178844
2965,860,3825,3.447674418604651
116,397,513,0.2921914357682619
515,352,867,1.463068181818182
869,302,1171,2.877483443708609
1182,227,1409,5.20704845814978
1491,351,1842,4.247863247863248
1865,517,2382,3.607350096711799
2412,403,2815,5.9851116625310175
21,857,878,0.0245040840140023
73,952,1025,0.0766806722689075
1057,537,1594,1.968342644320298
1675,444,2119,3.7725225225225225
2133,581,2714,3.671256454388984
2738,439,3177,6.236902050113895
3200,966,4166,3.312629399585921
4593,894,5487,5.1375838926174495
5697,965,6662,5.9036269430051815
6703,971,7674,6.903192584963954
40,439,479,0.0911161731207289
884,499,1383,1.771543086172345
1708,319,2027,5.35423197492163
2132,246,2378,8.666666666666666
2411,158,2569,15.259493670886076
46,291,337,0.1580756013745704
396,730,1126,0.5424657534246575
1174,281,1455,4.177935943060498
1514,906,2420,1.6710816777041944
2428,709,3137,3.4245416078984485
40,93,133,0.4301075268817204
34,544,578,0.0625
95,566,661,0.1678445229681978
699,807,1506,0.8661710037174721
102,532,634,0.1917293233082706
18,105,123,0.1714285714285714
135,90,225,1.5
3933,701,4634,5.61055634807418
4679,344,5023,13.601744186046512
5072,464,5536,10.93103448275862
5615,544,6159,10.321691176470589
6233,685,6918,9.0992700729927
46,57,103,0.8070175438596491
156,149,305,1.046979865771812
351,183,534,1.9180327868852456
602,174,776,3.4597701149425286
54,116,170,0.4655172413793103
188,106,294,1.7735849056603774
360,145,505,2.4827586206896552
523,153,676,3.418300653594771
696,104,800,6.6923076923076925
844,200,1044,4.22
1065,144,1209,7.395833333333333
1231,279,1510,4.412186379928316
1541,150,1691,10.273333333333332
1496,945,2441,1.583068783068783
2568,928,3496,2.7672413793103448
4882,830,5712,5.881927710843374
5809,753,6562,7.714475431606906
58,773,831,0.07503234152652
911,664,1575,1.3719879518072289
1614,721,2335,2.2385575589459084
2419,827,3246,2.92503022974607
3271,289,3560,11.31833910034602
3571,112,3683,31.883928571428573
3709,358,4067,10.360335195530729
4079,116,4195,35.16379310344828
4209,200,4409,21.045
89,473,562,0.1881606765327695
587,408,995,1.4387254901960784
1028,49,1077,20.97959183673469
1131,37,1168,30.56756756756757
1221,812,2033,1.5036945812807885
2096,823,2919,2.546780072904009
2964,702,3666,4.222222222222222
3772,99,3871,38.1010101010101
3966,389,4355,10.195372750642674
4373,419,4792,10.43675417661098
4810,542,5352,8.874538745387454
5481,811,6292,6.758323057953144
6374,866,7240,7.36027713625866
11,194,205,0.056701030927835
69,583,652,0.1183533447684391
678,735,1413,0.9224489795918368
1456,643,2099,2.264385692068429
2131,807,2938,2.640644361833953
10,60,70,0.1666666666666666
80,69,149,1.1594202898550725
158,359,517,0.4401114206128134
525,125,650,4.2
664,158,822,4.2025316455696204
834,117,951,7.128205128205129
1798,918,2716,1.9586056644880172
156,928,1084,0.168103448275862
1117,660,1777,1.6924242424242424
1964,947,2911,2.073917634635692
2964,794,3758,3.732997481108312
3780,894,4674,4.228187919463087
4755,505,5260,9.415841584158416
5309,975,6284,5.4451282051282055
6286,227,6513,27.691629955947132
23,698,721,0.0329512893982808
734,760,1494,0.9657894736842104
1541,482,2023,3.1970954356846475
214,10,224,21.4
276,254,530,1.0866141732283463
582,159,741,3.660377358490566
794,251,1045,3.1633466135458166
1059,373,1432,2.839142091152815
1486,442,1928,3.3619909502262444
1959,290,2249,6.755172413793104
50,383,433,0.1305483028720626
51,53,104,0.9622641509433962
116,167,283,0.6946107784431138
302,286,588,1.055944055944056
690,310,1000,2.225806451612903
1013,278,1291,3.643884892086331
1323,85,1408,15.56470588235294
1456,818,2274,1.7799511002444988
2286,47,2333,48.63829787234042
2378,319,2697,7.454545454545454
2714,48,2762,56.54166666666666
2793,318,3111,8.783018867924529
3133,54,3187,58.01851851851852
3191,30,3221,106.36666666666666
36,718,754,0.0501392757660167
254,716,970,0.3547486033519553
18,900,918,0.02
971,555,1526,1.7495495495495494
1559,699,2258,2.23032904148784
68,30,98,2.2666666666666666
102,14,116,7.285714285714286
130,37,167,3.5135135135135136
179,23,202,7.782608695652174
222,40,262,5.55
273,36,309,7.583333333333333
321,59,380,5.440677966101695
392,43,435,9.116279069767442
437,50,487,8.74
509,58,567,8.775862068965518
576,524,1100,1.099236641221374
12,968,980,0.012396694214876
987,250,1237,3.948
1282,196,1478,6.540816326530612
1533,307,1840,4.993485342019544
1866,340,2206,5.488235294117647
732,518,1250,1.4131274131274132
1284,883,2167,1.4541336353340883
2169,865,3034,2.507514450867052
3036,812,3848,3.738916256157636
3882,898,4780,4.32293986636971
4782,883,5665,5.4156285390713474
5667,629,6296,9.009538950715422
6298,863,7161,7.297798377752028
7195,883,8078,8.148357870894678
49,118,167,0.4152542372881356
1723,416,2139,4.141826923076923
2170,179,2349,12.12290502793296
2358,328,2686,7.189024390243903
2723,109,2832,24.98165137614679
2865,353,3218,8.11614730878187
3235,178,3413,18.174157303370787
3426,229,3655,14.960698689956333
3682,381,4063,9.664041994750656
4071,189,4260,21.53968253968254
4278,259,4537,16.517374517374517
4553,228,4781,19.969298245614038
4798,233,5031,20.59227467811159
5039,258,5297,19.531007751937985
5321,164,5485,32.44512195121951
5494,228,5722,24.09649122807017
5732,249,5981,23.02008032128514
5997,320,6317,18.740625
6358,328,6686,19.384146341463413
6701,414,7115,16.185990338164252
7148,274,7422,26.087591240875916
7435,272,7707,27.334558823529413
7741,260,8001,29.773076923076925
107,922,1029,0.1160520607375271
1093,49,1142,22.306122448979597
1254,842,2096,1.489311163895487
2142,826,2968,2.593220338983051
3012,835,3847,3.607185628742515
3876,448,4324,8.651785714285714
327,660,987,0.4954545454545455
1011,474,1485,2.132911392405063
1502,497,1999,3.022132796780684
2279,997,3276,2.2858575727181543
3321,588,3909,5.6479591836734695
3936,329,4265,11.963525835866262
4300,333,4633,12.912912912912914
4754,417,5171,11.400479616306956
5257,960,6217,5.476041666666666
27,901,928,0.0299667036625971
933,829,1762,1.1254523522316044
1791,315,2106,5.685714285714286
2138,858,2996,2.491841491841492
3007,848,3855,3.545990566037736
3890,559,4449,6.958855098389982
4466,536,5002,8.332089552238806
5019,993,6012,5.054380664652568
6035,1018,7053,5.928290766208251
7058,395,7453,17.868354430379746
56,707,763,0.0792079207920792
852,933,1785,0.9131832797427653
1905,900,2805,2.1166666666666667
2853,831,3684,3.433212996389892
3712,613,4325,6.055464926590538
4343,878,5221,4.946469248291572
29,861,890,0.0336817653890824
897,64,961,14.015625
977,102,1079,9.57843137254902
1096,683,1779,1.6046852122986823
1800,916,2716,1.965065502183406
263,415,678,0.6337349397590362
702,364,1066,1.9285714285714288
1127,34,1161,33.14705882352941
954,602,1556,1.584717607973422
1626,703,2329,2.3129445234708395
2362,679,3041,3.4786450662739323
3092,684,3776,4.52046783625731
3851,97,3948,39.70103092783505
1898,640,2538,2.965625
2554,214,2768,11.934579439252335
2780,186,2966,14.946236559139784
2973,202,3175,14.717821782178218
3188,368,3556,8.66304347826087
4840,58,4898,83.44827586206897
6273,385,6658,16.293506493506495
349,461,810,0.7570498915401301
857,905,1762,0.9469613259668508
1765,243,2008,7.2633744855967075
2064,536,2600,3.850746268656717
2622,54,2676,48.55555555555556
2758,87,2845,31.701149425287355
2865,52,2917,55.09615384615385
2966,71,3037,41.77464788732394
3083,74,3157,41.66216216216216
3204,80,3284,40.05
3301,85,3386,38.83529411764706
3401,117,3518,29.068376068376068
3524,82,3606,42.97560975609756
3636,90,3726,40.4
3737,474,4211,7.883966244725738
4267,125,4392,34.136
4435,149,4584,29.76510067114094
4638,170,4808,27.28235294117647
4843,103,4946,47.01941747572816
5125,417,5542,12.290167865707437
5569,239,5808,23.301255230125523
5830,142,5972,41.056338028169016
6016,173,6189,34.77456647398844
6201,119,6320,52.109243697479
6365,121,6486,52.603305785123965
6498,401,6899,16.204488778054863
6932,208,7140,33.32692307692308
7196,110,7306,65.41818181818182
7340,354,7694,20.73446327683616
7764,123,7887,63.1219512195122
162,290,452,0.5586206896551724
459,387,846,1.186046511627907
957,876,1833,1.0924657534246576
1854,875,2729,2.1188571428571428
2749,874,3623,3.145308924485126
3694,834,4528,4.429256594724221
4570,266,4836,17.18045112781955
4918,309,5227,15.915857605177994
5279,526,5805,10.036121673003802
180,736,916,0.2445652173913043
1130,865,1995,1.30635838150289
2012,929,2941,2.1657696447793326
17,36,53,0.4722222222222222
1209,47,1256,25.72340425531915
1285,726,2011,1.7699724517906337
96,463,559,0.2073434125269978
613,454,1067,1.3502202643171806
1093,430,1523,2.541860465116279
1594,519,2113,3.071290944123314
2191,321,2512,6.825545171339564
2546,545,3091,4.671559633027523
3141,238,3379,13.197478991596638
3416,431,3847,7.9257540603248255
3911,410,4321,9.539024390243902
4351,356,4707,12.22191011235955
4774,481,5255,9.925155925155924
5287,506,5793,10.448616600790514
5887,422,6309,13.950236966824644
59,756,815,0.078042328042328
1010,641,1651,1.575663026521061
1806,787,2593,2.2947903430749683
2660,620,3280,4.290322580645161
3425,550,3975,6.227272727272728
4086,812,4898,5.032019704433497
5002,727,5729,6.880330123796424
43,583,626,0.0737564322469982
640,440,1080,1.4545454545454546
1096,304,1400,3.6052631578947367
3479,76,3555,45.776315789473685
3584,496,4080,7.225806451612903
4130,651,4781,6.344086021505376
7,342,349,0.0204678362573099
360,562,922,0.6405693950177936
1011,706,1717,1.4320113314447591
1733,722,2455,2.4002770083102494
2469,536,3005,4.606343283582089
3018,942,3960,3.203821656050956
72,422,494,0.1706161137440758
445,440,885,1.0113636363636365
940,386,1326,2.435233160621762
1408,600,2008,2.3466666666666667
2228,345,2573,6.457971014492753
2715,443,3158,6.128668171557562
3253,382,3635,8.515706806282722
3676,402,4078,9.144278606965177
4340,415,4755,10.457831325301203
4980,797,5777,6.2484316185696365
1252,268,1520,4.6716417910447765
1532,142,1674,10.788732394366198
887,343,1230,2.58600583090379
1518,210,1728,7.228571428571429
183,636,819,0.2877358490566037
822,418,1240,1.9665071770334928
1788,618,2406,2.8932038834951457
2409,607,3016,3.968698517298188
3019,636,3655,4.74685534591195
3658,372,4030,9.833333333333334
4033,552,4585,7.306159420289855
5136,658,5794,7.805471124620061
5797,230,6027,25.20434782608696
6065,534,6599,11.357677902621722
6662,660,7322,10.093939393939394
7380,708,8088,10.423728813559322
28,422,450,0.0663507109004739
4,840,844,0.0047619047619047
71,876,947,0.0810502283105022
963,613,1576,1.570962479608483
1615,765,2380,2.111111111111111
2413,636,3049,3.7940251572327046
3065,817,3882,3.751529987760098
3904,845,4749,4.620118343195267
4773,838,5611,5.695704057279237
5627,927,6554,6.070118662351672
6573,910,7483,7.223076923076923
7501,536,8037,13.994402985074627
42,959,1001,0.0437956204379562
38,46,84,0.8260869565217391
227,585,812,0.388034188034188
911,5,916,182.2
1428,5,1433,285.6
3160,5,3165,632.0
4489,5,4494,897.8
6692,5,6697,1338.4
8014,5,8019,1602.8
20,291,311,0.0687285223367697
22,827,849,0.026602176541717
105,629,734,0.1669316375198728
762,458,1220,1.6637554585152838
1234,197,1431,6.2639593908629445
1564,795,2359,1.9672955974842767
2442,947,3389,2.578669482576557
3410,585,3995,5.829059829059829
232,285,517,0.8140350877192982
30,820,850,0.0365853658536585
852,591,1443,1.4416243654822336
1469,853,2322,1.7221570926143024
45,622,667,0.0723472668810289
757,368,1125,2.057065217391304
1206,173,1379,6.971098265895954
1396,474,1870,2.9451476793248945
283,578,861,0.4896193771626297
958,550,1508,1.7418181818181817
1864,449,2313,4.151447661469933
24,525,549,0.0457142857142857
563,451,1014,1.2483370288248337
7,509,516,0.0137524557956778
27,794,821,0.0340050377833753
831,531,1362,1.5649717514124293
1386,226,1612,6.132743362831858
3825,250,4075,15.3
4276,126,4402,33.93650793650794
4418,939,5357,4.705005324813632
5365,879,6244,6.103526734926052
6266,413,6679,15.171912832929785
6706,305,7011,21.98688524590164
7021,493,7514,14.241379310344827
7522,405,7927,18.57283950617284
95,282,377,0.3368794326241134
140,459,599,0.3050108932461873
626,930,1556,0.6731182795698925
1812,692,2504,2.6184971098265897
22,122,144,0.180327868852459
163,514,677,0.3171206225680933
730,512,1242,1.42578125
1245,602,1847,2.068106312292359
1868,884,2752,2.1131221719457014
2780,798,3578,3.4837092731829573
89,473,562,0.1881606765327695
587,408,995,1.4387254901960784
1028,49,1077,20.97959183673469
1131,37,1168,30.56756756756757
1221,812,2033,1.5036945812807885
2096,823,2919,2.546780072904009
2964,702,3666,4.222222222222222
3772,99,3871,38.1010101010101
3966,389,4355,10.195372750642674
4373,419,4792,10.43675417661098
4810,542,5352,8.874538745387454
5481,811,6292,6.758323057953144
6374,866,7240,7.36027713625866
17,493,510,0.0344827586206896
387,876,1263,0.4417808219178082
1351,261,1612,5.176245210727969
71,770,841,0.0922077922077922
844,549,1393,1.5373406193078325
1396,966,2362,1.445134575569358
2366,851,3217,2.780258519388954
3222,302,3524,10.668874172185433
3540,448,3988,7.901785714285714
3994,817,4811,4.888616891064872
4821,936,5757,5.1506410256410255
5760,909,6669,6.336633663366337
66,854,920,0.0772833723653395
941,642,1583,1.4657320872274144
1604,595,2199,2.6957983193277317
2226,561,2787,3.9679144385026737
32,620,652,0.0516129032258064
675,641,1316,1.053042121684867
26,742,768,0.0350404312668463
797,29,826,27.48275862068965
2158,566,2724,3.812720848056537
2739,914,3653,2.9967177242888403
3667,138,3805,26.57246376811594
3824,580,4404,6.593103448275862
4430,590,5020,7.508474576271187
5135,617,5752,8.322528363047002
5767,536,6303,10.759328358208956
6429,438,6867,14.678082191780822
6918,74,6992,93.48648648648648
7009,913,7922,7.676889375684556
174,75,249,2.32
390,110,500,3.5454545454545454
554,390,944,1.4205128205128206
999,439,1438,2.275626423690205
1652,458,2110,3.606986899563319
2762,635,3397,4.349606299212598
3422,735,4157,4.65578231292517
4267,600,4867,7.111666666666666
5067,282,5349,17.96808510638298
5674,418,6092,13.574162679425838
6258,327,6585,19.137614678899084
6600,699,7299,9.44206008583691
7355,703,8058,10.46230440967283
148,685,833,0.2160583941605839
870,562,1432,1.5480427046263343
1486,648,2134,2.29320987654321
2164,318,2482,6.80503144654088
117,518,635,0.2258687258687258
654,147,801,4.448979591836735
823,391,1214,2.104859335038363
1243,200,1443,6.215
1490,440,1930,3.386363636363636
1993,353,2346,5.645892351274788
2369,239,2608,9.912133891213388
2646,323,2969,8.191950464396285
96,579,675,0.1658031088082901
694,201,895,3.45273631840796
151,929,1080,0.16254036598493
1086,461,1547,2.355748373101952
702,15,717,46.8
988,620,1608,1.5935483870967742
330,661,991,0.4992435703479576
1021,784,1805,1.302295918367347
1813,746,2559,2.43029490616622
2636,704,3340,3.7443181818181817
114,253,367,0.4505928853754941
380,239,619,1.5899581589958158
500,1021,1521,0.4897159647404505
1534,602,2136,2.548172757475083
2162,907,3069,2.3836824696802648
3094,929,4023,3.330462863293864
4050,750,4800,5.4
4830,761,5591,6.3469119579500655
5624,985,6609,5.7096446700507615
23,778,801,0.0295629820051413
852,934,1786,0.91220556745182
1802,201,2003,8.965174129353233
2034,494,2528,4.117408906882591
2566,441,3007,5.81859410430839
3054,471,3525,6.484076433121019
3898,275,4173,14.174545454545454
5357,248,5605,21.600806451612904
5635,665,6300,8.473684210526315
6361,107,6468,59.44859813084112
6489,203,6692,31.96551724137931
6704,191,6895,35.09947643979058
6910,623,7533,11.091492776886035
19,117,136,0.1623931623931624
148,102,250,1.4509803921568627
272,237,509,1.1476793248945147
519,40,559,12.975
570,38,608,15.0
2899,387,3286,7.490956072351421
3288,404,3692,8.138613861386139
3767,301,4068,12.514950166112955
4070,360,4430,11.305555555555555
4433,34,4467,130.38235294117646
58,228,286,0.2543859649122807
29,528,557,0.0549242424242424
582,577,1159,1.0086655112651646
1193,733,1926,1.6275579809004093
1953,491,2444,3.977596741344196
2478,444,2922,5.581081081081081
2964,727,3691,4.077028885832188
3727,659,4386,5.655538694992413
4416,683,5099,6.465592972181552
5125,549,5674,9.335154826958105
5721,367,6088,15.588555858310627
6111,628,6739,9.730891719745223
6781,756,7537,8.96957671957672
258,359,617,0.7186629526462396
630,17,647,37.05882352941177
665,104,769,6.394230769230769
798,188,986,4.24468085106383
1012,157,1169,6.445859872611465
1203,304,1507,3.9572368421052633
1559,314,1873,4.964968152866242
1881,325,2206,5.787692307692308
2230,269,2499,8.28996282527881
2523,182,2705,13.862637362637363
707,938,1645,0.753731343283582
13,357,370,0.0364145658263305
382,491,873,0.7780040733197556
901,429,1330,2.1002331002331003
1351,262,1613,5.156488549618321
1622,516,2138,3.143410852713178
2149,210,2359,10.233333333333333
2380,532,2912,4.473684210526316
2947,633,3580,4.655608214849921
3608,546,4154,6.608058608058608
4163,436,4599,9.54816513761468
4622,571,5193,8.094570928196147
5224,511,5735,10.223091976516637
5761,531,6292,10.84934086629002
6343,789,7132,8.039290240811154
7141,437,7578,16.340961098398168
37,28,65,1.3214285714285714
96,211,307,0.4549763033175355
323,52,375,6.211538461538462
403,108,511,3.7314814814814814
538,213,751,2.5258215962441315
786,271,1057,2.9003690036900367
1106,225,1331,4.915555555555556
1374,190,1564,7.231578947368421
1571,41,1612,38.31707317073171
1635,277,1912,5.902527075812275
2012,207,2219,9.719806763285025
2281,261,2542,8.739463601532567
2624,203,2827,12.926108374384237
2941,181,3122,16.248618784530386
3170,158,3328,20.063291139240505
3361,156,3517,21.5448717948718
3731,315,4046,11.844444444444443
4054,100,4154,40.54
4199,78,4277,53.833333333333336
1947,647,2594,3.009273570324575
4049,821,4870,4.931790499390987
6660,667,7327,9.985007496251876
52,472,524,0.1101694915254237
110,548,658,0.2007299270072992
678,569,1247,1.1915641476274166
76,85,161,0.8941176470588236
429,670,1099,0.6402985074626866
1157,596,1753,1.941275167785235
1780,493,2273,3.610547667342799
2315,446,2761,5.190582959641255
2797,938,3735,2.981876332622601
483,462,945,1.0454545454545454
960,779,1739,1.2323491655969192
3052,683,3735,4.468521229868228
4932,978,5910,5.042944785276074
5934,225,6159,26.37333333333333
6184,566,6750,10.925795053003531
6828,528,7356,12.931818181818182
7395,294,7689,25.1530612244898
7717,366,8083,21.084699453551917
65,23,88,2.8260869565217392
258,2,260,129.0
322,2,324,161.0
431,2,433,215.5
634,2,636,317.0
767,4,771,191.75
826,389,1215,2.1233933161953726
20,423,443,0.0472813238770685
471,816,1287,0.5772058823529411
1292,171,1463,7.555555555555555
1487,834,2321,1.7829736211031175
2326,576,2902,4.038194444444445
2933,804,3737,3.648009950248756
3751,816,4567,4.596813725490196
4572,152,4724,30.07894736842105
4775,702,5477,6.801994301994302
5501,748,6249,7.35427807486631
6301,818,7119,7.702933985330073
7142,853,7995,8.372801875732709
32,64,96,0.5
160,41,201,3.902439024390244
207,79,286,2.6202531645569622
1042,16,1058,65.125
2115,693,2808,3.051948051948052
27,202,229,0.1336633663366336
1659,915,2574,1.8131147540983608
51,100,151,0.51
154,123,277,1.2520325203252032
280,199,479,1.407035175879397
482,175,657,2.7542857142857144
660,220,880,3.0
883,261,1144,3.3831417624521074
1147,214,1361,5.359813084112149
1364,140,1504,9.742857142857142
1507,162,1669,9.302469135802468
1672,221,1893,7.565610859728506
1896,259,2155,7.32046332046332
2158,204,2362,10.57843137254902
2365,215,2580,11.0
2583,198,2781,13.045454545454543
2784,203,2987,13.714285714285714
2990,225,3215,13.28888888888889
3218,227,3445,14.176211453744491
3448,223,3671,15.461883408071747
3674,166,3840,22.132530120481928
3843,112,3955,34.3125
3958,121,4079,32.710743801652896
4082,171,4253,23.87134502923977
4256,132,4388,32.24242424242424
4391,116,4507,37.85344827586207
4510,164,4674,27.5
4677,125,4802,37.416
4805,171,4976,28.09941520467836
4979,201,5180,24.771144278606965
5183,207,5390,25.03864734299517
5393,118,5511,45.70338983050848
5514,135,5649,40.84444444444444
5652,191,5843,29.591623036649214
5846,164,6010,35.64634146341464
6013,171,6184,35.16374269005848
6187,202,6389,30.628712871287128
6392,196,6588,32.61224489795919
6591,135,6726,48.82222222222222
6729,136,6865,49.47794117647059
6868,125,6993,54.944
6996,135,7131,51.82222222222222
7134,181,7315,39.41436464088398
7318,193,7511,37.917098445595855
7514,197,7711,38.14213197969544
18,29,47,0.6206896551724138
69,145,214,0.4758620689655172
243,178,421,1.3651685393258426
211,644,855,0.327639751552795
862,539,1401,1.5992578849721706
1422,176,1598,8.079545454545455
1606,625,2231,2.5696
2245,601,2846,3.735440931780366
2963,626,3589,4.733226837060703
3597,745,4342,4.828187919463088
4376,295,4671,14.833898305084746
4688,536,5224,8.746268656716419
5249,509,5758,10.31237721021611
137,615,752,0.2227642276422764
849,593,1442,1.4317032040472175
1650,659,2309,2.503793626707132
111,680,791,0.163235294117647
811,289,1100,2.8062283737024223
443,96,539,4.614583333333333
2533,347,2880,7.29971181556196
2932,548,3480,5.350364963503649
23,561,584,0.0409982174688057
625,567,1192,1.1022927689594355
1232,881,2113,1.398410896708286
2153,993,3146,2.168177240684793
4233,241,4474,17.564315352697097
5560,839,6399,6.626936829558999
7609,453,8062,16.79690949227373
3572,367,3939,9.732970027247957
3950,362,4312,10.911602209944752
1703,402,2105,4.236318407960199
2145,168,2313,12.767857142857142
2342,390,2732,6.005128205128205
2752,402,3154,6.845771144278607
3189,411,3600,7.759124087591241
3648,508,4156,7.181102362204724
4186,95,4281,44.06315789473684
4321,615,4936,7.026016260162602
4985,648,5633,7.692901234567901
5684,681,6365,8.34654919236417
66,854,920,0.0772833723653395
22,634,656,0.0347003154574132
748,666,1414,1.1231231231231231
1424,641,2065,2.221528861154446
27,580,607,0.046551724137931
616,536,1152,1.1492537313432836
1163,558,1721,2.084229390681004
1751,570,2321,3.0719298245614035
2327,766,3093,3.037859007832898
3163,811,3974,3.900123304562269
3984,771,4755,5.167315175097277
685,862,1547,0.7946635730858469
25,42,67,0.5952380952380952
276,31,307,8.903225806451612
44,74,118,0.5945945945945946
134,66,200,2.0303030303030303
212,92,304,2.3043478260869565
23,992,1015,0.0231854838709677
1102,817,1919,1.3488372093023255
504,935,1439,0.5390374331550802
1721,385,2106,4.47012987012987
2112,406,2518,5.201970443349754
2524,254,2778,9.937007874015748
2785,452,3237,6.161504424778761
3251,411,3662,7.909975669099757
13,461,474,0.0281995661605206
509,78,587,6.5256410256410255
683,970,1653,0.7041237113402062
14,589,603,0.0237691001697792
4335,442,4777,9.807692307692308
5020,540,5560,9.296296296296296
5764,445,6209,12.952808988764044
6221,559,6780,11.128801431127012
6848,361,7209,18.969529085872576
7312,399,7711,18.32581453634085
86,386,472,0.2227979274611398
63,834,897,0.0755395683453237
910,641,1551,1.4196567862714509
15,191,206,0.0785340314136125
238,202,440,1.1782178217821782
444,175,619,2.537142857142857
650,333,983,1.951951951951952
123,653,776,0.1883614088820827
811,957,1768,0.8474399164054337
333,825,1158,0.4036363636363636
1351,455,1806,2.9692307692307693
1929,542,2471,3.559040590405904
2590,543,3133,4.769797421731123
3194,620,3814,5.151612903225806
5095,541,5636,9.417744916820702
5685,541,6226,10.508317929759704
6424,353,6777,18.19830028328612
1424,229,1653,6.218340611353712
1669,722,2391,2.311634349030471
2415,215,2630,11.232558139534884
2643,115,2758,22.98260869565217
628,929,1557,0.6759956942949408
1651,802,2453,2.0586034912718203
2475,610,3085,4.057377049180328
3178,612,3790,5.19281045751634
3892,867,4759,4.489042675893887
4767,836,5603,5.702153110047847
5609,891,6500,6.295173961840629
6509,920,7429,7.075
7432,356,7788,20.876404494382022
16,934,950,0.0171306209850107
4,80,84,0.05
88,608,696,0.1447368421052631
700,697,1397,1.0043041606886658
1449,409,1858,3.54278728606357
1902,171,2073,11.12280701754386
2100,245,2345,8.571428571428571
2438,380,2818,6.41578947368421
2830,228,3058,12.412280701754383
3099,65,3164,47.67692307692308
3183,599,3782,5.313856427378965
3798,625,4423,6.0768
4435,418,4853,10.610047846889952
150,571,721,0.2626970227670753
912,980,1892,0.9306122448979592
1910,682,2592,2.80058651026393
2673,507,3180,5.272189349112426
3636,741,4377,4.906882591093117
4437,563,5000,7.880994671403197
5241,705,5946,7.43404255319149
5974,400,6374,14.935
6520,723,7243,9.017980636237898
54,169,223,0.3195266272189349
254,251,505,1.0119521912350598
528,256,784,2.0625
820,985,1805,0.8324873096446701
152,65,217,2.3384615384615386
542,76,618,7.131578947368421
652,58,710,11.241379310344827
741,110,851,6.736363636363636
1242,322,1564,3.857142857142857
1574,46,1620,34.21739130434783
1629,189,1818,8.619047619047619
2194,294,2488,7.462585034013605
2713,350,3063,7.751428571428572
4115,253,4368,16.26482213438735
5638,328,5966,17.1890243902439
6166,269,6435,22.92193308550186
6844,275,7119,24.887272727272727
5,560,565,0.0089285714285714
578,469,1047,1.232409381663113
1084,728,1812,1.489010989010989
751,256,1007,2.93359375
29,559,588,0.0518783542039356
53,677,730,0.0782865583456425
746,353,1099,2.113314447592068
1110,835,1945,1.3293413173652695
52,47,99,1.1063829787234043
128,57,185,2.245614035087719
353,154,507,2.292207792207792
571,66,637,8.651515151515152
827,252,1079,3.281746031746032
1114,57,1171,19.54385964912281
1567,416,1983,3.766826923076923
2111,212,2323,9.95754716981132
2538,240,2778,10.575
2976,266,3242,11.18796992481203
3278,74,3352,44.2972972972973
3437,530,3967,6.484905660377359
4190,822,5012,5.097323600973236
5014,280,5294,17.90714285714286
5428,651,6079,8.33794162826421
6334,779,7113,8.130937098844672
7210,832,8042,8.665865384615385
30,51,81,0.5882352941176471
523,53,576,9.867924528301886
600,203,803,2.955665024630542
679,877,1556,0.774230330672748
1560,672,2232,2.321428571428572
2266,407,2673,5.567567567567568
2838,222,3060,12.783783783783784
3142,291,3433,10.79725085910653
3551,518,4069,6.855212355212355
4085,185,4270,22.08108108108108
4277,464,4741,9.217672413793103
42,200,242,0.21
260,611,871,0.425531914893617
909,671,1580,1.354694485842027
1623,685,2308,2.3693430656934305
2356,562,2918,4.192170818505338
2951,78,3029,37.833333333333336
3067,677,3744,4.530280649926144
3774,679,4453,5.5581737849779085
4475,592,5067,7.559121621621622
398,28,426,14.214285714285714
884,363,1247,2.435261707988981
1295,344,1639,3.76453488372093
1649,397,2046,4.153652392947103
2080,534,2614,3.8951310861423214
2652,546,3198,4.857142857142857
3229,489,3718,6.603271983640082
3749,108,3857,34.71296296296296
944,554,1498,1.703971119133574
1520,109,1629,13.944954128440369
20,380,400,0.0526315789473684
411,704,1115,0.5838068181818182
1135,638,1773,1.7789968652037618
479,401,880,1.1945137157107233
891,444,1335,2.006756756756757
24,769,793,0.0312093628088426
802,290,1092,2.7655172413793103
11,517,528,0.0212765957446808
15,518,533,0.0289575289575289
562,800,1362,0.7025
1373,648,2021,2.118827160493827
2163,943,3106,2.2937433722163307
12,449,461,0.0267260579064587
474,481,955,0.9854469854469856
981,508,1489,1.9311023622047243
1529,204,1733,7.495098039215686
242,37,279,6.54054054054054
330,79,409,4.177215189873418
470,107,577,4.392523364485982
488,647,1135,0.7542503863987635
4726,318,5044,14.861635220125786
5052,42,5094,120.28571428571428
178,353,531,0.5042492917847026
597,276,873,2.1630434782608696
1088,338,1426,3.218934911242604
2477,895,3372,2.7675977653631283
449,380,829,1.181578947368421
856,319,1175,2.683385579937304
1187,177,1364,6.706214689265536
1381,322,1703,4.288819875776397
1760,264,2024,6.666666666666667
2078,242,2320,8.586776859504132
191,545,736,0.3504587155963303
829,980,1809,0.8459183673469388
1813,982,2795,1.8462321792260687
2799,538,3337,5.202602230483271
3871,987,4858,3.921985815602837
4862,966,5828,5.033126293995859
5832,534,6366,10.92134831460674
24,312,336,0.0769230769230769
344,237,581,1.4514767932489452
610,330,940,1.8484848484848484
2763,87,2850,31.75862068965517
1415,398,1813,3.555276381909548
2189,468,2657,4.677350427350428
7,599,606,0.011686143572621
668,672,1340,0.9940476190476192
1363,388,1751,3.5128865979381443
1781,536,2317,3.3227611940298507
2329,633,2962,3.679304897314376
2975,319,3294,9.32601880877743
3302,601,3903,5.494176372712146
111,641,752,0.1731669266770671
780,765,1545,1.0196078431372548
420,944,1364,0.4449152542372881
1366,485,1851,2.816494845360825
176,697,873,0.2525107604017216
927,697,1624,1.3299856527977043
11,796,807,0.0138190954773869
1249,824,2073,1.5157766990291262
1450,931,2381,1.5574650912996777
42,216,258,0.1944444444444444
295,431,726,0.6844547563805105
202,948,1150,0.2130801687763713
50,98,148,0.5102040816326531
161,81,242,1.9876543209876545
299,56,355,5.339285714285714
407,89,496,4.573033707865169
526,292,818,1.8013698630136987
823,54,877,15.24074074074074
915,406,1321,2.2536945812807883
1341,711,2052,1.8860759493670889
2068,162,2230,12.765432098765432
2239,70,2309,31.985714285714284
2343,188,2531,12.462765957446807
2560,31,2591,82.58064516129032
4650,130,4780,35.76923076923077
4896,327,5223,14.972477064220184
5236,269,5505,19.46468401486989
7572,221,7793,34.262443438914026
74,107,181,0.6915887850467289
230,764,994,0.3010471204188482
1033,521,1554,1.982725527831094
1568,595,2163,2.635294117647059
16,508,524,0.0314960629921259
540,268,808,2.014925373134328
817,483,1300,1.691511387163561
1316,347,1663,3.792507204610951
1685,547,2232,3.080438756855576
2242,757,2999,2.961690885072655
3041,664,3705,4.579819277108434
38,2,40,19.0
165,500,665,0.33
674,618,1292,1.0906148867313916
1309,316,1625,4.14240506329114
1639,616,2255,2.6607142857142856
2268,553,2821,4.10126582278481
2833,617,3450,4.591572123176661
3462,405,3867,8.548148148148147
3877,680,4557,5.701470588235294
4578,508,5086,9.011811023622048
5106,915,6021,5.580327868852459
6038,1021,7059,5.913809990205681
7079,735,7814,9.631292517006802
12,921,933,0.013029315960912
941,589,1530,1.5976230899830222
1541,671,2212,2.2965722801788377
2225,394,2619,5.647208121827411
2638,719,3357,3.6689847009735743
3375,149,3524,22.651006711409394
3537,75,3612,47.16
3623,139,3762,26.06474820143885
3797,110,3907,34.518181818181816
3933,143,4076,27.503496503496503
4089,148,4237,27.62837837837838
160,538,698,0.2973977695167286
414,333,747,1.2432432432432432
234,962,1196,0.2432432432432432
1198,891,2089,1.344556677890011
2091,978,3069,2.138036809815951
3071,714,3785,4.301120448179272
3787,446,4233,8.491031390134529
4235,570,4805,7.429824561403507
4807,612,5419,7.854575163398692
11,503,514,0.0218687872763419
532,669,1201,0.7952167414050823
1215,714,1929,1.7016806722689075
1939,568,2507,3.413732394366197
2520,568,3088,4.436619718309859
3128,617,3745,5.069692058346839
3799,631,4430,6.020602218700476
4473,596,5069,7.50503355704698
5081,649,5730,7.828967642526964
672,334,1006,2.0119760479041915
1036,355,1391,2.9183098591549297
1652,263,1915,6.281368821292776
17,36,53,0.4722222222222222
1209,47,1256,25.72340425531915
1285,726,2011,1.7699724517906337
55,108,163,0.5092592592592593
208,271,479,0.7675276752767528
483,37,520,13.054054054054054
60,778,838,0.0771208226221079
186,594,780,0.3131313131313131
922,886,1808,1.0406320541760723
1810,314,2124,5.764331210191083
57,964,1021,0.0591286307053941
1045,571,1616,1.8301225919439577
1625,557,2182,2.9174147217235187
2207,1017,3224,2.170108161258604
3230,427,3657,7.56440281030445
3724,554,4278,6.722021660649819
4287,885,5172,4.84406779661017
5190,629,5819,8.251192368839428
5837,98,5935,59.56122448979592
5966,265,6231,22.513207547169813
6370,572,6942,11.136363636363637
6948,61,7009,113.90163934426228
7047,503,7550,14.009940357852882
7560,473,8033,15.9830866807611
24,309,333,0.0776699029126213
429,968,1397,0.4431818181818182
1399,336,1735,4.163690476190476
1744,854,2598,2.0421545667447307
2649,482,3131,5.495850622406639
3137,764,3901,4.106020942408377
3929,882,4811,4.454648526077097
4828,1007,5835,4.794438927507448
5841,76,5917,76.85526315789474
5949,525,6474,11.331428571428573
6540,952,7492,6.869747899159663
442,88,530,5.0227272727272725
550,94,644,5.851063829787234
656,108,764,6.074074074074074
781,163,944,4.791411042944786
964,229,1193,4.209606986899563
1204,256,1460,4.703125
307,454,761,0.6762114537444934
777,593,1370,1.3102866779089375
141,535,676,0.2635514018691589
6687,766,7453,8.72976501305483
280,1021,1301,0.2742409402546523
1358,54,1412,25.14814814814815
987,275,1262,3.589090909090909
1288,606,1894,2.1254125412541254
15,488,503,0.0307377049180327
118,518,636,0.2277992277992278
668,500,1168,1.336
1220,510,1730,2.392156862745098
1786,565,2351,3.161061946902655
2457,372,2829,6.604838709677419
2841,382,3223,7.43717277486911
3253,447,3700,7.277404921700223
3731,455,4186,8.2
4204,552,4756,7.615942028985507
4775,653,5428,7.312404287901991
5443,324,5767,16.799382716049383
5784,914,6698,6.328227571115974
163,954,1117,0.1708595387840671
1153,1007,2160,1.1449851042701091
2202,997,3199,2.208625877632899
4312,892,5204,4.834080717488789
5239,939,6178,5.579339723109691
6215,836,7051,7.434210526315789
7083,792,7875,8.943181818181818
212,625,837,0.3392
852,633,1485,1.3459715639810426
1520,608,2128,2.5
2174,624,2798,3.483974358974359
2863,571,3434,5.014010507880911
3455,612,4067,5.645424836601308
4111,1016,5127,4.046259842519685
136,155,291,0.8774193548387097
386,420,806,0.919047619047619
840,555,1395,1.5135135135135136
39,374,413,0.1042780748663101
616,246,862,2.5040650406504064
1381,747,2128,1.848728246318608
2148,469,2617,4.57995735607676
2640,225,2865,11.733333333333333
2885,563,3448,5.124333925399645
3527,342,3869,10.312865497076023
3984,603,4587,6.606965174129353
4640,599,5239,7.746243739565943
5260,609,5869,8.637110016420362
5893,377,6270,15.63129973474801
6417,286,6703,22.437062937062937
6938,365,7303,19.008219178082197
7452,315,7767,23.65714285714286
207,607,814,0.3410214168039538
833,129,962,6.457364341085271
2202,438,2640,5.027397260273973
90,781,871,0.115236875800256
882,485,1367,1.818556701030928
2752,840,3592,3.276190476190476
3613,567,4180,6.372134038800706
4206,464,4670,9.064655172413794
4695,496,5191,9.465725806451612
35,682,717,0.0513196480938416
728,834,1562,0.8729016786570744
1573,560,2133,2.8089285714285714
24,42,66,0.5714285714285714
86,89,175,0.9662921348314608
213,268,481,0.7947761194029851
585,545,1130,1.073394495412844
1219,564,1783,2.1613475177304964
2037,417,2454,4.884892086330935
2554,568,3122,4.496478873239437
3266,583,3849,5.602058319039451
4025,848,4873,4.746462264150943
4946,736,5682,6.720108695652174
5734,859,6593,6.675203725261932
6651,756,7407,8.797619047619047
13,3,16,4.333333333333333
1195,494,1689,2.419028340080972
1737,602,2339,2.8853820598006643
2400,439,2839,5.466970387243736
151,786,937,0.1921119592875318
958,812,1770,1.179802955665025
1795,891,2686,2.014590347923681
2698,297,2995,9.084175084175085
3008,244,3252,12.327868852459016
2,24,26,0.0833333333333333
95,3,98,31.666666666666668
4758,716,5474,6.645251396648045
5642,11,5653,512.9090909090909
5661,960,6621,5.896875
1022,785,1807,1.3019108280254776
2160,811,2971,2.6633785450061653
3136,669,3805,4.687593423019432
3900,858,4758,4.545454545454546
4760,422,5182,11.27962085308057
23,124,147,0.1854838709677419
187,136,323,1.375
383,143,526,2.6783216783216783
544,164,708,3.317073170731707
111,598,709,0.1856187290969899
729,287,1016,2.5400696864111496
187,110,297,1.7
311,79,390,3.9367088607594938
399,53,452,7.528301886792453
468,79,547,5.924050632911392
564,68,632,8.294117647058824
656,74,730,8.864864864864865
753,92,845,8.184782608695652
860,79,939,10.886075949367088
1127,108,1235,10.435185185185183
1277,340,1617,3.755882352941176
1620,46,1666,35.21739130434783
20,414,434,0.0483091787439613
495,649,1144,0.7627118644067796
1221,721,1942,1.6934812760055478
1960,465,2425,4.21505376344086
2440,503,2943,4.850894632206759
2961,546,3507,5.423076923076923
3520,539,4059,6.530612244897959
4125,573,4698,7.198952879581152
51,1023,1074,0.0498533724340175
214,887,1101,0.2412626832018038
1155,276,1431,4.184782608695652
1539,942,2481,1.6337579617834397
2568,882,3450,2.9115646258503403
3476,614,4090,5.661237785016287
4131,102,4233,40.5
4294,660,4954,6.506060606060606
4987,698,5685,7.144699140401146
5714,312,6026,18.31410256410257
6076,296,6372,20.527027027027028
6418,418,6836,15.354066985645932
6858,296,7154,23.16891891891892
7194,212,7406,33.93396226415094
36,1022,1058,0.035225048923679
1069,340,1409,3.1441176470588235
4197,427,4624,9.82903981264637
5176,232,5408,22.310344827586206
6891,274,7165,25.14963503649635
7457,164,7621,45.46951219512195
76,557,633,0.1364452423698384
644,11,655,58.54545454545455
143,616,759,0.2321428571428571
781,334,1115,2.338323353293413
1130,446,1576,2.533632286995516
1584,646,2230,2.4520123839009287
2268,129,2397,17.58139534883721
2414,73,2487,33.06849315068493
34,60,94,0.5666666666666667
1092,629,1721,1.7360890302066774
1741,148,1889,11.763513513513514
1960,151,2111,12.980132450331126
2144,50,2194,42.88
2226,426,2652,5.225352112676056
2670,169,2839,15.798816568047338
2860,164,3024,17.4390243902439
3052,250,3302,12.208
3311,421,3732,7.864608076009501
3762,592,4354,6.35472972972973
4520,494,5014,9.149797570850202
5024,602,5626,8.345514950166113
5767,618,6385,9.331715210355988
208,712,920,0.2921348314606741
20,947,967,0.0211193241816261
8,225,233,0.0355555555555555
265,450,715,0.5888888888888889
723,223,946,3.242152466367713
978,478,1456,2.0460251046025104
1464,268,1732,5.462686567164179
1764,474,2238,3.721518987341772
2246,477,2723,4.708595387840671
2755,490,3245,5.622448979591836
3253,420,3673,7.745238095238095
3705,504,4209,7.351190476190476
4217,418,4635,10.088516746411484
4642,309,4951,15.022653721682849
4961,579,5540,8.568221070811745
5556,498,6054,11.156626506024097
11,93,104,0.1182795698924731
112,129,241,0.8682170542635659
257,168,425,1.5297619047619049
453,392,845,1.155612244897959
863,431,1294,2.0023201856148494
1343,765,2108,1.7555555555555555
2145,802,2947,2.674563591022444
456,873,1329,0.5223367697594502
1334,907,2241,1.4707828004410144
2246,890,3136,2.523595505617977
3141,940,4081,3.3414893617021275
4086,872,4958,4.685779816513762
4963,535,5498,9.276635514018691
72,367,439,0.1961852861035422
441,302,743,1.4602649006622517
415,373,788,1.1126005361930296
793,379,1172,2.0923482849604222
77,549,626,0.1402550091074681
21,531,552,0.03954802259887
2148,966,3114,2.2236024844720497
5571,953,6524,5.845750262329486
24,948,972,0.0253164556962025
140,459,599,0.3050108932461873
231,535,766,0.4317757009345794
1119,666,1785,1.68018018018018
1831,769,2600,2.3810143042912872
2892,473,3365,6.114164904862579
3394,111,3505,30.576576576576574
3547,941,4488,3.769394261424017
4531,945,5476,4.794708994708995
5490,372,5862,14.758064516129032
5896,925,6821,6.374054054054054
6900,934,7834,7.387580299785867
167,55,222,3.036363636363636
229,86,315,2.6627906976744184
331,99,430,3.3434343434343434
13,465,478,0.0279569892473118
528,632,1160,0.8354430379746836
1205,558,1763,2.1594982078853047
3954,156,4110,25.346153846153847
353,238,591,1.4831932773109244
610,392,1002,1.5561224489795915
366,31,397,11.806451612903226
406,59,465,6.88135593220339
476,66,542,7.212121212121212
31,279,310,0.1111111111111111
329,352,681,0.9346590909090908
713,442,1155,1.6131221719457014
1226,477,1703,2.570230607966457
1747,376,2123,4.6462765957446805
53,622,675,0.085209003215434
719,567,1286,1.2680776014109347
1345,823,2168,1.6342648845686514
2259,829,3088,2.72496984318456
3163,545,3708,5.803669724770642
2168,468,2636,4.632478632478633
2660,834,3494,3.1894484412470026
3528,584,4112,6.041095890410959
4136,446,4582,9.27354260089686
4646,1011,5657,4.595450049455984
5659,203,5862,27.876847290640395
5887,975,6862,6.037948717948718
6864,203,7067,33.8128078817734
7076,557,7633,12.703770197486534
54,167,221,0.3233532934131736
382,523,905,0.7304015296367112
938,594,1532,1.5791245791245792
1574,640,2214,2.459375
2244,651,2895,3.447004608294931
3057,671,3728,4.555886736214605
42,479,521,0.0876826722338204
558,572,1130,0.9755244755244756
18,75,93,0.24
3851,828,4679,4.650966183574879
6019,750,6769,8.025333333333334
6893,851,7744,8.09988249118684
343,11,354,31.181818181818183
371,152,523,2.4407894736842106
694,723,1417,0.9598893499308436
1470,568,2038,2.5880281690140845
2085,404,2489,5.160891089108911
2585,551,3136,4.691470054446461
3154,775,3929,4.069677419354838
1519,230,1749,6.604347826086957
1790,554,2344,3.2310469314079424
2356,912,3268,2.583333333333333
4348,992,5340,4.383064516129032
15,172,187,0.0872093023255814
557,401,958,1.3890274314214464
972,591,1563,1.6446700507614214
1583,160,1743,9.89375
1839,531,2370,3.463276836158192
2463,821,3284,3.0
3872,156,4028,24.82051282051282
370,880,1250,0.4204545454545454
1284,526,1810,2.44106463878327
82,445,527,0.1842696629213483
542,339,881,1.59882005899705
900,766,1666,1.174934725848564
1686,464,2150,3.6336206896551726
2163,663,2826,3.262443438914027
2841,793,3634,3.5825977301387137
3651,871,4522,4.191733639494833
4549,488,5037,9.32172131147541
535,62,597,8.629032258064516
196,573,769,0.3420593368237347
80,617,697,0.1296596434359805
708,425,1133,1.6658823529411764
1162,461,1623,2.5206073752711498
1646,270,1916,6.0962962962962965
1947,316,2263,6.161392405063292
2286,249,2535,9.180722891566266
2553,456,3009,5.598684210526316
3087,777,3864,3.972972972972973
3942,651,4593,6.055299539170507
4713,112,4825,42.080357142857146
4992,626,5618,7.97444089456869
55,730,785,0.0753424657534246
824,748,1572,1.1016042780748665
1606,484,2090,3.3181818181818183
2098,511,2609,4.105675146771037
2617,480,3097,5.452083333333333
3105,387,3492,8.023255813953488
16,372,388,0.043010752688172
19,487,506,0.0390143737166324
516,565,1081,0.913274336283186
1098,590,1688,1.8610169491525423
28,247,275,0.1133603238866396
136,706,842,0.1926345609065155
904,786,1690,1.1501272264631044
1701,794,2495,2.1423173803526447
2523,700,3223,3.604285714285714
3247,629,3876,5.162162162162162
3983,776,4759,5.132731958762887
4805,537,5342,8.947858472998139
5385,498,5883,10.813253012048191
5906,644,6550,9.170807453416147
6589,661,7250,9.96822995461422
60,579,639,0.1036269430051813
686,645,1331,1.0635658914728685
1350,363,1713,3.71900826446281
1729,542,2271,3.190036900369004
2296,431,2727,5.327146171693736
2747,524,3271,5.24236641221374
19,355,374,0.0535211267605633
47,88,135,0.5340909090909091
148,38,186,3.8947368421052633
215,23,238,9.347826086956522
264,46,310,5.739130434782608
350,76,426,4.605263157894737
543,67,610,8.104477611940299
645,81,726,7.962962962962963
734,129,863,5.689922480620155
868,111,979,7.81981981981982
1013,133,1146,7.616541353383458
1176,140,1316,8.4
1338,273,1611,4.9010989010989015
1651,108,1759,15.287037037037036
1793,100,1893,17.93
1895,70,1965,27.071428571428573
1970,42,2012,46.90476190476191
2032,68,2100,29.88235294117647
2111,77,2188,27.415584415584416
2194,43,2237,51.02325581395349
2263,34,2297,66.55882352941177
2326,59,2385,39.42372881355932
2391,46,2437,51.97826086956522
2453,70,2523,35.042857142857144
2536,59,2595,42.983050847457626
2601,79,2680,32.9240506329114
2711,67,2778,40.46268656716418
2804,52,2856,53.92307692307692
2884,54,2938,53.407407407407405
2945,59,3004,49.91525423728814
3020,53,3073,56.9811320754717
3092,86,3178,35.95348837209303
3187,87,3274,36.63218390804597
3288,288,3576,11.416666666666666
98,790,888,0.1240506329113924
929,694,1623,1.3386167146974064
1700,802,2502,2.119700748129676
2648,871,3519,3.040183696900115
3613,844,4457,4.280805687203792
4483,747,5230,6.001338688085676
28,618,646,0.0453074433656957
655,463,1118,1.4146868250539957
53,441,494,0.1201814058956916
76,283,359,0.2685512367491166
574,251,825,2.2868525896414345
887,521,1408,1.7024952015355086
1542,935,2477,1.6491978609625668
107,922,1029,0.1160520607375271
1093,49,1142,22.306122448979597
1254,842,2096,1.489311163895487
2142,826,2968,2.593220338983051
3012,835,3847,3.607185628742515
3876,448,4324,8.651785714285714
4386,883,5269,4.967157417893545
5293,589,5882,8.986417657045841
5919,271,6190,21.84132841328413
107,364,471,0.2939560439560439
479,430,909,1.113953488372093
975,385,1360,2.5324675324675323
51,158,209,0.3227848101265823
843,733,1576,1.150068212824011
1844,727,2571,2.536451169188445
2598,718,3316,3.618384401114206
100,669,769,0.1494768310911808
887,557,1444,1.59245960502693
1522,526,2048,2.893536121673004
232,285,517,0.8140350877192982
56,417,473,0.1342925659472422
485,398,883,1.2185929648241205
899,703,1602,1.278805120910384
1621,783,2404,2.070242656449553
2420,420,2840,5.761904761904762
2857,585,3442,4.883760683760684
3460,495,3955,6.98989898989899
3980,487,4467,8.172484599589323
4490,609,5099,7.372742200328407
5119,733,5852,6.98362892223738
5864,843,6707,6.956109134045077
6709,872,7581,7.693807339449541
7597,388,7985,19.579896907216494
280,405,685,0.691358024691358
703,425,1128,1.6541176470588237
1140,432,1572,2.638888888888889
1627,443,2070,3.672686230248307
2109,463,2572,4.555075593952484
2658,424,3082,6.268867924528302
43,817,860,0.0526315789473684
13,461,474,0.0281995661605206
509,78,587,6.5256410256410255
683,970,1653,0.7041237113402062
1661,671,2332,2.4754098360655736
21,327,348,0.0642201834862385
351,338,689,1.0384615384615383
153,929,1082,0.1646932185145317
1088,461,1549,2.3600867678958783
42,92,134,0.4565217391304347
157,320,477,0.490625
509,212,721,2.400943396226415
39,520,559,0.075
620,284,904,2.183098591549296
10,810,820,0.0123456790123456
38,593,631,0.0640809443507588
654,351,1005,1.8632478632478635
1072,928,2000,1.1551724137931034
2108,496,2604,4.25
2630,363,2993,7.245179063360881
3004,286,3290,10.503496503496503
3344,415,3759,8.057831325301205
4015,740,4755,5.425675675675675
4883,634,5517,7.701892744479495
5540,784,6324,7.066326530612245
6444,755,7199,8.535099337748344
7214,535,7749,13.48411214953271
7761,334,8095,23.236526946107784
5,96,101,0.0520833333333333
42,354,396,0.1186440677966101
422,240,662,1.7583333333333333
1538,382,1920,4.026178010471204
2018,554,2572,3.642599277978339
535,290,825,1.8448275862068968
1360,308,1668,4.415584415584416
85,669,754,0.1270553064275037
389,224,613,1.7366071428571428
629,209,838,3.0095693779904304
845,168,1013,5.029761904761905
1027,196,1223,5.239795918367347
1230,132,1362,9.318181818181818
1376,205,1581,6.712195121951219
1588,193,1781,8.2279792746114
1997,277,2274,7.209386281588448
2293,242,2535,9.475206611570249
52,660,712,0.0787878787878787
752,950,1702,0.791578947368421
1734,494,2228,3.5101214574898787
2240,690,2930,3.246376811594203
232,227,459,1.0220264317180616
537,282,819,1.904255319148936
847,337,1184,2.513353115727003
1266,356,1622,3.556179775280899
1667,389,2056,4.285347043701799
2081,421,2502,4.942992874109264
2516,383,2899,6.569190600522194
2965,285,3250,10.403508771929824
3311,317,3628,10.444794952681388
3702,300,4002,12.34
4088,292,4380,14.0
4410,321,4731,13.738317757009346
4797,287,5084,16.714285714285715
5107,341,5448,14.976539589442815
5466,299,5765,18.2809364548495
5799,283,6082,20.49116607773852
6181,344,6525,17.968023255813954
6559,316,6875,20.75632911392405
7001,349,7350,20.060171919770774
7379,329,7708,22.428571428571427
81,920,1001,0.0880434782608695
1008,438,1446,2.3013698630136985
1513,667,2180,2.2683658170914542
2308,904,3212,2.5530973451327434
3421,934,4355,3.6627408993576016
4362,938,5300,4.650319829424307
5307,513,5820,10.34502923976608
5907,875,6782,6.750857142857143
6789,465,7254,14.6
7313,722,8035,10.128808864265928
91,243,334,0.3744855967078189
534,620,1154,0.8612903225806452
410,74,484,5.54054054054054
517,564,1081,0.9166666666666666
1098,767,1865,1.4315514993481095
1646,600,2246,2.743333333333333
12,690,702,0.017391304347826
131,427,558,0.306791569086651
561,398,959,1.4095477386934674
962,391,1353,2.4603580562659846
1376,622,1998,2.212218649517685
2024,329,2353,6.151975683890577
2416,344,2760,7.023255813953488
2801,504,3305,5.557539682539683
3355,456,3811,7.357456140350878
3843,429,4272,8.958041958041958
4284,418,4702,10.248803827751196
4755,390,5145,12.192307692307692
5168,304,5472,17.0
5490,336,5826,16.339285714285715
6043,761,6804,7.940867279894875
6854,391,7245,17.529411764705884
7265,388,7653,18.72422680412371
2463,781,3244,3.1536491677336747
3273,833,4106,3.929171668667467
103,585,688,0.176068376068376
3564,2,3566,1782.0
3581,551,4132,6.499092558983666
4159,699,4858,5.949928469241774
160,72,232,2.2222222222222223
255,104,359,2.451923076923077
373,99,472,3.767676767676768
493,111,604,4.441441441441442
610,248,858,2.4596774193548385
864,246,1110,3.5121951219512195
1113,185,1298,6.0162162162162165
1312,125,1437,10.496
1443,96,1539,15.03125
1546,105,1651,14.723809523809525
1659,81,1740,20.48148148148148
1764,196,1960,9.0
2010,205,2215,9.804878048780488
10,313,323,0.0319488817891373
333,161,494,2.0683229813664594
504,334,838,1.5089820359281436
870,342,1212,2.543859649122807
21,411,432,0.0510948905109489
513,462,975,1.1103896103896105
999,735,1734,1.3591836734693878
1763,450,2213,3.917777777777778
2258,319,2577,7.078369905956113
2601,412,3013,6.313106796116505
3034,361,3395,8.404432132963988
3416,137,3553,24.934306569343065
114,855,969,0.1333333333333333
999,793,1792,1.2597730138713743
1818,768,2586,2.3671875
2607,1023,3630,2.548387096774193
18,246,264,0.073170731707317
777,16,793,48.5625
977,298,1275,3.278523489932886
702,15,717,46.8
988,620,1608,1.5935483870967742
30,962,992,0.0311850311850311
997,619,1616,1.6106623586429725
1620,303,1923,5.346534653465347
1939,797,2736,2.4328732747804267
2749,634,3383,4.33596214511041
21,496,517,0.0423387096774193
49,435,484,0.1126436781609195
523,61,584,8.573770491803279
633,488,1121,1.2971311475409837
1680,57,1737,29.473684210526315
1783,465,2248,3.8344086021505377
2524,240,2764,10.516666666666667
2773,47,2820,59.0
113,898,1011,0.1258351893095768
1051,749,1800,1.4032042723631508
802,748,1550,1.072192513368984
1562,919,2481,1.6996735582154516
2483,181,2664,13.718232044198896
30,323,353,0.0928792569659442
355,309,664,1.1488673139158576
666,107,773,6.224299065420561
45,92,137,0.4891304347826087
194,756,950,0.2566137566137566
965,794,1759,1.2153652392947103
1783,720,2503,2.4763888888888888
2511,734,3245,3.4209809264305178
3294,880,4174,3.743181818181818
4181,295,4476,14.172881355932205
4534,740,5274,6.127027027027027
5320,552,5872,9.63768115942029
5893,805,6698,7.320496894409938
6719,660,7379,10.18030303030303
29,606,635,0.0478547854785478
85,346,431,0.245664739884393
444,373,817,1.1903485254691688
819,350,1169,2.34
1171,177,1348,6.6158192090395485
1370,377,1747,3.6339522546419096
1749,317,2066,5.517350157728707
101,794,895,0.1272040302267002
915,771,1686,1.1867704280155642
1706,754,2460,2.2625994694960214
2585,782,3367,3.3056265984654734
3307,426,3733,7.762910798122066
3843,398,4241,9.655778894472364
4258,582,4840,7.316151202749141
125,806,931,0.1550868486352357
2112,641,2753,3.294851794071763
33,393,426,0.0839694656488549
453,450,903,1.0066666666666666
952,502,1454,1.8964143426294824
34,682,716,0.0498533724340175
805,985,1790,0.817258883248731
1878,1006,2884,1.866799204771372
2902,945,3847,3.070899470899471
3886,922,4808,4.214750542299349
4841,924,5765,5.239177489177489
5810,975,6785,5.958974358974359
29,823,852,0.0352369380315917
863,848,1711,1.017688679245283
1731,736,2467,2.3519021739130435
2534,814,3348,3.113022113022113
3359,717,4076,4.684797768479777
4114,242,4356,17.0
4398,176,4574,24.988636363636363
4621,642,5263,7.197819314641745
21,247,268,0.0850202429149797
44,858,902,0.0512820512820512
932,680,1612,1.3705882352941177
1635,530,2165,3.0849056603773586
2202,785,2987,2.8050955414012737
1874,639,2513,2.932707355242566
46,577,623,0.0797227036395147
23,428,451,0.0537383177570093
256,776,1032,0.3298969072164948
1160,470,1630,2.4680851063829787
1680,105,1785,16.0
1815,241,2056,7.531120331950207
150,195,345,0.7692307692307693
441,187,628,2.358288770053476
69,563,632,0.1225577264653641
652,426,1078,1.5305164319248827
1097,412,1509,2.662621359223301
45,467,512,0.0963597430406852
893,883,1776,1.0113250283125708
58,657,715,0.0882800608828006
108,85,193,1.2705882352941176
24,342,366,0.0701754385964912
380,321,701,1.1838006230529594
230,953,1183,0.2413431269674711
51,947,998,0.0538542766631467
1263,618,1881,2.0436893203883497
2018,519,2537,3.888246628131021
2667,484,3151,5.510330578512397
3199,457,3656,7.0
3731,458,4189,8.146288209606986
4568,827,5395,5.523579201934703
5474,764,6238,7.164921465968586
6294,449,6743,14.01781737193764
6859,411,7270,16.688564476885645
7343,419,7762,17.525059665871122
12,267,279,0.0449438202247191
306,413,719,0.7409200968523002
774,439,1213,1.7630979498861048
1255,557,1812,2.253141831238779
1874,422,2296,4.440758293838862
2320,780,3100,2.9743589743589745
3143,596,3739,5.273489932885906
3801,545,4346,6.9743119266055045
4370,109,4479,40.091743119266056
17,262,279,0.0648854961832061
316,861,1177,0.3670150987224158
1192,681,1873,1.750367107195301
1918,733,2651,2.616643929058663
2676,308,2984,8.688311688311689
884,84,968,10.523809523809524
67,478,545,0.1401673640167364
560,456,1016,1.2280701754385963
44,504,548,0.0873015873015873
559,426,985,1.312206572769953
996,243,1239,4.098765432098766
1268,820,2088,1.5463414634146342
16,892,908,0.0179372197309417
974,974,1948,1.0
22,312,334,0.0705128205128205
342,830,1172,0.4120481927710843
1324,861,2185,1.537746806039489
2229,918,3147,2.4281045751633985
3218,858,4076,3.750582750582751
4218,822,5040,5.131386861313868
5102,982,6084,5.19551934826884
6092,823,6915,7.402187120291616
209,813,1022,0.2570725707257073
1028,604,1632,1.7019867549668874
1724,800,2524,2.155
203,908,1111,0.2235682819383259
1119,609,1728,1.8374384236453205
2511,912,3423,2.7532894736842106
3431,884,4315,3.8812217194570136
4321,855,5176,5.053801169590643
5392,909,6301,5.931793179317932
6309,958,7267,6.585594989561587
1973,677,2650,2.914327917282127
7320,414,7734,17.681159420289855
62,303,365,0.2046204620462046
393,200,593,1.965
605,332,937,1.822289156626506
1005,443,1448,2.2686230248307
1469,721,2190,2.0374479889043
2219,467,2686,4.751605995717345
56,809,865,0.069221260815822
906,520,1426,1.7423076923076923
39,371,410,0.105121293800539
432,351,783,1.2307692307692308
1478,292,1770,5.061643835616438
1779,341,2120,5.217008797653959
2411,788,3199,3.0596446700507616
3233,872,4105,3.7075688073394497
4160,796,4956,5.226130653266332
4968,907,5875,5.477398015435502
5887,972,6859,6.056584362139918
6885,1003,7888,6.864406779661017
105,863,968,0.1216685979142526
998,39,1037,25.58974358974359
1049,202,1251,5.193069306930693
1336,917,2253,1.4569247546346784
2261,364,2625,6.211538461538462
2691,746,3437,3.6072386058981234
6434,851,7285,7.560517038777908
7324,245,7569,29.89387755102041
7613,81,7694,93.98765432098766
781,590,1371,1.323728813559322
1747,202,1949,8.648514851485148
3207,475,3682,6.751578947368421
9,57,66,0.1578947368421052
71,137,208,0.5182481751824818
1248,1008,2256,1.238095238095238
2259,220,2479,10.268181818181818
2483,131,2614,18.95419847328244
2630,503,3133,5.228628230616303
769,30,799,25.633333333333333
14,191,205,0.0732984293193717
3769,339,4108,11.117994100294986
4130,268,4398,15.41044776119403
4413,552,4965,7.994565217391305
4974,503,5477,9.888667992047711
5522,60,5582,92.03333333333332
6156,918,7074,6.705882352941177
7101,262,7363,27.103053435114504
486,779,1265,0.6238767650834403
35,452,487,0.077433628318584
495,410,905,1.2073170731707317
216,300,516,0.72
521,289,810,1.8027681660899653
1139,253,1392,4.5019762845849804
1397,264,1661,5.291666666666667
1667,330,1997,5.051515151515152
2002,198,2200,10.11111111111111
2420,281,2701,8.612099644128113
2707,258,2965,10.492248062015504
2970,207,3177,14.347826086956522
3182,138,3320,23.057971014492757
99,350,449,0.2828571428571428
452,335,787,1.3492537313432835
790,336,1126,2.3511904761904763
45,329,374,0.1367781155015197
385,435,820,0.8850574712643678
836,600,1436,1.393333333333333
1455,394,1849,3.692893401015228
1891,632,2523,2.992088607594937
2536,631,3167,4.019017432646593
53,479,532,0.1106471816283924
47,731,778,0.0642954856361149
21,1002,1023,0.0209580838323353
442,584,1026,0.7568493150684932
1045,529,1574,1.9754253308128544
1676,490,2166,3.4204081632653063
2177,526,2703,4.138783269961977
2716,513,3229,5.294346978557505
3284,519,3803,6.327552986512524
3843,394,4237,9.753807106598984
4250,86,4336,49.41860465116279
4391,654,5045,6.7140672782874615
5070,340,5410,14.911764705882351
5458,974,6432,5.6036960985626285
6435,397,6832,16.209068010075566
6845,145,6990,47.206896551724135
7013,127,7140,55.22047244094488
7157,141,7298,50.75886524822696
7608,189,7797,40.25396825396825
76,533,609,0.1425891181988743
1130,615,1745,1.83739837398374
12,353,365,0.0339943342776204
367,259,626,1.416988416988417
73,70,143,1.042857142857143
159,89,248,1.7865168539325842
14,871,885,0.0160734787600459
898,837,1735,1.0728793309438471
2789,477,3266,5.846960167714885
2106,598,2704,3.5217391304347827
3108,6,3114,518.0
4600,810,5410,5.679012345679013
353,249,602,1.4176706827309238
616,300,916,2.053333333333333
237,74,311,3.202702702702702
331,110,441,3.0090909090909093
562,231,793,2.432900432900433
840,122,962,6.885245901639344
976,93,1069,10.494623655913978
1165,123,1288,9.471544715447154
1359,229,1588,5.934497816593886
1615,136,1751,11.875
1816,136,1952,13.352941176470589
1962,115,2077,17.06086956521739
2092,245,2337,8.538775510204081
2349,140,2489,16.77857142857143
7,151,158,0.0463576158940397
194,566,760,0.342756183745583
874,455,1329,1.920879120879121
1470,341,1811,4.310850439882698
1998,394,2392,5.071065989847716
2563,826,3389,3.102905569007264
3447,330,3777,10.445454545454544
3807,82,3889,46.426829268292686
4048,365,4413,11.09041095890411
4625,437,5062,10.583524027459957
5188,265,5453,19.57735849056604
5744,574,6318,10.006968641114982
6470,240,6710,26.95833333333333
6866,671,7537,10.232488822652757
7622,236,7858,32.29661016949152
55,69,124,0.7971014492753623
448,554,1002,0.8086642599277978
1055,796,1851,1.3253768844221103
2165,452,2617,4.789823008849558
2827,262,3089,10.790076335877863
22,480,502,0.0458333333333333
26,836,862,0.0311004784688995
2041,1003,3044,2.0348953140578265
3049,465,3514,6.556989247311828
3573,911,4484,3.922063666300768
4543,960,5503,4.732291666666667
5562,905,6467,6.14585635359116
6539,723,7262,9.044260027662515
7349,704,8053,10.438920454545457
43,595,638,0.0722689075630252
22,112,134,0.1964285714285714
361,455,816,0.7934065934065934
73,486,559,0.1502057613168724
39,395,434,0.0987341772151898
49,636,685,0.0770440251572327
25,497,522,0.0503018108651911
541,438,979,1.235159817351598
1013,706,1719,1.434844192634561
1738,763,2501,2.2778505897771955
2516,379,2895,6.638522427440633
2907,579,3486,5.020725388601036
193,631,824,0.3058637083993661
832,538,1370,1.546468401486989
1471,78,1549,18.85897435897436
2163,735,2898,2.942857142857143
3136,85,3221,36.89411764705882
3351,95,3446,35.27368421052632
3528,303,3831,11.643564356435643
4309,312,4621,13.810897435897436
4629,396,5025,11.68939393939394
5114,264,5378,19.37121212121212
5386,329,5715,16.37082066869301
5723,166,5889,34.475903614457835
5923,496,6419,11.941532258064516
13,454,467,0.0286343612334801
473,62,535,7.629032258064516
544,346,890,1.5722543352601157
900,525,1425,1.7142857142857142
32,17,49,1.8823529411764703
1086,648,1734,1.6759259259259258
51,20,71,2.55
73,20,93,3.65
108,36,144,3.0
180,44,224,4.090909090909091
231,29,260,7.9655172413793105
281,33,314,8.515151515151516
354,70,424,5.057142857142857
437,39,476,11.205128205128204
515,90,605,5.722222222222222
633,441,1074,1.435374149659864
38,557,595,0.0682226211849192
660,423,1083,1.5602836879432624
1655,732,2387,2.260928961748634
29,589,618,0.0492359932088285
96,76,172,1.263157894736842
289,59,348,4.898305084745763
766,308,1074,2.487012987012987
1080,306,1386,3.5294117647058822
1392,192,1584,7.25
1689,293,1982,5.764505119453925
2100,297,2397,7.070707070707071
2403,222,2625,10.824324324324325
62,601,663,0.103161397670549
732,764,1496,0.9581151832460733
1511,68,1579,22.22058823529412
1619,523,2142,3.095602294455067
2210,650,2860,3.4
2938,676,3614,4.346153846153846
3650,536,4186,6.809701492537314
4197,418,4615,10.04066985645933
4618,367,4985,12.583106267029972
5000,95,5095,52.63157894736842
5135,390,5525,13.166666666666666
5528,309,5837,17.889967637540455
5841,76,5917,76.85526315789474
5922,136,6058,43.544117647058826
14,543,557,0.0257826887661141
1681,504,2185,3.3353174603174605
2188,524,2712,4.175572519083969
2715,523,3238,5.191204588910134
109,1001,1110,0.1088911088911089
1200,997,2197,1.2036108324974926
183,636,819,0.2877358490566037
822,418,1240,1.9665071770334928
1788,618,2406,2.8932038834951457
2409,607,3016,3.968698517298188
3019,636,3655,4.74685534591195
3658,372,4030,9.833333333333334
4033,552,4585,7.306159420289855
136,706,842,0.1926345609065155
904,786,1690,1.1501272264631044
1701,794,2495,2.1423173803526447
2523,700,3223,3.604285714285714
3247,629,3876,5.162162162162162
3983,776,4759,5.132731958762887
4805,537,5342,8.947858472998139
5385,498,5883,10.813253012048191
5906,644,6550,9.170807453416147
6589,661,7250,9.96822995461422
35,116,151,0.3017241379310345
193,113,306,1.7079646017699115
315,119,434,2.647058823529412
226,406,632,0.5566502463054187
640,408,1048,1.568627450980392
1056,417,1473,2.5323741007194243
1481,209,1690,7.086124401913875
1715,424,2139,4.044811320754717
2147,420,2567,5.1119047619047615
2575,389,2964,6.619537275064268
2972,453,3425,6.560706401766004
3433,220,3653,15.604545454545455
41,533,574,0.0769230769230769
594,652,1246,0.911042944785276
1281,605,1886,2.1173553719008265
684,673,1357,1.0163447251114412
1505,662,2167,2.273413897280967
2243,654,2897,3.429663608562691
2973,588,3561,5.056122448979592
3637,643,4280,5.656298600311042
4356,654,5010,6.660550458715596
5130,578,5708,8.875432525951558
5828,718,6546,8.116991643454039
6666,716,7382,9.310055865921788
8,41,49,0.1951219512195122
446,592,1038,0.7533783783783784
1067,600,1667,1.778333333333333
245,999,1244,0.2452452452452452
1269,414,1683,3.065217391304348
1717,811,2528,2.117139334155364
2579,364,2943,7.085164835164835
3038,492,3530,6.17479674796748
3549,590,4139,6.015254237288136
4899,581,5480,8.432013769363166
5494,579,6073,9.488773747841105
64,796,860,0.0804020100502512
62,665,727,0.0932330827067669
740,789,1529,0.9378960709759188
1643,464,2107,3.540948275862069
2122,649,2771,3.26964560862866
2903,766,3669,3.789817232375979
3718,491,4209,7.572301425661914
4251,143,4394,29.727272727272727
4481,14,4495,320.07142857142856
4582,164,4746,27.9390243902439
4757,7,4764,679.5714285714286
4773,676,5449,7.060650887573964
5469,396,5865,13.81060606060606
5915,213,6128,27.769953051643192
6144,316,6460,19.443037974683545
6472,245,6717,26.416326530612245
6730,435,7165,15.471264367816092
7192,498,7690,14.441767068273093
7784,257,8041,30.28793774319066
84,350,434,0.24
551,355,906,1.552112676056338
908,373,1281,2.4343163538873998
1330,378,1708,3.5185185185185186
1710,405,2115,4.222222222222222
84,517,601,0.1624758220502901
609,248,857,2.4556451612903225
863,323,1186,2.671826625386997
106,134,240,0.7910447761194029
41,142,183,0.2887323943661972
208,702,910,0.2962962962962963
934,954,1888,0.979035639412998
1917,957,2874,2.0031347962382444
2913,863,3776,3.3754345307068365
3823,812,4635,4.708128078817734
4672,671,5343,6.96274217585693
5380,627,6007,8.580542264752792
6045,816,6861,7.408088235294118
6915,760,7675,9.098684210526317
147,493,640,0.2981744421906693
737,491,1228,1.5010183299389002
1304,352,1656,3.704545454545455
9,236,245,0.0381355932203389
252,34,286,7.411764705882353
308,38,346,8.105263157894736
359,40,399,8.975
418,43,461,9.72093023255814
505,60,565,8.416666666666666
575,61,636,9.42622950819672
652,63,715,10.34920634920635
724,107,831,6.766355140186916
856,115,971,7.443478260869565
976,334,1310,2.9221556886227544
1327,495,1822,2.680808080808081
1837,510,2347,3.6019607843137256
2365,978,3343,2.418200408997955
3363,563,3926,5.973357015985791
3946,816,4762,4.83578431372549
4765,703,5468,6.778093883357041
5471,535,6006,10.226168224299066
6014,474,6488,12.68776371308017
6491,466,6957,13.929184549356224
6968,274,7242,25.43065693430657
37,582,619,0.063573883161512
1233,634,1867,1.944794952681388
1885,149,2034,12.651006711409396
2048,449,2497,4.5612472160356345
2613,24,2637,108.875
2752,628,3380,4.382165605095541
3391,973,4364,3.4850976361767727
4380,268,4648,16.34328358208955
4673,953,5626,4.903462749213012
5639,188,5827,29.99468085106383
5853,184,6037,31.80978260869565
6060,260,6320,23.307692307692307
6332,589,6921,10.750424448217318
89,838,927,0.1062052505966587
2549,697,3246,3.6571018651362985
4756,159,4915,29.91194968553459
4988,584,5572,8.54109589041096
622,624,1246,0.9967948717948718
1282,310,1592,4.135483870967742
1679,136,1815,12.345588235294118
1928,188,2116,10.25531914893617
12,382,394,0.031413612565445
404,733,1137,0.5511596180081856
54,167,221,0.3233532934131736
382,523,905,0.7304015296367112
938,594,1532,1.5791245791245792
1574,640,2214,2.459375
2244,651,2895,3.447004608294931
3057,671,3728,4.555886736214605
645,491,1136,1.3136456211812628
1639,399,2038,4.1077694235588975
2442,369,2811,6.617886178861789
3264,368,3632,8.869565217391305
3957,327,4284,12.10091743119266
4566,309,4875,14.776699029126211
5053,331,5384,15.265861027190333
5581,346,5927,16.13005780346821
2305,898,3203,2.566815144766147
3205,521,3726,6.151631477927063
3744,301,4045,12.438538205980066
4052,399,4451,10.155388471177943
4472,463,4935,9.658747300215984
4964,316,5280,15.708860759493673
5287,324,5611,16.317901234567902
6758,480,7238,14.079166666666667
7293,503,7796,14.499005964214712
368,56,424,6.571428571428571
3702,491,4193,7.539714867617108
4208,531,4739,7.9246704331450095
4742,519,5261,9.136801541425818
5336,246,5582,21.691056910569102
5750,438,6188,13.127853881278538
6205,398,6603,15.590452261306533
6619,867,7486,7.6343713956170705
28,576,604,0.0486111111111111
3542,541,4083,6.547134935304991
723,947,1670,0.7634635691657867
1678,3,1681,559.3333333333334
12,454,466,0.026431718061674
483,515,998,0.9378640776699028
1025,341,1366,3.005865102639296
1394,431,1825,3.234338747099768
1853,432,2285,4.289351851851852
2313,278,2591,8.320143884892087
2612,480,3092,5.441666666666666
95,766,861,0.1240208877284595
45,937,982,0.048025613660619
988,427,1415,2.3138173302107727
1428,458,1886,3.1179039301310043
1895,508,2403,3.730314960629921
24,656,680,0.0365853658536585
706,847,1553,0.833530106257379
3731,272,4003,13.716911764705882
5096,598,5694,8.521739130434783
5743,915,6658,6.276502732240437
6692,455,7147,14.707692307692309
7170,734,7904,9.768392370572206
7919,40,7959,197.975
51,384,435,0.1328125
457,251,708,1.8207171314741035
728,431,1159,1.6890951276102089
64,385,449,0.1662337662337662
492,309,801,1.5922330097087378
826,264,1090,3.128787878787879
1107,291,1398,3.804123711340206
1408,243,1651,5.794238683127572
1668,55,1723,30.327272727272728
117,158,275,0.740506329113924
292,426,718,0.6854460093896714
771,584,1355,1.3202054794520548
1415,849,2264,1.6666666666666667
24,523,547,0.0458891013384321
114,254,368,0.4488188976377952
241,185,426,1.3027027027027027
102,68,170,1.5
272,54,326,5.037037037037037
461,119,580,3.8739495798319328
623,367,990,1.6975476839237058
1201,376,1577,3.1941489361702127
1611,358,1969,4.5
1987,257,2244,7.731517509727626
2288,102,2390,22.431372549019606
2530,174,2704,14.540229885057473
2726,68,2794,40.088235294117645
2979,272,3251,10.952205882352942
22,928,950,0.0237068965517241
38,633,671,0.0600315955766192
1093,301,1394,3.631229235880399
1406,307,1713,4.579804560260587
1717,69,1786,24.88405797101449
1107,795,1902,1.3924528301886792
16,41,57,0.3902439024390244
15,277,292,0.0541516245487364
76,760,836,0.1
368,56,424,6.571428571428571
3702,491,4193,7.539714867617108
4208,531,4739,7.9246704331450095
4742,519,5261,9.136801541425818
5336,246,5582,21.691056910569102
5750,438,6188,13.127853881278538
6205,398,6603,15.590452261306533
6619,867,7486,7.6343713956170705
1475,605,2080,2.43801652892562
4965,326,5291,15.230061349693251
17,606,623,0.028052805280528
637,819,1456,0.7777777777777778
3910,888,4798,4.403153153153153
4800,868,5668,5.529953917050691
5681,12,5693,473.4166666666667
5716,478,6194,11.9581589958159
6196,431,6627,14.375870069605568
6638,335,6973,19.81492537313433
136,544,680,0.25
760,500,1260,1.52
1288,334,1622,3.856287425149701
1634,253,1887,6.458498023715415
9,57,66,0.1578947368421052
71,137,208,0.5182481751824818
1248,1008,2256,1.238095238095238
2259,220,2479,10.268181818181818
2483,131,2614,18.95419847328244
2630,503,3133,5.228628230616303
3179,201,3380,15.81592039800995
3399,57,3456,59.63157894736842
3506,851,4357,4.119858989424207
4410,249,4659,17.710843373493976
4679,687,5366,6.810771470160116
5385,223,5608,24.14798206278027
5632,288,5920,19.55555555555556
5949,853,6802,6.974208675263775
6804,859,7663,7.920838183934808
699,994,1693,0.7032193158953722
2834,952,3786,2.976890756302521
3794,986,4780,3.847870182555781
4788,597,5385,8.020100502512562
721,447,1168,1.6129753914988814
1519,523,2042,2.904397705544933
2111,7,2118,301.57142857142856
2841,464,3305,6.122844827586207
3656,542,4198,6.745387453874539
4267,7,4274,609.5714285714286
210,312,522,0.6730769230769231
821,488,1309,1.6823770491803278
193,874,1067,0.2208237986270023
1296,611,1907,2.121112929623568
120,98,218,1.2244897959183674
235,308,543,0.762987012987013
569,454,1023,1.253303964757709
1046,419,1465,2.496420047732697
1480,355,1835,4.169014084507042
1846,437,2283,4.224256292906179
2314,489,2803,4.732106339468302
2871,579,3450,4.958549222797927
3474,489,3963,7.104294478527607
3976,386,4362,10.300518134715023
4375,379,4754,11.54353562005277
4939,653,5592,7.563552833078101
5690,456,6146,12.478070175438596
6335,487,6822,13.008213552361395
6883,334,7217,20.607784431137723
7245,277,7522,26.15523465703971
7701,225,7926,34.22666666666667
61,105,166,0.580952380952381
171,96,267,1.78125
275,168,443,1.636904761904762
1773,956,2729,1.854602510460251
2732,433,3165,6.309468822170901
3238,966,4204,3.351966873706004
4207,553,4760,7.6075949367088604
4772,883,5655,5.404303510758777
5657,489,6146,11.568507157464213
6155,883,7038,6.970554926387316
7048,507,7555,13.90138067061144
1329,446,1775,2.9798206278026904
50,81,131,0.6172839506172839
49,118,167,0.4152542372881356
1723,416,2139,4.141826923076923
2170,179,2349,12.12290502793296
2358,328,2686,7.189024390243903
2723,109,2832,24.98165137614679
2865,353,3218,8.11614730878187
3235,178,3413,18.174157303370787
3426,229,3655,14.960698689956333
3682,381,4063,9.664041994750656
4071,189,4260,21.53968253968254
4278,259,4537,16.517374517374517
4553,228,4781,19.969298245614038
4798,233,5031,20.59227467811159
5039,258,5297,19.531007751937985
5321,164,5485,32.44512195121951
5494,228,5722,24.09649122807017
5732,249,5981,23.02008032128514
5997,320,6317,18.740625
6358,328,6686,19.384146341463413
6701,414,7115,16.185990338164252
7148,274,7422,26.087591240875916
7435,272,7707,27.334558823529413
7741,260,8001,29.773076923076925
202,966,1168,0.2091097308488612
1220,963,2183,1.2668743509865006
2291,903,3194,2.5370985603543743
46,690,736,0.0666666666666666
74,369,443,0.2005420054200542
105,9,114,11.666666666666666
1980,367,2347,5.395095367847412
2349,111,2460,21.16216216216216
5284,287,5571,18.411149825783973
5574,37,5611,150.64864864864865
39,86,125,0.4534883720930232
199,251,450,0.7928286852589641
468,215,683,2.176744186046512
942,356,1298,2.646067415730337
1439,340,1779,4.232352941176471
830,71,901,11.690140845070422
2127,86,2213,24.732558139534884
2307,86,2393,26.82558139534884
2413,425,2838,5.6776470588235295
2898,622,3520,4.659163987138264
3590,660,4250,5.4393939393939394
4636,703,5339,6.594594594594595
5786,150,5936,38.57333333333333
6419,166,6585,38.66867469879518
6996,153,7149,45.72549019607843
7217,889,8106,8.118110236220472
159,964,1123,0.1649377593360995
1130,990,2120,1.1414141414141414
2127,990,3117,2.1484848484848484
3125,415,3540,7.530120481927711
35,147,182,0.238095238095238
38,715,753,0.0531468531468531
115,952,1067,0.1207983193277311
1891,849,2740,2.227326266195524
2796,947,3743,2.9524815205913413
3755,102,3857,36.81372549019608
3952,694,4646,5.694524495677234
4700,725,5425,6.482758620689655
5446,34,5480,160.1764705882353
22,634,656,0.0347003154574132
667,413,1080,1.6150121065375302
1095,693,1788,1.58008658008658
1826,988,2814,1.8481781376518216
2820,444,3264,6.351351351351352
3293,345,3638,9.544927536231883
3668,604,4272,6.072847682119205
4317,462,4779,9.344155844155845
4832,248,5080,19.483870967741936
5099,681,5780,7.487518355359765
5794,212,6006,27.33018867924528
6026,127,6153,47.44881889763779
14,382,396,0.0366492146596858
249,443,692,0.5620767494356659
694,365,1059,1.9013698630136984
1086,452,1538,2.402654867256637
1563,154,1717,10.14935064935065
1769,369,2138,4.794037940379404
2167,622,2789,3.483922829581993
2816,465,3281,6.055913978494623
3302,470,3772,7.025531914893617
3774,394,4168,9.578680203045684
4266,626,4892,6.814696485623003
4951,457,5408,10.833698030634574
5410,366,5776,14.781420765027322
461,946,1407,0.4873150105708245
1410,182,1592,7.747252747252747
75,679,754,0.1104565537555228
828,760,1588,1.0894736842105264
1646,773,2419,2.129366106080207
2438,596,3034,4.090604026845638
3061,105,3166,29.152380952380952
3207,926,4133,3.463282937365011
4156,567,4723,7.329805996472663
4742,385,5127,12.316883116883115
5140,306,5446,16.797385620915033
5466,318,5784,17.18867924528302
36,377,413,0.0954907161803713
15,456,471,0.0328947368421052
116,397,513,0.2921914357682619
515,352,867,1.463068181818182
869,302,1171,2.877483443708609
1182,227,1409,5.20704845814978
1491,351,1842,4.247863247863248
1865,517,2382,3.607350096711799
2412,403,2815,5.9851116625310175
146,688,834,0.2122093023255813
107,331,438,0.323262839879154
453,293,746,1.546075085324232
31,849,880,0.0365135453474676
894,411,1305,2.1751824817518246
1320,403,1723,3.2754342431761785
1735,398,2133,4.35929648241206
2147,394,2541,5.449238578680203
2550,979,3529,2.6046986721144023
3560,551,4111,6.460980036297641
4125,723,4848,5.7053941908713695
6688,278,6966,24.05755395683453
75,983,1058,0.0762970498474059
75,1015,1090,0.0738916256157635
1124,439,1563,2.560364464692483
28,52,80,0.5384615384615384
386,498,884,0.7751004016064257
956,572,1528,1.6713286713286712
1554,125,1679,12.432
1686,62,1748,27.193548387096776
11,430,441,0.0255813953488372
3000,685,3685,4.37956204379562
69,290,359,0.2379310344827586
392,330,722,1.187878787878788
830,355,1185,2.3380281690140845
1191,416,1607,2.862980769230769
105,505,610,0.2079207920792079
692,125,817,5.536
879,615,1494,1.4292682926829268
31,322,353,0.0962732919254658
708,556,1264,1.2733812949640289
4282,9,4291,475.77777777777777
7691,9,7700,854.5555555555555
22,909,931,0.0242024202420242
22,673,695,0.0326894502228826
744,900,1644,0.8266666666666667
1662,937,2599,1.7737459978655283
2619,784,3403,3.340561224489796
3423,945,4368,3.6222222222222222
90,125,215,0.72
225,125,350,1.8
365,347,712,1.0518731988472625
726,286,1012,2.5384615384615383
11,151,162,0.0728476821192053
172,207,379,0.8309178743961353
408,526,934,0.7756653992395437
947,214,1161,4.425233644859813
1175,481,1656,2.442827442827443
1679,531,2210,3.1619585687382297
2249,249,2498,9.032128514056224
2517,227,2744,11.088105726872246
2785,363,3148,7.672176308539945
485,3,488,161.66666666666666
1835,3,1838,611.6666666666666
3024,2,3026,1512.0
5655,243,5898,23.271604938271604
5950,288,6238,20.65972222222222
6240,91,6331,68.57142857142857
3010,648,3658,4.645061728395062
4239,730,4969,5.806849315068493
5036,401,5437,12.55860349127182
191,440,631,0.4340909090909091
652,193,845,3.378238341968912
899,505,1404,1.7801980198019802
1430,454,1884,3.149779735682819
1964,518,2482,3.791505791505792
2711,720,3431,3.765277777777778
3461,464,3925,7.459051724137931
3985,527,4512,7.561669829222011
4585,382,4967,12.00261780104712
4976,209,5185,23.80861244019139
5201,288,5489,18.05902777777778
5504,557,6061,9.881508078994614
6107,539,6646,11.330241187384043
6656,598,7254,11.130434782608695
7375,623,7998,11.837881219903691
44,74,118,0.5945945945945946
134,66,200,2.0303030303030303
212,92,304,2.3043478260869565
328,324,652,1.0123456790123455
667,494,1161,1.3502024291497976
10,415,425,0.0240963855421686
48,38,86,1.263157894736842
85,682,767,0.1246334310850439
787,751,1538,1.047936085219707
1552,487,2039,3.186858316221766
217,395,612,0.549367088607595
646,475,1121,1.36
2059,704,2763,2.924715909090909
4660,161,4821,28.944099378881987
21,386,407,0.0544041450777202
93,928,1021,0.1002155172413793
1030,875,1905,1.177142857142857
22,477,499,0.0461215932914046
19,265,284,0.0716981132075471
313,287,600,1.0905923344947734
618,425,1043,1.4541176470588235
51,500,551,0.102
716,329,1045,2.17629179331307
1175,706,1881,1.6643059490084986
1891,982,2873,1.925661914460285
3289,922,4211,3.567245119305857
4248,318,4566,13.358490566037736
4571,417,4988,10.961630695443644
5098,621,5719,8.209339774557165
6792,44,6836,154.36363636363637
4090,578,4668,7.076124567474048
13,365,378,0.0356164383561643
384,46,430,8.347826086956522
53,867,920,0.0611303344867358
33,40,73,0.825
523,88,611,5.943181818181818
1395,83,1478,16.80722891566265
2034,95,2129,21.410526315789475
2445,67,2512,36.492537313432834
2537,49,2586,51.775510204081634
3398,125,3523,27.184
3544,55,3599,64.43636363636364
4098,127,4225,32.267716535433074
6253,188,6441,33.26063829787234
6529,355,6884,18.39154929577465
6904,324,7228,21.30864197530864
7239,394,7633,18.373096446700508
7648,403,8051,18.977667493796528
22,418,440,0.0526315789473684
461,748,1209,0.6163101604278075
96,700,796,0.1371428571428571
864,852,1716,1.0140845070422535
72,696,768,0.1034482758620689
804,849,1653,0.9469964664310954
55,942,997,0.0583864118895966
25,407,432,0.0614250614250614
54,948,1002,0.0569620253164556
1044,947,1991,1.102428722280887
90,871,961,0.1033295063145809
963,221,1184,4.357466063348416
78,406,484,0.1921182266009852
506,280,786,1.8071428571428567
803,174,977,4.614942528735632
45,167,212,0.2694610778443114
214,239,453,0.895397489539749
455,289,744,1.57439446366782
746,224,970,3.330357142857143
972,257,1229,3.782101167315175
1231,224,1455,5.495535714285714
1457,231,1688,6.307359307359308
1690,260,1950,6.5
1952,252,2204,7.746031746031746
2206,280,2486,7.878571428571429
2488,262,2750,9.49618320610687
2752,271,3023,10.154981549815496
3025,255,3280,11.862745098039216
3282,234,3516,14.025641025641026
3518,250,3768,14.072
49,436,485,0.1123853211009174
573,731,1304,0.7838577291381669
2407,571,2978,4.215411558669002
2988,350,3338,8.537142857142857
4501,259,4760,17.37837837837838
4795,834,5629,5.749400479616307
5684,703,6387,8.085348506401138
7537,54,7591,139.57407407407408
99,79,178,1.2531645569620251
188,73,261,2.5753424657534247
322,74,396,4.351351351351352
412,78,490,5.282051282051282
55,571,626,0.0963222416812609
650,924,1574,0.7034632034632035
1612,791,2403,2.0379266750948166
2410,154,2564,15.64935064935065
2573,160,2733,16.08125
2745,256,3001,10.72265625
3026,271,3297,11.166051660516604
170,500,670,0.34
859,465,1324,1.8473118279569891
35,394,429,0.0888324873096446
469,484,953,0.96900826446281
271,208,479,1.3028846153846154
509,257,766,1.980544747081712
837,250,1087,3.348
1135,247,1382,4.5951417004048585
1409,254,1663,5.547244094488189
1770,305,2075,5.80327868852459
2182,276,2458,7.905797101449275
2472,201,2673,12.298507462686567
2727,270,2997,10.1
3030,240,3270,12.625
279,140,419,1.9928571428571429
466,883,1349,0.5277463193657984
1356,676,2032,2.0059171597633134
832,418,1250,1.990430622009569
1310,553,1863,2.368896925858951
1904,784,2688,2.4285714285714284
37,954,991,0.0387840670859538
1002,411,1413,2.437956204379562
1437,337,1774,4.264094955489615
1787,365,2152,4.895890410958904
2280,235,2515,9.702127659574469
2600,247,2847,10.526315789473683
2865,270,3135,10.61111111111111
3154,523,3677,6.030592734225621
3686,396,4082,9.308080808080808
4112,681,4793,6.038179148311307
4832,12,4844,402.6666666666667
4907,439,5346,11.17767653758542
5419,382,5801,14.18586387434555
5841,251,6092,23.270916334661354
6267,172,6439,36.43604651162791
6646,406,7052,16.36945812807882
7310,416,7726,17.572115384615383
7753,282,8035,27.49290780141844
643,491,1134,1.309572301425662
110,496,606,0.2217741935483871
614,275,889,2.232727272727273
1222,298,1520,4.100671140939597
1574,221,1795,7.122171945701357
3973,9,3982,441.44444444444446
4066,529,4595,7.686200378071834
9,241,250,0.0373443983402489
258,270,528,0.9555555555555556
536,419,955,1.279236276849642
966,525,1491,1.84
1505,606,2111,2.483498349834984
2130,128,2258,16.640625
2290,270,2560,8.481481481481481
2571,364,2935,7.063186813186813
2997,481,3478,6.230769230769231
3589,434,4023,8.26958525345622
4071,395,4466,10.30632911392405
4519,454,4973,9.95374449339207
5037,67,5104,75.17910447761194
5182,340,5522,15.241176470588234
5580,353,5933,15.807365439093484
5966,248,6214,24.056451612903224
6287,490,6777,12.83061224489796
6861,58,6919,118.29310344827586
6954,376,7330,18.49468085106383
7388,459,7847,16.095860566448803
21,914,935,0.0229759299781181
987,118,1105,8.364406779661017
1117,363,1480,3.077134986225895
1489,435,1924,3.4229885057471265
210,262,472,0.8015267175572519
493,677,1170,0.7282127031019202
1193,178,1371,6.702247191011236
1385,368,1753,3.7635869565217392
1763,154,1917,11.448051948051948
1926,154,2080,12.506493506493506
2100,157,2257,13.375796178343949
2275,195,2470,11.666666666666666
2481,318,2799,7.80188679245283
2806,199,3005,14.100502512562814
3032,304,3336,9.973684210526317
28,194,222,0.1443298969072164
757,600,1357,1.2616666666666667
1498,544,2042,2.7536764705882355
2127,902,3029,2.358093126385809
3034,496,3530,6.116935483870968
3586,729,4315,4.919067215363512
4344,397,4741,10.94206549118388
4758,497,5255,9.57344064386318
5263,111,5374,47.414414414414416
5381,556,5937,9.678057553956837
5957,571,6528,10.432574430823117
6542,507,7049,12.903353057199212
7102,500,7602,14.204
41,544,585,0.0753676470588235
942,594,1536,1.585858585858586
1790,488,2278,3.668032786885246
2481,544,3025,4.560661764705882
3220,595,3815,5.411764705882353
4019,475,4494,8.461052631578948
4672,471,5143,9.91932059447983
5267,511,5778,10.30724070450098
6039,475,6514,12.713684210526315
6776,456,7232,14.859649122807015
7513,538,8051,13.964684014869889
103,417,520,0.2470023980815347
27,22,49,1.2272727272727273
199,550,749,0.3618181818181818
795,35,830,22.714285714285715
1718,658,2376,2.610942249240121
3294,701,3995,4.699001426533523
4005,31,4036,129.19354838709677
4997,720,5717,6.940277777777778
5784,643,6427,8.995334370139968
6473,350,6823,18.494285714285716
6852,649,7501,10.557781201848998
7556,503,8059,15.02186878727634
246,843,1089,0.2918149466192171
1136,810,1946,1.4024691358024692
142,379,521,0.3746701846965699
523,364,887,1.4368131868131868
946,632,1578,1.4968354430379749
13,509,522,0.0255402750491159
51,427,478,0.1194379391100702
3245,479,3724,6.774530271398747
131,399,530,0.3283208020050125
770,353,1123,2.181303116147309
38,978,1016,0.0388548057259713
1064,300,1364,3.546666666666667
1443,685,2128,2.106569343065693
2130,734,2864,2.9019073569482288
2994,796,3790,3.761306532663317
3792,949,4741,3.9957850368809273
5982,1011,6993,5.916913946587537
7044,14,7058,503.1428571428572
7133,452,7585,15.780973451327434
68,548,616,0.1240875912408759
548,783,1331,0.6998722860791826
16,566,582,0.0282685512367491
218,453,671,0.4812362030905077
724,479,1203,1.511482254697286
1228,206,1434,5.961165048543689
5953,283,6236,21.035335689045937
7464,184,7648,40.56521739130435
54,988,1042,0.0546558704453441
1044,521,1565,2.0038387715930903
1597,542,2139,2.9464944649446494
2152,714,2866,3.0140056022408963
2942,613,3555,4.799347471451876
3581,355,3936,10.087323943661971
3968,508,4476,7.811023622047244
4521,671,5192,6.737704918032787
5218,848,6066,6.153301886792453
6081,283,6364,21.48763250883392
17,655,672,0.0259541984732824
691,555,1246,1.245045045045045
1277,629,1906,2.0302066772655007
708,402,1110,1.7611940298507462
1112,120,1232,9.266666666666667
1248,398,1646,3.135678391959799
1648,438,2086,3.7625570776255706
2088,474,2562,4.405063291139241
2564,322,2886,7.962732919254658
15,299,314,0.0501672240802675
377,327,704,1.1529051987767585
730,469,1199,1.556503198294243
1264,672,1936,1.880952380952381
1948,177,2125,11.005649717514125
2144,100,2244,21.44
2258,170,2428,13.282352941176471
2455,176,2631,13.948863636363637
142,460,602,0.308695652173913
628,109,737,5.761467889908257
772,495,1267,1.5595959595959596
1313,503,1816,2.610337972166998
1873,524,2397,3.5744274809160306
2463,531,2994,4.638418079096045
48,779,827,0.0616174582798459
46,762,808,0.0603674540682414
843,124,967,6.798387096774194
1012,126,1138,8.031746031746032
1184,134,1318,8.835820895522389
20,501,521,0.0399201596806387
20,715,735,0.0279720279720279
746,426,1172,1.7511737089201878
31,893,924,0.0347144456886898
2086,1008,3094,2.0694444444444446
3107,1004,4111,3.0946215139442232
26,228,254,0.1140350877192982
269,275,544,0.9781818181818182
614,42,656,14.61904761904762
713,261,974,2.731800766283525
1005,288,1293,3.489583333333333
1332,330,1662,4.036363636363636
1742,454,2196,3.837004405286344
2225,588,2813,3.7840136054421767
2878,362,3240,7.950276243093922
3285,606,3891,5.420792079207921
4034,9,4043,448.22222222222223
4128,505,4633,8.174257425742574
4672,553,5225,8.448462929475587
5274,430,5704,12.265116279069767
5759,497,6256,11.587525150905432
6306,430,6736,14.665116279069768
6805,155,6960,43.903225806451616
7035,443,7478,15.8803611738149
7567,370,7937,20.451351351351352
262,278,540,0.9424460431654677
139,929,1068,0.1496232508073197
1156,614,1770,1.8827361563517917
1910,619,2529,3.08562197092084
3359,979,4338,3.431052093973442
4357,981,5338,4.44138634046891
5342,967,6309,5.524301964839711
315,820,1135,0.3841463414634146
1241,842,2083,1.4738717339667458
2092,836,2928,2.502392344497608
2936,822,3758,3.5717761557177616
3765,478,4243,7.876569037656904
32,302,334,0.1059602649006622
348,366,714,0.9508196721311476
758,326,1084,2.3251533742331287
1089,304,1393,3.5822368421052637
1398,245,1643,5.706122448979592
1656,104,1760,15.923076923076923
1788,374,2162,4.780748663101604
2167,257,2424,8.431906614785992
2452,296,2748,8.283783783783784
2762,299,3061,9.237458193979933
375,563,938,0.6660746003552398
1479,561,2040,2.636363636363636
2050,45,2095,45.55555555555556
3782,495,4277,7.64040404040404
4345,387,4732,11.227390180878553
4738,388,5126,12.211340206185566
5133,443,5576,11.586907449209932
5611,430,6041,13.048837209302324
51,343,394,0.1486880466472303
417,389,806,1.0719794344473008
884,356,1240,2.4831460674157304
1264,382,1646,3.3089005235602094
1655,400,2055,4.1375
2077,458,2535,4.534934497816594
2557,452,3009,5.657079646017699
3027,418,3445,7.241626794258373
3462,368,3830,9.407608695652174
3843,409,4252,9.396088019559905
81,751,832,0.1078561917443408
38,381,419,0.0997375328083989
435,328,763,1.326219512195122
100,193,293,0.5181347150259067
333,149,482,2.2348993288590604
497,216,713,2.300925925925926
733,90,823,8.144444444444444
827,236,1063,3.504237288135593
1083,103,1186,10.514563106796116
1226,560,1786,2.1892857142857145
134,401,535,0.3341645885286783
134,169,303,0.7928994082840237
645,491,1136,1.3136456211812628
1639,399,2038,4.1077694235588975
2442,369,2811,6.617886178861789
3264,368,3632,8.869565217391305
3957,327,4284,12.10091743119266
4566,309,4875,14.776699029126211
5053,331,5384,15.265861027190333
5581,346,5927,16.13005780346821
5946,403,6349,14.754342431761788
6407,615,7022,10.417886178861789
7042,517,7559,13.620889748549324
7643,380,8023,20.11315789473684
49,860,909,0.0569767441860465
933,859,1792,1.0861466821885917
1902,872,2774,2.1811926605504586
2800,560,3360,5.0
3392,742,4134,4.571428571428571
4157,363,4520,11.451790633608816
4610,999,5609,4.614614614614615
5637,605,6242,9.317355371900826
6264,401,6665,15.620947630922691
6692,398,7090,16.814070351758794
49,138,187,0.3550724637681159
228,163,391,1.3987730061349692
406,487,893,0.8336755646817249
906,489,1395,1.852760736196319
1490,530,2020,2.811320754716981
2065,661,2726,3.124054462934947
21,436,457,0.0481651376146789
471,413,884,1.1404358353510895
892,251,1143,3.553784860557769
1159,160,1319,7.24375
1430,208,1638,6.875
1705,558,2263,3.055555555555556
2271,211,2482,10.763033175355451
2508,318,2826,7.886792452830188
2851,387,3238,7.366925064599483
3739,301,4040,12.421926910299003
27,935,962,0.0288770053475935
981,976,1957,1.0051229508196722
1969,657,2626,2.9969558599695585
2642,904,3546,2.922566371681416
2401,350,2751,6.86
2773,305,3078,9.091803278688523
13,32,45,0.40625
84,1016,1100,0.0826771653543307
1235,957,2192,1.290491118077325
2223,757,2980,2.9365918097754293
3021,686,3707,4.403790087463557
1086,648,1734,1.6759259259259258
533,626,1159,0.8514376996805112
1279,702,1981,1.8219373219373216
2035,441,2476,4.6145124716553285
2723,807,3530,3.3742255266418835
3603,652,4255,5.526073619631902
2041,1003,3044,2.0348953140578265
3049,465,3514,6.556989247311828
3573,911,4484,3.922063666300768
4543,960,5503,4.732291666666667
5562,905,6467,6.14585635359116
160,598,758,0.2675585284280936
88,9,97,9.77777777777778
104,144,248,0.7222222222222222
280,165,445,1.696969696969697
451,170,621,2.652941176470588
625,170,795,3.676470588235294
805,161,966,5.0
980,174,1154,5.632183908045977
1160,153,1313,7.5816993464052285
201,68,269,2.9558823529411766
318,49,367,6.489795918367347
389,68,457,5.720588235294118
498,69,567,7.217391304347826
577,79,656,7.30379746835443
727,72,799,10.09722222222222
881,199,1080,4.42713567839196
1143,109,1252,10.486238532110091
1294,84,1378,15.404761904761903
1444,86,1530,16.790697674418606
1628,93,1721,17.50537634408602
1741,88,1829,19.78409090909091
1887,69,1956,27.347826086956523
238,256,494,0.9296875
511,339,850,1.5073746312684366
902,317,1219,2.8454258675078865
1241,322,1563,3.8540372670807455
1589,323,1912,4.919504643962848
15,857,872,0.0175029171528588
105,683,788,0.1537335285505124
820,965,1785,0.8497409326424871
1823,1009,2832,1.806739345887017
2928,984,3912,2.975609756097561
3941,590,4531,6.679661016949153
664,654,1318,1.0152905198776758
1385,461,1846,3.004338394793926
1858,474,2332,3.919831223628692
2360,535,2895,4.411214953271028
2919,267,3186,10.932584269662922
237,890,1127,0.2662921348314607
1130,233,1363,4.849785407725322
19,326,345,0.058282208588957
371,81,452,4.580246913580247
474,113,587,4.1946902654867255
44,347,391,0.1268011527377521
423,232,655,1.8232758620689653
667,310,977,2.1516129032258067
1007,225,1232,4.475555555555555
1268,333,1601,3.807807807807808
802,295,1097,2.7186440677966104
1110,422,1532,2.6303317535545023
1549,280,1829,5.5321428571428575
1916,731,2647,2.621067031463748
2699,956,3655,2.823221757322176
3663,651,4314,5.626728110599078
4328,618,4946,7.003236245954692
4953,594,5547,8.33838383838384
5591,934,6525,5.986081370449679
6529,1012,7541,6.451581027667984
539,420,959,1.2833333333333334
989,200,1189,4.945
1224,259,1483,4.725868725868726
1502,236,1738,6.364406779661017
1784,201,1985,8.875621890547263
2035,190,2225,10.710526315789474
2247,302,2549,7.440397350993377
591,736,1327,0.8029891304347826
26,408,434,0.0637254901960784
43,507,550,0.0848126232741617
574,529,1103,1.0850661625708884
1122,488,1610,2.2991803278688523
1645,871,2516,1.888633754305396
2526,754,3280,3.350132625994695
3297,690,3987,4.778260869565218
4004,587,4591,6.821124361158433
4608,775,5383,5.945806451612904
5400,909,6309,5.9405940594059405
6326,515,6841,12.283495145631068
6847,606,7453,11.2986798679868
6,698,704,0.0085959885386819
325,952,1277,0.3413865546218487
1402,284,1686,4.936619718309859
33,388,421,0.0850515463917525
455,971,1426,0.4685890834191555
148,471,619,0.3142250530785562
21,399,420,0.0526315789473684
480,307,787,1.5635179153094465
777,16,793,48.5625
977,298,1275,3.278523489932886
9,269,278,0.0334572490706319
289,278,567,1.039568345323741
34,603,637,0.0563847429519071
716,569,1285,1.258347978910369
1384,528,1912,2.621212121212121
1948,441,2389,4.417233560090703
2414,445,2859,5.424719101123595
2899,451,3350,6.427937915742794
3429,568,3997,6.036971830985915
4014,344,4358,11.668604651162791
4398,392,4790,11.21938775510204
4812,477,5289,10.08805031446541
5345,432,5777,12.372685185185183
5808,333,6141,17.44144144144144
6168,392,6560,15.73469387755102
6629,357,6986,18.568627450980397
7009,361,7370,19.41551246537396
7430,373,7803,19.919571045576408
7398,587,7985,12.603066439522998
32,747,779,0.0428380187416332
301,409,710,0.7359413202933985
712,391,1103,1.8209718670076729
1105,246,1351,4.491869918699187
1926,388,2314,4.963917525773196
2693,321,3014,8.389408099688474
3041,400,3441,7.6025
4216,374,4590,11.272727272727272
4615,256,4871,18.02734375
5711,362,6073,15.776243093922652
6075,361,6436,16.82825484764543
6438,294,6732,21.897959183673468
97,681,778,0.1424375917767988
802,368,1170,2.1793478260869565
1680,763,2443,2.201834862385321
2470,768,3238,3.216145833333333
188,88,276,2.136363636363636
2613,567,3180,4.608465608465608
3182,621,3803,5.123993558776167
3841,687,4528,5.590975254730713
4622,84,4706,55.023809523809526
6573,841,7414,7.815695600475625
7416,273,7689,27.164835164835164
7722,127,7849,60.803149606299215
457,32,489,14.28125
491,182,673,2.697802197802198
698,369,1067,1.89159891598916
1077,254,1331,4.24015748031496
1349,309,1658,4.365695792880259
1666,227,1893,7.339207048458149
1896,301,2197,6.299003322259137
2213,258,2471,8.577519379844961
301,629,930,0.4785373608903021
1045,531,1576,1.967984934086629
1656,396,2052,4.181818181818182
2069,280,2349,7.389285714285714
2369,467,2836,5.072805139186295
2863,353,3216,8.110481586402265
3317,536,3853,6.188432835820896
3893,501,4394,7.770459081836328
4505,165,4670,27.303030303030305
4724,238,4962,19.84873949579832
4980,611,5591,8.150572831423895
5602,263,5865,21.30038022813688
5918,295,6213,20.061016949152545
6231,416,6647,14.978365384615383
6692,304,6996,22.01315789473684
7024,567,7591,12.388007054673722
109,1018,1127,0.1070726915520628
1162,641,1803,1.812792511700468
1838,449,2287,4.093541202672606
2310,508,2818,4.547244094488189
2843,526,3369,5.404942965779468
3392,12,3404,282.6666666666667
3417,15,3432,227.8
3443,304,3747,11.325657894736842
3763,377,4140,9.981432360742703
4159,566,4725,7.348056537102473
4752,929,5681,5.115177610333692
5714,510,6224,11.20392156862745
6234,543,6777,11.480662983425416
6796,317,7113,21.43848580441641
7135,354,7489,20.15536723163842
7504,517,8021,14.51450676982592
41,737,778,0.0556309362279511
26,298,324,0.087248322147651
340,116,456,2.931034482758621
476,116,592,4.103448275862069
605,234,839,2.5854700854700856
857,194,1051,4.417525773195877
1062,302,1364,3.5165562913907285
1373,376,1749,3.651595744680851
1769,419,2188,4.221957040572792
2201,543,2744,4.05340699815838
2768,462,3230,5.991341991341991
3241,30,3271,108.03333333333332
3286,135,3421,24.340740740740745
3435,136,3571,25.25735294117647
3588,155,3743,23.148387096774197
3760,88,3848,42.72727272727273
85,60,145,1.4166666666666667
154,90,244,1.711111111111111
126,410,536,0.3073170731707317
553,347,900,1.5936599423631124
1099,698,1797,1.5744985673352436
1833,92,1925,19.92391304347826
1950,110,2060,17.727272727272727
180,37,217,4.864864864864865
227,90,317,2.522222222222222
354,56,410,6.321428571428571
436,86,522,5.069767441860465
584,83,667,7.036144578313253
723,90,813,8.033333333333333
840,83,923,10.120481927710845
964,133,1097,7.248120300751879
1115,162,1277,6.882716049382716
262,61,323,4.295081967213115
327,20,347,16.35
350,21,371,16.666666666666668
377,18,395,20.944444444444443
401,19,420,21.105263157894736
425,21,446,20.23809523809524
453,89,542,5.089887640449438
551,47,598,11.72340425531915
610,39,649,15.64102564102564
655,81,736,8.08641975308642
752,29,781,25.93103448275862
802,28,830,28.642857142857142
131,230,361,0.5695652173913044
807,264,1071,3.0568181818181817
1085,568,1653,1.9102112676056335
1668,355,2023,4.698591549295775
2043,3,2046,681.0
41,939,980,0.0436634717784877
997,391,1388,2.549872122762148
1230,468,1698,2.628205128205128
1636,626,2262,2.6134185303514377
2285,461,2746,4.956616052060737
2757,519,3276,5.312138728323699
417,189,606,2.2063492063492065
761,388,1149,1.961340206185567
1324,386,1710,3.430051813471503
1749,950,2699,1.8410526315789475
2701,156,2857,17.314102564102566
398,28,426,14.214285714285714
884,363,1247,2.435261707988981
1295,344,1639,3.76453488372093
1649,397,2046,4.153652392947103
2080,534,2614,3.8951310861423214
2652,546,3198,4.857142857142857
3229,489,3718,6.603271983640082
3749,108,3857,34.71296296296296
4182,417,4599,10.028776978417266
4623,392,5015,11.793367346938776
5043,340,5383,14.83235294117647
5447,414,5861,13.157004830917874
5870,372,6242,15.779569892473118
6772,680,7452,9.958823529411765
7488,591,8079,12.67005076142132
70,491,561,0.1425661914460285
579,262,841,2.2099236641221376
879,284,1163,3.0950704225352115
1191,367,1558,3.245231607629428
1672,440,2112,3.8
12,460,472,0.0260869565217391
494,455,949,1.0857142857142856
964,290,1254,3.3241379310344827
1265,407,1672,3.108108108108108
378,945,1323,0.4
1339,912,2251,1.468201754385965
2267,714,2981,3.1750700280112043
1496,763,2259,1.960681520314548
2338,913,3251,2.56078860898138
767,178,945,4.308988764044944
1112,345,1457,3.2231884057971016
2144,199,2343,10.773869346733669
2432,748,3180,3.251336898395722
3216,643,3859,5.001555209953343
3912,22,3934,177.8181818181818
6109,188,6297,32.494680851063826
6803,461,7264,14.757049891540133
7282,574,7856,12.686411149825783
13,332,345,0.0391566265060241
31,148,179,0.2094594594594594
228,461,689,0.4945770065075922
2740,803,3543,3.412204234122042
3672,964,4636,3.809128630705394
4781,885,5666,5.402259887005649
5697,915,6612,6.226229508196721
83,625,708,0.1328
86,283,369,0.303886925795053
384,598,982,0.6421404682274248
994,999,1993,0.994994994994995
2018,733,2751,2.753069577080491
26,432,458,0.0601851851851851
472,430,902,1.0976744186046512
915,411,1326,2.2262773722627736
1329,390,1719,3.407692307692308
718,328,1046,2.1890243902439024
34,418,452,0.0813397129186602
33,445,478,0.0741573033707865
497,537,1034,0.925512104283054
1052,473,1525,2.2241014799154333
1549,576,2125,2.689236111111111
2145,341,2486,6.290322580645161
2524,533,3057,4.735459662288931
3075,1013,4088,3.035538005923001
337,824,1161,0.4089805825242718
1165,264,1429,4.412878787878788
46,534,580,0.0861423220973782
602,434,1036,1.3870967741935485
926,836,1762,1.1076555023923444
1770,567,2337,3.121693121693122
46,263,309,0.1749049429657794
1840,989,2829,1.8604651162790695
2843,961,3804,2.9583766909469302
3818,371,4189,10.2911051212938
4246,876,5122,4.84703196347032
5134,657,5791,7.814307458143075
5848,541,6389,10.809611829944547
6427,631,7058,10.18541996830428
23,791,814,0.0290771175726927
865,326,1191,2.6533742331288344
1217,384,1601,3.169270833333333
1956,417,2373,4.690647482014389
2469,126,2595,19.59523809523809
2828,969,3797,2.918472652218782
4065,448,4513,9.073660714285714
4529,147,4676,30.80952380952381
4754,303,5057,15.689768976897687
5535,427,5962,12.962529274004684
6868,550,7418,12.487272727272726
11,163,174,0.0674846625766871
185,128,313,1.4453125
341,994,1335,0.3430583501006036
1356,224,1580,6.053571428571429
15,448,463,0.0334821428571428
474,396,870,1.196969696969697
885,591,1476,1.49746192893401
1489,706,2195,2.1090651558073654
26,684,710,0.0380116959064327
719,715,1434,1.0055944055944055
51,188,239,0.2712765957446808
248,18,266,13.77777777777778
277,112,389,2.4732142857142856
469,631,1100,0.7432646592709984
1115,29,1144,38.44827586206897
1148,17,1165,67.52941176470588
1191,23,1214,51.78260869565217
1223,111,1334,11.01801801801802
61,352,413,0.1732954545454545
415,293,708,1.416382252559727
19,503,522,0.0377733598409542
13,586,599,0.0221843003412969
611,581,1192,1.0516351118760758
1197,440,1637,2.720454545454545
36,660,696,0.0545454545454545
730,443,1173,1.6478555304740403
1213,741,1954,1.6369770580296896
2021,583,2604,3.4665523156089195
2632,244,2876,10.78688524590164
2892,219,3111,13.205479452054794
3122,291,3413,10.72852233676976
3417,28,3445,122.03571428571428
3470,128,3598,27.109375
3611,144,3755,25.07638888888889
3802,369,4171,10.303523035230352
4206,474,4680,8.873417721518987
14,485,499,0.0288659793814433
293,363,656,0.8071625344352618
658,411,1069,1.6009732360097324
1071,202,1273,5.301980198019802
2478,396,2874,6.257575757575758
2876,440,3316,6.536363636363636
3323,397,3720,8.370277078085643
3727,443,4170,8.413092550790068
4177,116,4293,36.008620689655174
4308,402,4710,10.71641791044776
275,484,759,0.5681818181818182
74,244,318,0.3032786885245901
363,71,434,5.112676056338028
1680,778,2458,2.159383033419023
2510,102,2612,24.607843137254903
2689,175,2864,15.365714285714288
4109,134,4243,30.66417910447761
4298,80,4378,53.725
4866,399,5265,12.19548872180451
5336,155,5491,34.42580645161291
5518,288,5806,19.15972222222222
5861,847,6708,6.919716646989374
11,575,586,0.0191304347826086
85,83,168,1.0240963855421688
176,92,268,1.9130434782608696
277,121,398,2.289256198347108
406,97,503,4.185567010309279
664,176,840,3.772727272727273
859,505,1364,1.700990099009901
1511,245,1756,6.16734693877551
1818,628,2446,2.894904458598726
2525,584,3109,4.323630136986301
3258,614,3872,5.306188925081433
3963,902,4865,4.393569844789357
5054,15,5069,336.93333333333334
5195,13,5208,399.61538461538464
5380,23,5403,233.91304347826087
5483,6,5489,913.8333333333334
5592,13,5605,430.1538461538461
5706,247,5953,23.101214574898787
6135,8,6143,766.875
6323,7,6330,903.2857142857144
6546,12,6558,545.5
153,98,251,1.5612244897959184
308,496,804,0.6209677419354839
873,223,1096,3.914798206278027
1189,255,1444,4.662745098039216
1477,537,2014,2.750465549348231
2118,573,2691,3.696335078534031
52,867,919,0.0599769319492502
951,843,1794,1.1281138790035588
1815,37,1852,49.054054054054056
2038,848,2886,2.4033018867924527
2892,390,3282,7.415384615384616
3348,709,4057,4.722143864598025
5152,852,6004,6.046948356807512
6013,399,6412,15.070175438596491
28,891,919,0.031425364758698
32,329,361,0.0972644376899696
34,921,955,0.0369163952225841
958,560,1518,1.7107142857142856
1541,977,2518,1.5772773797338793
2521,617,3138,4.085899513776337
3253,898,4151,3.6224944320712695
4154,247,4401,16.817813765182187
4459,928,5387,4.804956896551724
5390,580,5970,9.29310344827586
6007,912,6919,6.586622807017544
6922,433,7355,15.986143187066975
29,818,847,0.0354523227383863
865,870,1735,0.9942528735632185
26,432,458,0.0601851851851851
472,430,902,1.0976744186046512
915,411,1326,2.2262773722627736
1329,390,1719,3.407692307692308
12,670,682,0.017910447761194
694,733,1427,0.946793997271487
7757,326,8083,23.79447852760736
40,673,713,0.0594353640416047
46,288,334,0.1597222222222222
359,472,831,0.760593220338983
849,596,1445,1.424496644295302
59,511,570,0.1154598825831702
590,358,948,1.6480446927374302
964,448,1412,2.1517857142857144
1487,385,1872,3.862337662337662
1886,374,2260,5.042780748663102
2300,520,2820,4.423076923076923
2912,322,3234,9.043478260869565
3249,166,3415,19.572289156626507
3433,368,3801,9.328804347826088
3845,256,4101,15.01953125
4147,1000,5147,4.147
5260,63,5323,83.4920634920635
5353,510,5863,10.496078431372547
5893,622,6515,9.47427652733119
6559,524,7083,12.517175572519085
7140,698,7838,10.229226361031518
57,119,176,0.4789915966386555
17,616,633,0.0275974025974025
641,953,1594,0.6726128016789087
1608,933,2541,1.7234726688102897
2546,875,3421,2.9097142857142857
3434,985,4419,3.4862944162436547
4421,446,4867,9.91255605381166
4883,936,5819,5.2168803418803416
5826,866,6692,6.727482678983834
39,418,457,0.0933014354066985
473,449,922,1.0534521158129175
1949,973,2922,2.0030832476875644
293,203,496,1.4433497536945812
1569,264,1833,5.943181818181818
1861,299,2160,6.224080267558528
2371,238,2609,9.96218487394958
2851,254,3105,11.224409448818898
3457,364,3821,9.497252747252746
3933,406,4339,9.6871921182266
4630,336,4966,13.779761904761903
5240,888,6128,5.900900900900901
6592,605,7197,10.89586776859504
45,708,753,0.0635593220338983
420,325,745,1.2923076923076924
750,328,1078,2.2865853658536586
1082,311,1393,3.4790996784565915
1397,299,1696,4.672240802675585
1700,324,2024,5.246913580246914
2028,312,2340,6.5
2345,311,2656,7.540192926045016
2660,302,2962,8.80794701986755
2966,292,3258,10.157534246575343
3262,316,3578,10.322784810126585
3582,327,3909,10.954128440366972
3913,138,4051,28.35507246376812
4104,329,4433,12.474164133738602
4437,327,4764,13.568807339449542
4768,294,5062,16.217687074829932
5073,300,5373,16.91
5377,311,5688,17.289389067524116
5692,262,5954,21.72519083969466
6050,343,6393,17.638483965014576
6397,301,6698,21.25249169435216
6702,338,7040,19.828402366863905
7044,333,7377,21.153153153153152
7381,352,7733,20.96875
25,94,119,0.2659574468085106
133,44,177,3.022727272727273
183,30,213,6.1
222,53,275,4.188679245283019
308,103,411,2.9902912621359223
52,543,595,0.0957642725598526
627,527,1154,1.189753320683112
147,69,216,2.130434782608696
259,84,343,3.083333333333333
358,87,445,4.114942528735632
505,284,789,1.778169014084507
979,313,1292,3.1277955271565494
1459,256,1715,5.69921875
1173,622,1795,1.8858520900321545
1860,513,2373,3.625730994152047
2400,604,3004,3.9735099337748334
3032,615,3647,4.930081300813008
3665,605,4270,6.0578512396694215
4299,537,4836,8.005586592178771
2849,620,3469,4.59516129032258
3496,968,4464,3.611570247933885
4466,239,4705,18.686192468619247
4724,981,5705,4.815494393476045
5715,727,6442,7.861072902338376
99,549,648,0.180327868852459
683,645,1328,1.0589147286821703
1347,488,1835,2.7602459016393444
1853,453,2306,4.090507726269316
2344,371,2715,6.318059299191375
70,566,636,0.1236749116607773
676,618,1294,1.0938511326860842
1321,359,1680,3.67966573816156
1740,846,2586,2.0567375886524824
43,92,135,0.4673913043478261
182,66,248,2.757575757575758
61,769,830,0.0793237971391417
49,373,422,0.131367292225201
430,368,798,1.1684782608695652
806,337,1143,2.391691394658754
1150,284,1434,4.049295774647887
16,475,491,0.0336842105263157
2533,347,2880,7.29971181556196
2932,548,3480,5.350364963503649
3515,585,4100,6.0085470085470085
4120,430,4550,9.581395348837209
1478,292,1770,5.061643835616438
1779,341,2120,5.217008797653959
2411,788,3199,3.0596446700507616
3233,872,4105,3.7075688073394497
4160,796,4956,5.226130653266332
4968,907,5875,5.477398015435502
5887,972,6859,6.056584362139918
6885,1003,7888,6.864406779661017
59,729,788,0.0809327846364883
1448,347,1795,4.172910662824208
1799,389,2188,4.624678663239075
2192,312,2504,7.0256410256410255
2551,188,2739,13.569148936170214
2764,377,3141,7.3315649867374
3154,141,3295,22.368794326241133
3400,290,3690,11.724137931034482
3859,217,4076,17.783410138248847
4144,389,4533,10.652956298200516
4544,342,4886,13.286549707602338
4891,217,5108,22.53917050691244
5173,334,5507,15.488023952095809
5628,337,5965,16.700296735905045
5970,271,6241,22.029520295202957
6303,321,6624,19.635514018691588
6629,397,7026,16.697732997481108
12,255,267,0.0470588235294117
301,413,714,0.7288135593220338
2849,620,3469,4.59516129032258
3496,968,4464,3.611570247933885
4466,239,4705,18.686192468619247
117,1019,1136,0.1148184494602551
1271,730,2001,1.7410958904109588
2217,885,3102,2.505084745762712
1333,781,2114,1.706786171574904
2154,642,2796,3.355140186915888
3051,897,3948,3.4013377926421406
4167,561,4728,7.427807486631016
4912,601,5513,8.173044925124792
14,364,378,0.0384615384615384
380,228,608,1.6666666666666667
610,24,634,25.416666666666668
119,536,655,0.2220149253731343
675,525,1200,1.2857142857142858
1303,608,1911,2.143092105263158
1921,606,2527,3.16996699669967
51,819,870,0.0622710622710622
875,652,1527,1.3420245398773003
1585,805,2390,1.968944099378882
2395,731,3126,3.2763337893296853
3164,111,3275,28.504504504504503
3317,727,4044,4.562585969738652
4107,495,4602,8.296969696969697
4626,537,5163,8.614525139664805
5183,390,5573,13.28974358974359
5601,378,5979,14.817460317460318
6001,760,6761,7.896052631578947
152,503,655,0.3021868787276341
840,378,1218,2.2222222222222223
1310,6,1316,218.33333333333331
35,312,347,0.1121794871794871
21,411,432,0.0510948905109489
513,462,975,1.1103896103896105
15,780,795,0.0192307692307692
437,545,982,0.8018348623853211
998,548,1546,1.8211678832116789
1562,599,2161,2.6076794657762936
2177,498,2675,4.371485943775101
2693,499,3192,5.396793587174349
3208,624,3832,5.141025641025641
3850,590,4440,6.52542372881356
4454,578,5032,7.705882352941177
476,877,1353,0.5427594070695553
1404,545,1949,2.5761467889908256
2358,907,3265,2.599779492833517
3582,688,4270,5.2063953488372094
4715,851,5566,5.54054054054054
5840,878,6718,6.651480637813211
6724,200,6924,33.62
970,490,1460,1.9795918367346936
1474,671,2145,2.19672131147541
4795,560,5355,8.5625
129,764,893,0.168848167539267
1192,418,1610,2.851674641148325
1652,485,2137,3.406185567010309
2230,703,2933,3.1721194879089616
4046,1021,5067,3.962781586679726
5088,1000,6088,5.088
6118,1019,7137,6.003925417075564
61,47,108,1.297872340425532
875,23,898,38.04347826086956
2017,14,2031,144.07142857142858
2038,23,2061,88.6086956521739
3746,5,3751,749.2
3758,3,3761,1252.6666666666667
4761,10,4771,476.1
4784,97,4881,49.31958762886598
5366,3,5369,1788.6666666666667
2,211,213,0.0094786729857819
216,97,313,2.2268041237113403
316,123,439,2.569105691056911
442,90,532,4.911111111111111
535,92,627,5.815217391304348
630,147,777,4.285714285714286
780,113,893,6.902654867256637
896,77,973,11.636363636363637
976,93,1069,10.494623655913978
1072,87,1159,12.32183908045977
1162,127,1289,9.149606299212598
1292,55,1347,23.49090909090909
19,317,336,0.0599369085173501
357,231,588,1.5454545454545454
639,278,917,2.2985611510791366
930,239,1169,3.8912133891213383
1210,238,1448,5.084033613445378
1484,303,1787,4.897689768976898
1840,405,2245,4.54320987654321
2363,430,2793,5.495348837209303
2825,365,3190,7.739726027397261
3289,297,3586,11.074074074074074
3607,386,3993,9.344559585492227
4097,364,4461,11.255494505494504
4497,306,4803,14.696078431372548
5008,471,5479,10.632696390658174
5716,325,6041,17.587692307692308
6139,349,6488,17.59025787965616
6518,217,6735,30.036866359447004
508,721,1229,0.7045769764216366
8,363,371,0.0220385674931129
380,376,756,1.0106382978723405
759,362,1121,2.096685082872928
552,316,868,1.7468354430379749
56,74,130,0.7567567567567568
146,57,203,2.56140350877193
2845,737,3582,3.8602442333785616
5239,400,5639,13.0975
6960,297,7257,23.43434343434344
7315,735,8050,9.952380952380953
71,493,564,0.1440162271805274
586,544,1130,1.0772058823529411
12,508,520,0.0236220472440944
549,85,634,6.458823529411765
1157,941,2098,1.2295430393198723
2120,975,3095,2.174358974358974
3101,813,3914,3.814268142681427
3973,317,4290,12.533123028391168
4305,294,4599,14.642857142857142
4613,327,4940,14.107033639143731
4951,1007,5958,4.916583912611718
5974,389,6363,15.3573264781491
6369,579,6948,11.0
6972,542,7514,12.863468634686347
7555,104,7659,72.64423076923077
7683,274,7957,28.04014598540146
7968,114,8082,69.89473684210526
524,392,916,1.336734693877551
938,225,1163,4.168888888888889
1177,359,1536,3.278551532033426
1552,434,1986,3.576036866359447
93,359,452,0.2590529247910863
33,964,997,0.0342323651452282
1021,168,1189,6.0773809523809526
1205,283,1488,4.257950530035336
1496,175,1671,8.548571428571428
148,544,692,0.2720588235294117
723,983,1706,0.7355035605289929
1993,868,2861,2.296082949308756
3638,852,4490,4.269953051643192
4895,926,5821,5.286177105831533
5956,916,6872,6.502183406113537
4656,54,4710,86.22222222222223
1230,958,2188,1.2839248434237995
2191,951,3142,2.303890641430073
3144,10,3154,314.4
131,399,530,0.3283208020050125
770,353,1123,2.181303116147309
1184,803,1987,1.4744707347447072
2085,978,3063,2.131901840490797
3110,883,3993,3.522083805209513
4026,994,5020,4.050301810865191
86,987,1073,0.0871327254305977
1078,528,1606,2.0416666666666665
1746,368,2114,4.744565217391305
2137,585,2722,3.652991452991453
2800,560,3360,5.0
3403,655,4058,5.195419847328244
4081,883,4964,4.621744054360136
5061,533,5594,9.4953095684803
5620,579,6199,9.706390328151986
6214,282,6496,22.0354609929078
6536,454,6990,14.396475770925113
7008,469,7477,14.942430703624732
7504,588,8092,12.761904761904765
727,203,930,3.58128078817734
25,241,266,0.1037344398340249
281,452,733,0.6216814159292036
749,273,1022,2.743589743589744
1039,234,1273,4.44017094017094
1286,233,1519,5.51931330472103
1538,231,1769,6.658008658008658
1812,435,2247,4.165517241379311
2303,219,2522,10.515981735159816
10,829,839,0.0120627261761158
876,676,1552,1.2958579881656804
1560,980,2540,1.5918367346938775
2632,343,2975,7.673469387755102
3011,541,3552,5.565619223659889
3569,982,4551,3.634419551934827
4560,614,5174,7.426710097719869
5205,959,6164,5.427528675703858
6189,831,7020,7.447653429602888
7040,809,7849,8.702101359703338
495,569,1064,0.8699472759226714
1100,481,1581,2.286902286902287
44,677,721,0.0649926144756277
736,794,1530,0.9269521410579346
1585,725,2310,2.1862068965517243
2326,752,3078,3.0930851063829787
3092,690,3782,4.481159420289855
3793,605,4398,6.269421487603306
4405,774,5179,5.691214470284238
5191,650,5841,7.986153846153846
10,262,272,0.0381679389312977
282,290,572,0.9724137931034482
578,456,1034,1.2675438596491229
10,459,469,0.0217864923747276
83,384,467,0.2161458333333333
166,465,631,0.3569892473118279
636,469,1105,1.3560767590618337
1107,461,1568,2.401301518438178
1571,461,2032,3.407809110629067
2038,483,2521,4.219461697722568
2525,480,3005,5.260416666666667
3008,491,3499,6.126272912423625
3501,468,3969,7.480769230769231
3972,454,4426,8.748898678414097
4430,473,4903,9.365750528541229
4905,466,5371,10.525751072961372
5385,488,5873,11.03483606557377
5876,470,6346,12.502127659574468
6359,458,6817,13.884279475982533
6825,92,6917,74.18478260869566
6941,276,7217,25.14855072463768
102,1022,1124,0.0998043052837573
13,370,383,0.0351351351351351
207,11,218,18.818181818181817
281,108,389,2.601851851851852
450,160,610,2.8125
643,201,844,3.199004975124378
866,225,1091,3.848888888888889
1127,244,1371,4.618852459016393
1384,940,2324,1.4723404255319148
2327,495,2822,4.701010101010101
2863,789,3652,3.628643852978454
3704,599,4303,6.183639398998331
79,566,645,0.1395759717314487
667,574,1241,1.1620209059233448
1246,424,1670,2.938679245283019
1689,405,2094,4.17037037037037
2119,61,2180,34.73770491803279
285,380,665,0.75
719,391,1110,1.8388746803069052
1131,925,2056,1.2227027027027026
2081,952,3033,2.185924369747899
3079,952,4031,3.234243697478992
4033,170,4203,23.723529411764705
4240,959,5199,4.421272158498436
5201,163,5364,31.9079754601227
79,52,131,1.5192307692307692
566,109,675,5.192660550458716
1443,131,1574,11.01526717557252
2078,398,2476,5.221105527638191
2502,58,2560,43.13793103448276
3495,263,3758,13.28897338403042
5614,246,5860,22.821138211382117
5882,13,5895,452.46153846153845
5997,258,6255,23.24418604651163
6283,271,6554,23.18450184501845
6566,284,6850,23.11971830985916
6863,284,7147,24.16549295774648
1618,958,2576,1.6889352818371608
591,736,1327,0.8029891304347826
37,664,701,0.055722891566265
713,552,1265,1.2916666666666667
1278,574,1852,2.226480836236934
1907,657,2564,2.902587519025875
2760,613,3373,4.502446982055465
3441,717,4158,4.799163179916318
7271,721,7992,10.084604715672675
168,864,1032,0.1944444444444444
1039,218,1257,4.76605504587156
19,782,801,0.0242966751918158
812,423,1235,1.919621749408984
1344,564,1908,2.382978723404255
2066,501,2567,4.12375249500998
2588,531,3119,4.873822975517891
3131,238,3369,13.155462184873947
3377,396,3773,8.527777777777779
3851,779,4630,4.943517329910141
4639,465,5104,9.976344086021506
5116,338,5454,15.136094674556212
5463,410,5873,13.32439024390244
5880,101,5981,58.21782178217822
400,960,1360,0.4166666666666667
1397,700,2097,1.9957142857142856
2137,381,2518,5.608923884514436
2572,364,2936,7.065934065934066
3008,374,3382,8.042780748663102
3393,453,3846,7.490066225165563
19,27,46,0.7037037037037037
48,29,77,1.6551724137931034
81,209,290,0.3875598086124402
303,220,523,1.3772727272727272
532,341,873,1.560117302052786
879,62,941,14.17741935483871
969,407,1376,2.380835380835381
1393,407,1800,3.4226044226044228
1820,100,1920,18.2
1946,408,2354,4.769607843137255
303,681,984,0.4449339207048458
1011,789,1800,1.2813688212927756
1829,500,2329,3.658
1142,909,2051,1.2563256325632564
2058,1004,3062,2.049800796812749
221,406,627,0.5443349753694581
1343,211,1554,6.364928909952607
1583,709,2292,2.232722143864598
2504,317,2821,7.899053627760252
2823,60,2883,47.05
4901,17,4918,288.29411764705884
12,341,353,0.0351906158357771
1401,808,2209,1.733910891089109
2222,663,2885,3.3514328808446456
47,434,481,0.108294930875576
495,410,905,1.2073170731707317
994,462,1456,2.1515151515151514
1484,575,2059,2.5808695652173914
2080,101,2181,20.594059405940595
2264,178,2442,12.719101123595506
2456,453,2909,5.421633554083885
2924,636,3560,4.59748427672956
3574,596,4170,5.996644295302014
5268,241,5509,21.858921161825727
6621,206,6827,32.140776699029125
6879,271,7150,25.383763837638377
7174,505,7679,14.205940594059406
60,781,841,0.0768245838668373
848,810,1658,1.0469135802469136
1665,175,1840,9.514285714285714
1895,859,2754,2.2060535506402794
2761,464,3225,5.950431034482759
3265,807,4072,4.045848822800496
4114,898,5012,4.581291759465479
5033,338,5371,14.8905325443787
5382,465,5847,11.574193548387097
16,659,675,0.0242792109256449
688,845,1533,0.8142011834319527
1546,745,2291,2.0751677852348998
2306,639,2945,3.608763693270736
530,32,562,16.5625
600,28,628,21.428571428571427
769,49,818,15.693877551020408
840,36,876,23.33333333333333
1362,288,1650,4.729166666666667
1913,46,1959,41.58695652173913
2047,435,2482,4.705747126436782
2485,68,2553,36.544117647058826
2703,687,3390,3.934497816593887
3408,160,3568,21.3
3666,556,4222,6.593525179856115
4302,224,4526,19.205357142857142
4544,114,4658,39.85964912280702
171,3,174,57.0
2326,602,2928,3.8637873754152814
50,794,844,0.0629722921914357
866,636,1502,1.3616352201257862
2061,654,2715,3.1513761467889907
34,186,220,0.1827956989247312
274,250,524,1.096
612,294,906,2.0816326530612246
959,237,1196,4.046413502109704
1263,353,1616,3.5779036827195467
1785,359,2144,4.972144846796658
6987,881,7868,7.930760499432463
118,430,548,0.2744186046511628
550,379,929,1.4511873350923483
1018,245,1263,4.155102040816327
1265,355,1620,3.563380281690141
1665,364,2029,4.574175824175824
26,306,332,0.0849673202614379
22,1008,1030,0.0218253968253968
662,92,754,7.195652173913044
898,360,1258,2.4944444444444445
1286,87,1373,14.781609195402298
1379,736,2115,1.8736413043478264
2153,765,2918,2.8143790849673205
2944,348,3292,8.459770114942529
3321,433,3754,7.669745958429561
3756,297,4053,12.646464646464649
4124,518,4642,7.961389961389961
4666,755,5421,6.180132450331126
845,438,1283,1.9292237442922373
1293,330,1623,3.918181818181818
3791,12,3803,315.9166666666667
5833,12,5845,486.0833333333333
6177,12,6189,514.75
15,549,564,0.0273224043715847
579,500,1079,1.158
138,4,142,34.5
446,4,450,111.5
457,19,476,24.05263157894737
643,4,647,160.75
682,727,1409,0.938101788170564
103,224,327,0.4598214285714285
36,38,74,0.9473684210526316
587,122,709,4.811475409836065
744,591,1335,1.2588832487309645
1348,698,2046,1.9312320916905443
2059,1023,3082,2.0127077223851417
3090,425,3515,7.270588235294118
3537,962,4499,3.676715176715177
4507,638,5145,7.064263322884012
5194,773,5967,6.719275549805951
19,341,360,0.0557184750733137
371,484,855,0.7665289256198347
6,44,50,0.1363636363636363
1559,357,1916,4.366946778711484
1922,285,2207,6.743859649122807
21,657,678,0.0319634703196347
39,29,68,1.3448275862068966
729,323,1052,2.2569659442724457
1066,645,1711,1.6527131782945736
1720,638,2358,2.695924764890282
2366,662,3028,3.5740181268882174
95,538,633,0.1765799256505576
728,537,1265,1.355679702048417
1362,590,1952,2.3084745762711862
1989,919,2908,2.16430903155604
2947,810,3757,3.638271604938272
3811,824,4635,4.625
32,976,1008,0.0327868852459016
33,793,826,0.0416141235813367
550,307,857,1.791530944625407
1383,264,1647,5.238636363636363
1848,298,2146,6.201342281879195
2180,950,3130,2.294736842105263
3145,1009,4154,3.1169474727452924
4157,794,4951,5.23551637279597
4987,427,5414,11.679156908665105
5437,1012,6449,5.372529644268774
735,386,1121,1.9041450777202076
1137,201,1338,5.656716417910448
1346,160,1506,8.4125
1518,249,1767,6.096385542168675
1784,257,2041,6.941634241245136
2063,390,2453,5.28974358974359
2467,263,2730,9.38022813688213
46,611,657,0.0752864157119476
667,489,1156,1.3640081799591002
1164,392,1556,2.9693877551020407
1585,77,1662,20.584415584415584
1673,360,2033,4.647222222222222
2050,442,2492,4.638009049773756
2504,492,2996,5.089430894308944
3039,255,3294,11.91764705882353
3380,481,3861,7.027027027027027
3881,551,4432,7.043557168784029
4439,456,4895,9.734649122807015
4920,397,5317,12.39294710327456
5376,321,5697,16.747663551401867
5728,527,6255,10.869070208728653
6281,155,6436,40.52258064516129
6984,344,7328,20.302325581395348
7351,654,8005,11.240061162079511
31,357,388,0.0868347338935574
398,143,541,2.783216783216784
567,437,1004,1.297482837528604
1009,605,1614,1.6677685950413224
1644,564,2208,2.9148936170212765
2225,542,2767,4.105166051660516
2779,479,3258,5.801670146137787
3280,433,3713,7.575057736720554
3725,525,4250,7.095238095238095
4292,437,4729,9.821510297482838
4743,434,5177,10.928571428571429
5205,75,5280,69.4
5284,79,5363,66.88607594936708
5380,73,5453,73.6986301369863
5466,663,6129,8.244343891402714
6197,804,7001,7.70771144278607
7283,743,8026,9.802153432032302
518,145,663,3.5724137931034483
703,713,1416,0.9859747545582048
1536,842,2378,1.824228028503563
2470,315,2785,7.841269841269841
2830,285,3115,9.929824561403509
3189,362,3551,8.80939226519337
3792,854,4646,4.4402810304449645
4675,946,5621,4.941860465116279
28,618,646,0.0453074433656957
665,454,1119,1.4647577092511013
1128,565,1693,1.9964601769911503
1701,565,2266,3.010619469026549
71,507,578,0.1400394477317554
613,674,1287,0.9094955489614244
1344,623,1967,2.157303370786517
2040,530,2570,3.849056603773585
2600,486,3086,5.349794238683128
31,394,425,0.0786802030456852
1086,687,1773,1.5807860262008733
15,793,808,0.0189155107187894
830,334,1164,2.4850299401197606
1173,491,1664,2.389002036659878
1740,323,2063,5.386996904024768
2086,435,2521,4.795402298850575
2533,91,2624,27.83516483516484
2672,723,3395,3.695712309820194
3401,352,3753,9.661931818181818
155,542,697,0.2859778597785978
709,709,1418,1.0
1429,599,2028,2.385642737896494
91,113,204,0.8053097345132744
321,513,834,0.6257309941520468
871,513,1384,1.6978557504873295
1434,822,2256,1.7445255474452557
28,37,65,0.7567567567567568
73,296,369,0.2466216216216216
386,173,559,2.23121387283237
1850,517,2367,3.578336557059961
4221,428,4649,9.86214953271028
6511,390,6901,16.694871794871794
22,241,263,0.0912863070539419
297,568,865,0.522887323943662
414,24,438,17.25
1107,25,1132,44.28
1832,24,1856,76.33333333333333
2507,23,2530,109.0
3184,24,3208,132.66666666666666
3920,23,3943,170.43478260869566
4638,179,4817,25.910614525139664
4829,38,4867,127.07894736842104
4880,47,4927,103.82978723404256
4987,65,5052,76.72307692307692
5111,94,5205,54.37234042553192
5857,139,5996,42.13669064748201
6445,351,6796,18.36182336182336
6801,322,7123,21.12111801242236
271,956,1227,0.2834728033472803
1235,948,2183,1.3027426160337552
2191,453,2644,4.836644591611479
5716,628,6344,9.101910828025478
6401,651,7052,9.832565284178187
7094,866,7960,8.191685912240185
436,1008,1444,0.4325396825396825
1447,603,2050,2.399668325041459
2053,497,2550,4.130784708249497
2568,736,3304,3.489130434782609
3316,28,3344,118.42857142857144
3353,499,3852,6.719438877755511
3860,729,4589,5.2949245541838135
4623,399,5022,11.586466165413531
5024,228,5252,22.035087719298247
18,89,107,0.2022471910112359
118,204,322,0.5784313725490197
334,425,759,0.7858823529411765
771,209,980,3.688995215311005
992,371,1363,2.673854447439353
1375,305,1680,4.508196721311475
1698,446,2144,3.807174887892377
2159,331,2490,6.522658610271903
2505,348,2853,7.198275862068965
2871,405,3276,7.088888888888889
3311,359,3670,9.22284122562674
3703,417,4120,8.880095923261392
4127,88,4215,46.89772727272727
4223,229,4452,18.441048034934497
4485,447,4932,10.033557046979864
4950,452,5402,10.951327433628318
5412,239,5651,22.644351464435147
5666,67,5733,84.56716417910448
709,396,1105,1.7904040404040404
1121,428,1549,2.619158878504673
83,378,461,0.2195767195767195
472,47,519,10.04255319148936
525,162,687,3.240740740740741
698,3,701,232.66666666666663
715,139,854,5.143884892086331
870,205,1075,4.243902439024391
1093,232,1325,4.711206896551724
1346,144,1490,9.34722222222222
166,861,1027,0.1927990708478513
1042,644,1686,1.6180124223602483
68,797,865,0.0853199498117942
868,592,1460,1.4662162162162162
17,713,730,0.0238429172510518
1968,179,2147,10.994413407821227
35,682,717,0.0513196480938416
728,834,1562,0.8729016786570744
1573,560,2133,2.8089285714285714
2146,228,2374,9.412280701754383
2392,263,2655,9.095057034220533
2680,471,3151,5.690021231422505
3185,496,3681,6.421370967741935
3692,657,4349,5.619482496194825
4367,470,4837,9.291489361702128
451,270,721,1.6703703703703705
743,81,824,9.17283950617284
854,26,880,32.84615384615385
911,348,1259,2.617816091954023
1277,136,1413,9.389705882352942
47,513,560,0.0916179337231968
78,952,1030,0.0819327731092437
1047,647,1694,1.6182380216383307
1750,322,2072,5.434782608695652
2115,324,2439,6.527777777777778
2518,905,3423,2.7823204419889502
3481,372,3853,9.35752688172043
3921,472,4393,8.307203389830509
4466,922,5388,4.843817787418655
5479,932,6411,5.878755364806867
6490,309,6799,21.00323624595469
6801,195,6996,34.87692307692308
6998,154,7152,45.44155844155844
7154,275,7429,26.014545454545456
7431,208,7639,35.72596153846154
390,368,758,1.059782608695652
1592,597,2189,2.6666666666666665
2924,59,2983,49.559322033898304
3771,614,4385,6.141693811074918
4392,212,4604,20.71698113207547
4615,709,5324,6.5091678420310295
5336,593,5929,8.99831365935919
5970,354,6324,16.864406779661017
6339,707,7046,8.966053748231966
7075,339,7414,20.87020648967552
1215,359,1574,3.384401114206128
1992,505,2497,3.944554455445545
2513,646,3159,3.890092879256966
2899,387,3286,7.490956072351421
3288,404,3692,8.138613861386139
3767,301,4068,12.514950166112955
4070,360,4430,11.305555555555555
4595,319,4914,14.404388714733544
4958,359,5317,13.81058495821727
5563,378,5941,14.716931216931217
78,441,519,0.1768707482993197
528,707,1235,0.7468175388967468
15,508,523,0.0295275590551181
73,780,853,0.0935897435897435
927,556,1483,1.6672661870503598
31,615,646,0.0504065040650406
669,468,1137,1.4294871794871795
1166,196,1362,5.948979591836735
1371,427,1798,3.210772833723653
1828,198,2026,9.232323232323232
2053,477,2530,4.30398322851153
99,401,500,0.2468827930174563
69,996,1065,0.0692771084337349
1152,506,1658,2.2766798418972334
1706,535,2241,3.188785046728972
2253,563,2816,4.001776198934281
2859,512,3371,5.583984375
3448,471,3919,7.320594479830149
3966,619,4585,6.407108239095315
4621,902,5523,5.123059866962306
5532,981,6513,5.63914373088685
6542,563,7105,11.619893428063945
7139,562,7701,12.702846975088969
91,397,488,0.2292191435768261
492,384,876,1.28125
924,422,1346,2.18957345971564
1412,408,1820,3.4607843137254903
1824,384,2208,4.75
2269,410,2679,5.534146341463415
2683,454,3137,5.909691629955947
3171,370,3541,8.57027027027027
3545,446,3991,7.948430493273543
3997,451,4448,8.862527716186253
4486,405,4891,11.076543209876544
4900,172,5072,28.48837209302325
176,409,585,0.4303178484107579
587,446,1033,1.3161434977578474
2453,314,2767,7.812101910828026
2769,145,2914,19.09655172413793
2961,283,3244,10.462897526501768
3273,520,3793,6.2942307692307695
3795,367,4162,10.340599455040872
4259,522,4781,8.159003831417625
4864,403,5267,12.069478908188586
5269,342,5611,15.40643274853801
237,538,775,0.4405204460966542
315,319,634,0.987460815047022
807,344,1151,2.3459302325581395
1290,330,1620,3.909090909090909
1760,299,2059,5.88628762541806
2167,267,2434,8.116104868913858
10,624,634,0.016025641025641
688,646,1334,1.065015479876161
22,191,213,0.1151832460732984
226,324,550,0.6975308641975309
563,310,873,1.8161290322580643
889,365,1254,2.4356164383561643
1275,228,1503,5.592105263157895
87,801,888,0.1086142322097378
912,640,1552,1.425
1566,423,1989,3.702127659574468
2002,429,2431,4.666666666666667
2449,526,2975,4.655893536121673
2988,580,3568,5.151724137931034
57,245,302,0.2326530612244897
343,243,586,1.411522633744856
833,291,1124,2.8625429553264605
1185,242,1427,4.896694214876033
1485,232,1717,6.400862068965517
1906,280,2186,6.807142857142857
2550,355,2905,7.183098591549296
3108,921,4029,3.3745928338762217
4267,965,5232,4.421761658031088
36,63,99,0.5714285714285714
78,463,541,0.1684665226781857
576,1000,1576,0.576
1591,918,2509,1.733115468409586
2533,691,3224,3.665701881331404
3261,972,4233,3.3549382716049383
4248,39,4287,108.92307692307692
4315,996,5311,4.332329317269076
5328,764,6092,6.973821989528796
6148,300,6448,20.49333333333333
6510,882,7392,7.380952380952381
68,1006,1074,0.0675944333996023
1112,489,1601,2.2740286298568506
18,963,981,0.0186915887850467
989,905,1894,1.0928176795580111
25,557,582,0.044883303411131
604,569,1173,1.0615114235500878
1190,562,1752,2.117437722419929
1767,597,2364,2.959798994974874
2392,47,2439,50.8936170212766
22,337,359,0.0652818991097922
371,426,797,0.8708920187793427
818,267,1085,3.0636704119850187
1108,362,1470,3.0607734806629834
1499,328,1827,4.570121951219512
1850,358,2208,5.167597765363128
12,378,390,0.0317460317460317
429,649,1078,0.6610169491525424
1850,517,2367,3.578336557059961
4221,428,4649,9.86214953271028
6511,390,6901,16.694871794871794
240,581,821,0.4130808950086058
32,404,436,0.0792079207920792
432,37,469,11.675675675675675
864,965,1829,0.8953367875647669
498,18,516,27.666666666666668
528,49,577,10.775510204081632
603,121,724,4.983471074380165
734,134,868,5.477611940298507
897,216,1113,4.152777777777778
1126,57,1183,19.75438596491228
1194,279,1473,4.279569892473118
1483,186,1669,7.973118279569892
160,41,201,3.902439024390244
236,266,502,0.8872180451127819
24,591,615,0.0406091370558375
680,469,1149,1.4498933901918976
1173,311,1484,3.771704180064309
1505,268,1773,5.615671641791045
1861,789,2650,2.358681875792142
2680,490,3170,5.469387755102041
32,593,625,0.0539629005059021
661,611,1272,1.0818330605564648
1307,702,2009,1.8618233618233615
2277,888,3165,2.564189189189189
3245,662,3907,4.901812688821752
3960,669,4629,5.9192825112107625
4666,727,5393,6.418156808803301
5459,622,6081,8.77652733118971
6131,752,6883,8.152925531914894
7008,879,7887,7.972696245733788
33,469,502,0.0703624733475479
537,587,1124,0.9148211243611584
1235,709,1944,1.7418899858956276
2003,734,2737,2.7288828337874658
2782,698,3480,3.98567335243553
3502,498,4000,7.032128514056225
4021,636,4657,6.322327044025157
4685,687,5372,6.819505094614265
5825,511,6336,11.399217221135029
6816,943,7759,7.2279957582184515
7767,157,7924,49.47133757961783
15,278,293,0.0539568345323741
440,758,1198,0.5804749340369393
1267,975,2242,1.2994871794871794
2330,714,3044,3.2633053221288515
3091,811,3902,3.81134401972873
3931,839,4770,4.685339690107271
4802,915,5717,5.248087431693989
5788,882,6670,6.562358276643991
6698,771,7469,8.687418936446173
8,239,247,0.0334728033472803
251,290,541,0.8655172413793103
545,295,840,1.847457627118644
860,310,1170,2.774193548387097
1174,229,1403,5.126637554585153
51,461,512,0.1106290672451193
517,773,1290,0.6688227684346701
46,695,741,0.0661870503597122
799,709,1508,1.1269393511988717
1597,682,2279,2.341642228739003
2316,740,3056,3.1297297297297297
3087,515,3602,5.994174757281553
3645,683,4328,5.33674963396779
4362,677,5039,6.443131462333826
5067,690,5757,7.343478260869565
5810,731,6541,7.948016415868673
6584,653,7237,10.082695252679938
7270,719,7989,10.111265646731573
15,491,506,0.0305498981670061
538,479,1017,1.1231732776617953
1031,498,1529,2.070281124497992
1539,736,2275,2.0910326086956523
2296,332,2628,6.9156626506024095
192,18,210,10.666666666666666
152,200,352,0.76
360,204,564,1.7647058823529411
580,737,1317,0.7869742198100407
1349,791,2140,1.7054361567635905
2317,675,2992,3.4325925925925924
3002,234,3236,12.82905982905983
3258,214,3472,15.22429906542056
3491,325,3816,10.74153846153846
3826,310,4136,12.341935483870968
21,474,495,0.0443037974683544
519,906,1425,0.5728476821192053
1501,720,2221,2.084722222222222
2243,479,2722,4.682672233820459
2738,923,3661,2.966413867822318
3705,601,4306,6.164725457570715
4379,700,5079,6.255714285714285
5113,589,5702,8.68081494057725
5724,390,6114,14.676923076923076
6136,822,6958,7.464720194647202
6984,782,7766,8.930946291560103
574,392,966,1.4642857142857142
1313,506,1819,2.5948616600790517
196,862,1058,0.2273781902552204
1066,948,2014,1.1244725738396624
2030,67,2097,30.29850746268657
2106,906,3012,2.3245033112582782
3217,840,4057,3.829761904761905
1705,763,2468,2.2346002621231977
2524,97,2621,26.02061855670103
2632,103,2735,25.553398058252423
2737,36,2773,76.02777777777777
2784,176,2960,15.818181818181818
80,615,695,0.1300813008130081
701,264,965,2.6553030303030303
990,160,1150,6.1875
1175,214,1389,5.490654205607477
1396,339,1735,4.117994100294985
31,381,412,0.0813648293963254
461,143,604,3.223776223776224
90,206,296,0.4368932038834951
305,181,486,1.6850828729281768
515,233,748,2.2103004291845494
85,586,671,0.1450511945392491
697,740,1437,0.941891891891892
12,767,779,0.0156453715775749
150,1018,1168,0.1473477406679764
1184,985,2169,1.202030456852792
2189,999,3188,2.191191191191191
3203,945,4148,3.389417989417989
33,336,369,0.0982142857142857
239,124,363,1.9274193548387095
445,89,534,5.0
563,184,747,3.0597826086956523
991,211,1202,4.696682464454977
1234,255,1489,4.8392156862745095
1503,200,1703,7.515
1781,282,2063,6.315602836879433
2079,167,2246,12.449101796407186
2287,278,2565,8.226618705035971
2643,117,2760,22.58974358974359
3070,507,3577,6.055226824457594
3593,167,3760,21.51497005988024
3772,206,3978,18.310679611650485
4209,845,5054,4.981065088757396
5068,309,5377,16.401294498381876
5393,386,5779,13.971502590673577
5790,481,6271,12.037422037422038
13,307,320,0.0423452768729641
345,708,1053,0.4872881355932203
2131,354,2485,6.019774011299435
17,419,436,0.0405727923627685
453,395,848,1.1468354430379746
872,437,1309,1.9954233409610984
1348,419,1767,3.217183770883055
1769,403,2172,4.389578163771712
2174,382,2556,5.69109947643979
2558,386,2944,6.626943005181347
2946,393,3339,7.4961832061068705
3341,399,3740,8.3734335839599
3742,466,4208,8.030042918454935
51,143,194,0.3566433566433566
242,432,674,0.5601851851851852
687,293,980,2.344709897610921
997,191,1188,5.219895287958115
1304,448,1752,2.9107142857142856
1832,356,2188,5.146067415730337
2237,480,2717,4.660416666666666
2769,441,3210,6.27891156462585
3290,156,3446,21.08974358974359
3475,28,3503,124.10714285714286
3568,66,3634,54.06060606060606
3726,90,3816,41.4
3864,101,3965,38.257425742574256
4262,378,4640,11.275132275132275
4774,394,5168,12.116751269035532
5367,382,5749,14.049738219895287
5923,115,6038,51.50434782608696
6091,275,6366,22.14909090909091
6451,356,6807,18.120786516853933
6946,282,7228,24.631205673758867
7569,437,8006,17.320366132723112
306,41,347,7.463414634146342
502,600,1102,0.8366666666666667
1111,197,1308,5.6395939086294415
1330,573,1903,2.3211169284467714
1941,158,2099,12.28481012658228
2114,540,2654,3.914814814814815
2694,323,3017,8.340557275541796
2314,55,2369,42.07272727272727
2384,179,2563,13.318435754189943
2588,193,2781,13.409326424870466
2801,240,3041,11.670833333333333
3059,188,3247,16.27127659574468
3854,258,4112,14.937984496124033
4123,206,4329,20.01456310679612
4343,334,4677,13.002994011976048
4691,235,4926,19.96170212765957
4948,403,5351,12.277915632754343
5365,344,5709,15.59593023255814
5779,412,6191,14.026699029126211
156,27,183,5.777777777777778
1974,28,2002,70.5
2080,259,2339,8.03088803088803
2380,240,2620,9.916666666666666
2633,213,2846,12.36150234741784
2860,243,3103,11.76954732510288
3115,230,3345,13.543478260869565
3350,381,3731,8.79265091863517
3736,41,3777,91.1219512195122
24,672,696,0.0357142857142857
130,446,576,0.2914798206278027
584,413,997,1.414043583535109
1013,276,1289,3.670289855072464
1297,462,1759,2.8073593073593077
1767,629,2396,2.809220985691574
59,604,663,0.097682119205298
18,470,488,0.0382978723404255
5359,585,5944,9.16068376068376
29,39,68,0.7435897435897436
70,13,83,5.384615384615385
89,15,104,5.933333333333334
106,11,117,9.636363636363637
120,12,132,10.0
134,12,146,11.166666666666666
149,11,160,13.545454545454543
170,21,191,8.095238095238095
196,4,200,49.0
205,18,223,11.38888888888889
225,41,266,5.487804878048781
271,5,276,54.2
289,60,349,4.816666666666666
355,18,373,19.72222222222222
376,54,430,6.962962962962963
466,88,554,5.295454545454546
32,781,813,0.0409731113956466
1869,209,2078,8.942583732057416
2123,437,2560,4.85812356979405
2597,322,2919,8.065217391304348
2964,683,3647,4.339677891654466
3673,725,4398,5.066206896551724
4409,639,5048,6.899843505477309
96,579,675,0.1658031088082901
694,201,895,3.45273631840796
78,372,450,0.2096774193548387
1898,640,2538,2.965625
2554,214,2768,11.934579439252335
150,22,172,6.818181818181818
668,826,1494,0.8087167070217918
1568,799,2367,1.962453066332916
2602,795,3397,3.2729559748427675
3429,911,4340,3.7639956092206366
4350,829,5179,5.247285886610374
49,118,167,0.4152542372881356
1723,416,2139,4.141826923076923
2170,179,2349,12.12290502793296
2358,328,2686,7.189024390243903
2723,109,2832,24.98165137614679
2865,353,3218,8.11614730878187
3235,178,3413,18.174157303370787
3426,229,3655,14.960698689956333
3682,381,4063,9.664041994750656
4071,189,4260,21.53968253968254
4278,259,4537,16.517374517374517
4553,228,4781,19.969298245614038
4798,233,5031,20.59227467811159
5039,258,5297,19.531007751937985
5321,164,5485,32.44512195121951
5494,228,5722,24.09649122807017
5732,249,5981,23.02008032128514
5997,320,6317,18.740625
6358,328,6686,19.384146341463413
6701,414,7115,16.185990338164252
7148,274,7422,26.087591240875916
7435,272,7707,27.334558823529413
7741,260,8001,29.773076923076925
1394,937,2331,1.487726787620064
2334,420,2754,5.557142857142857
2826,646,3472,4.374613003095975
3518,529,4047,6.650283553875236
4068,463,4531,8.786177105831534
4568,639,5207,7.148669796557121
5235,545,5780,9.605504587155965
5789,394,6183,14.692893401015228
6191,562,6753,11.016014234875446
6922,217,7139,31.898617511520737
7253,594,7847,12.210437710437713
24,191,215,0.1256544502617801
305,171,476,1.783625730994152
1724,899,2623,1.917686318131257
2625,706,3331,3.718130311614731
4911,639,5550,7.685446009389671
5552,206,5758,26.95145631067961
5760,391,6151,14.731457800511508
6153,366,6519,16.811475409836067
7321,425,7746,17.225882352941177
7748,308,8056,25.15584415584416
15,30,45,0.5
64,131,195,0.4885496183206106
210,127,337,1.653543307086614
344,230,574,1.4956521739130435
582,235,817,2.476595744680851
835,199,1034,4.195979899497488
1045,100,1145,10.45
1154,201,1355,5.741293532338308
1373,203,1576,6.763546798029557
24,607,631,0.0395387149917627
668,692,1360,0.9653179190751444
1372,638,2010,2.150470219435737
2019,616,2635,3.2775974025974026
2667,577,3244,4.622183708838821
3258,611,3869,5.332242225859247
11,447,458,0.0246085011185682
505,257,762,1.9649805447470816
23,464,487,0.0495689655172413
512,122,634,4.19672131147541
649,507,1156,1.280078895463511
548,347,895,1.579250720461095
898,356,1254,2.52247191011236
1257,339,1596,3.707964601769912
1599,314,1913,5.092356687898089
1916,121,2037,15.834710743801653
2055,403,2458,5.099255583126551
32,588,620,0.0544217687074829
638,514,1152,1.2412451361867705
1171,502,1673,2.3326693227091635
16,341,357,0.0469208211143695
373,376,749,0.9920212765957448
765,503,1268,1.5208747514910537
1285,505,1790,2.5445544554455446
1811,284,2095,6.376760563380282
2124,192,2316,11.0625
42,108,150,0.3888888888888889
803,747,1550,1.074966532797858
2444,769,3213,3.1781534460338103
3217,756,3973,4.255291005291006
3996,809,4805,4.939431396786156
4813,759,5572,6.341238471673254
27,501,528,0.0538922155688622
561,640,1201,0.8765625
57,304,361,0.1875
2679,723,3402,3.7053941908713695
2005,884,2889,2.268099547511312
2909,213,3122,13.657276995305164
3156,211,3367,14.95734597156398
3374,498,3872,6.775100401606426
3892,82,3974,47.46341463414634
3994,54,4048,73.96296296296296
4061,132,4193,30.76515151515152
4196,381,4577,11.013123359580051
4580,474,5054,9.662447257383969
5057,705,5762,7.173049645390071
5778,146,5924,39.57534246575342
6145,718,6863,8.55849582172702
7608,6,7614,1268.0
7653,3,7656,2551.0
2,24,26,0.0833333333333333
32,239,271,0.1338912133891213
139,718,857,0.1935933147632312
886,570,1456,1.5543859649122806
161,901,1062,0.1786903440621531
1069,454,1523,2.354625550660793
1560,264,1824,5.909090909090909
1847,374,2221,4.938502673796791
2830,466,3296,6.072961373390558
1173,360,1533,3.2583333333333333
1553,394,1947,3.9416243654822334
1964,380,2344,5.168421052631579
55,972,1027,0.0565843621399176
1054,695,1749,1.516546762589928
1766,768,2534,2.2994791666666665
2545,747,3292,3.406961178045516
3307,918,4225,3.60239651416122
4260,1013,5273,4.20533070088845
5288,832,6120,6.355769230769231
6148,941,7089,6.533475026567482
7100,668,7768,10.62874251497006
43,608,651,0.0707236842105263
666,425,1091,1.5670588235294118
1115,668,1783,1.6691616766467066
1806,638,2444,2.830721003134796
3515,599,4114,5.868113522537563
4146,822,4968,5.043795620437956
4979,768,5747,6.483072916666667
5798,451,6249,12.855875831485587
6272,524,6796,11.969465648854962
6818,688,7506,9.909883720930232
22,417,439,0.052757793764988
447,495,942,0.9030303030303032
961,565,1526,1.7008849557522123
1558,627,2185,2.484848484848485
2191,304,2495,7.207236842105263
2506,707,3213,3.5445544554455446
3221,625,3846,5.1536
3852,613,4465,6.283849918433932
4472,486,4958,9.20164609053498
4975,592,5567,8.403716216216216
5583,345,5928,16.182608695652174
5958,309,6267,19.281553398058254
6305,312,6617,20.20833333333333
6660,308,6968,21.623376623376625
12,33,45,0.3636363636363636
24,856,880,0.02803738317757
292,824,1116,0.3543689320388349
1906,120,2026,15.883333333333333
2037,77,2114,26.454545454545453
2132,77,2209,27.68831168831169
449,810,1259,0.554320987654321
1752,922,2674,1.9002169197396963
3139,680,3819,4.616176470588235
18,512,530,0.03515625
552,523,1075,1.0554493307839388
1089,484,1573,2.25
1592,541,2133,2.942698706099815
35,715,750,0.0489510489510489
696,55,751,12.654545454545454
830,85,915,9.764705882352942
1066,57,1123,18.70175438596491
339,1014,1353,0.3343195266272189
1355,491,1846,2.759674134419552
2185,1014,3199,2.1548323471400392
3201,491,3692,6.519348268839104
3694,181,3875,20.408839779005525
4214,1001,5215,4.20979020979021
5217,807,6024,6.4646840148698885
6026,944,6970,6.383474576271187
68,79,147,0.8607594936708861
244,410,654,0.5951219512195122
686,328,1014,2.091463414634146
158,353,511,0.4475920679886686
513,467,980,1.0985010706638116
1016,453,1469,2.2428256070640176
1505,380,1885,3.960526315789474
1920,380,2300,5.052631578947368
2365,378,2743,6.256613756613756
2847,369,3216,7.715447154471545
3341,368,3709,9.078804347826088
3711,301,4012,12.32890365448505
4142,382,4524,10.842931937172777
4612,327,4939,14.103975535168196
5067,321,5388,15.785046728971963
5416,373,5789,14.5201072386059
5877,366,6243,16.057377049180328
6276,376,6652,16.69148936170213
6698,492,7190,13.613821138211382
7216,678,7894,10.64306784660767
143,737,880,0.1940298507462686
319,58,377,5.5
382,54,436,7.074074074074074
442,68,510,6.5
528,94,622,5.617021276595745
637,72,709,8.847222222222221
713,73,786,9.767123287671232
791,71,862,11.140845070422536
876,82,958,10.682926829268292
973,104,1077,9.35576923076923
1087,97,1184,11.206185567010309
1199,117,1316,10.247863247863249
1340,110,1450,12.181818181818182
1457,95,1552,15.336842105263155
1556,118,1674,13.186440677966102
1688,87,1775,19.402298850574716
1786,122,1908,14.63934426229508
1929,123,2052,15.682926829268292
31,137,168,0.2262773722627737
31,529,560,0.0586011342155009
1502,743,2245,2.0215343203230147
2276,387,2663,5.881136950904393
3815,997,4812,3.8264794383149447
4825,997,5822,4.839518555667001
5836,460,6296,12.68695652173913
6312,276,6588,22.869565217391305
57,644,701,0.0885093167701863
719,715,1434,1.0055944055944055
1472,655,2127,2.2473282442748093
2152,116,2268,18.55172413793104
41,661,702,0.0620272314674735
746,685,1431,1.089051094890511
1462,648,2110,2.256172839506173
101,133,234,0.7593984962406015
296,179,475,1.6536312849162011
490,224,714,2.1875
811,98,909,8.275510204081632
922,174,1096,5.298850574712644
29,255,284,0.1137254901960784
305,446,751,0.6838565022421524
768,565,1333,1.35929203539823
1350,581,1931,2.323580034423408
1954,676,2630,2.8905325443786984
2743,792,3535,3.4633838383838382
3564,752,4316,4.73936170212766
4407,696,5103,6.331896551724138
5183,661,5844,7.841149773071105
5892,688,6580,8.563953488372093
6638,720,7358,9.219444444444443
7395,688,8083,10.748546511627907
167,780,947,0.2141025641025641
983,460,1443,2.13695652173913
1472,517,1989,2.847195357833656
75,564,639,0.1329787234042553
672,277,949,2.4259927797833933
981,352,1333,2.7869318181818183
1338,278,1616,4.81294964028777
1624,8,1632,203.0
1637,292,1929,5.606164383561644
1947,687,2634,2.834061135371179
452,315,767,1.434920634920635
830,200,1030,4.15
1059,322,1381,3.2888198757763973
1446,302,1748,4.788079470198675
1895,341,2236,5.557184750733138
2265,296,2561,7.652027027027027
2618,687,3305,3.810771470160117
3376,552,3928,6.115942028985507
3955,502,4457,7.878486055776892
4530,437,4967,10.366132723112129
5053,458,5511,11.032751091703055
5627,519,6146,10.842003853564549
6322,473,6795,13.365750528541229
6824,448,7272,15.232142857142858
24,298,322,0.0805369127516778
18,970,988,0.0185567010309278
17,701,718,0.0242510699001426
753,994,1747,0.7575452716297787
1752,823,2575,2.1287970838396117
3303,100,3403,33.03
6730,639,7369,10.5320813771518
51,791,842,0.0644753476611883
880,823,1703,1.069258809234508
1724,559,2283,3.084078711985689
2346,940,3286,2.495744680851064
3294,691,3985,4.767004341534009
47,405,452,0.1160493827160493
481,298,779,1.6140939597315436
754,625,1379,1.2064
1417,52,1469,27.25
3284,950,4234,3.4568421052631577
4939,586,5525,8.428327645051194
6580,861,7441,7.642276422764228
22,575,597,0.0382608695652173
602,569,1171,1.0579964850615111
1296,957,2253,1.35423197492163
2255,504,2759,4.474206349206349
2796,679,3475,4.117820324005891
3516,670,4186,5.2477611940298505
4218,471,4689,8.955414012738853
4730,563,5293,8.401420959147424
5321,476,5797,11.178571428571429
61,784,845,0.0778061224489796
848,65,913,13.046153846153846
1290,544,1834,2.3713235294117645
1879,336,2215,5.592261904761905
2266,396,2662,5.722222222222222
2713,337,3050,8.050445103857566
3091,387,3478,7.987080103359173
129,640,769,0.2015625
798,137,935,5.824817518248175
1034,450,1484,2.2977777777777777
1627,130,1757,12.515384615384615
1810,401,2211,4.513715710723192
2438,406,2844,6.004926108374384
2858,681,3539,4.196769456681351
3600,609,4209,5.911330049261084
5310,485,5795,10.948453608247425
5812,705,6517,8.243971631205675
17,678,695,0.0250737463126843
699,151,850,4.629139072847682
859,48,907,17.895833333333332
915,171,1086,5.350877192982456
1115,624,1739,1.7868589743589745
1750,263,2013,6.653992395437262
2027,196,2223,10.341836734693878
2255,357,2612,6.3165266106442575
2622,92,2714,28.5
2717,111,2828,24.47747747747748
3267,335,3602,9.75223880597015
3639,425,4064,8.56235294117647
4090,516,4606,7.926356589147287
123,104,227,1.1826923076923077
155,925,1080,0.1675675675675675
120,1003,1123,0.1196410767696909
1128,115,1243,9.808695652173911
1266,250,1516,5.064
1531,307,1838,4.986970684039088
1840,30,1870,61.333333333333336
1945,654,2599,2.974006116207951
2610,406,3016,6.428571428571429
3028,563,3591,5.378330373001776
3613,617,4230,5.855753646677472
196,84,280,2.333333333333333
314,419,733,0.7494033412887828
814,345,1159,2.3594202898550725
1168,263,1431,4.44106463878327
1751,94,1845,18.627659574468087
1918,451,2369,4.252771618625277
2372,151,2523,15.708609271523178
2701,256,2957,10.55078125
2995,405,3400,7.395061728395062
3441,49,3490,70.22448979591837
3587,11,3598,326.09090909090907
3617,199,3816,18.175879396984925
3847,222,4069,17.32882882882883
4191,370,4561,11.327027027027029
4603,210,4813,21.919047619047618
4859,532,5391,9.13345864661654
5423,519,5942,10.44894026974952
6063,409,6472,14.8239608801956
6504,357,6861,18.218487394957982
6950,66,7016,105.3030303030303
7117,746,7863,9.540214477211796
97,198,295,0.4898989898989899
72,698,770,0.1031518624641833
33,530,563,0.0622641509433962
579,714,1293,0.8109243697478992
1301,385,1686,3.379220779220779
1738,326,2064,5.331288343558282
2104,410,2514,5.131707317073171
2538,446,2984,5.690582959641255
3024,354,3378,8.542372881355933
1286,981,2267,1.3109072375127422
2275,489,2764,4.652351738241308
4124,814,4938,5.066339066339066
5295,809,6104,6.545117428924598
6394,973,7367,6.571428571428571
24,186,210,0.1290322580645161
434,120,554,3.6166666666666663
56,809,865,0.069221260815822
110,250,360,0.44
435,668,1103,0.6511976047904192
1113,652,1765,1.7070552147239264
2404,738,3142,3.257452574525745
3177,367,3544,8.6566757493188
61,782,843,0.078005115089514
132,132,264,1.0
271,317,588,0.8548895899053628
595,349,944,1.7048710601719197
963,396,1359,2.4318181818181817
1366,452,1818,3.02212389380531
1825,357,2182,5.1120448179271705
2190,253,2443,8.65612648221344
370,152,522,2.4342105263157894
684,893,1577,0.7659574468085106
1619,833,2452,1.943577430972389
2458,653,3111,3.76416539050536
95,862,957,0.1102088167053364
961,646,1607,1.4876160990712075
442,602,1044,0.7342192691029901
551,561,1112,0.982174688057041
1163,594,1757,1.9579124579124576
23,234,257,0.0982905982905982
276,304,580,0.9078947368421052
609,269,878,2.2639405204460967
908,347,1255,2.61671469740634
1283,219,1502,5.858447488584475
1515,254,1769,5.964566929133858
1788,281,2069,6.362989323843417
55,618,673,0.0889967637540453
18,434,452,0.0414746543778801
482,591,1073,0.8155668358714044
1119,777,1896,1.4401544401544402
1924,777,2701,2.4761904761904763
2736,1011,3747,2.706231454005935
25,34,59,0.7352941176470589
315,479,794,0.6576200417536534
826,30,856,27.53333333333333
1481,621,2102,2.3848631239935587
28,618,646,0.0453074433656957
655,463,1118,1.4146868250539957
1129,439,1568,2.571753986332574
1600,455,2055,3.5164835164835164
1254,440,1694,2.85
1708,757,2465,2.2562747688243063
2484,304,2788,8.171052631578947
6,17,23,0.3529411764705882
253,327,580,0.7737003058103975
603,282,885,2.1382978723404253
920,311,1231,2.9581993569131835
1249,326,1575,3.831288343558282
1582,333,1915,4.750750750750751
2137,322,2459,6.636645962732919
2466,261,2727,9.448275862068966
2880,335,3215,8.597014925373134
3221,357,3578,9.022408963585434
3585,302,3887,11.870860927152318
3952,304,4256,13.0
4322,329,4651,13.13677811550152
4685,257,4942,18.2295719844358
4988,311,5299,16.038585209003216
5342,356,5698,15.00561797752809
5706,324,6030,17.61111111111111
6038,196,6234,30.806122448979597
6336,345,6681,18.36521739130435
6689,188,6877,35.57978723404256
6882,349,7231,19.719197707736388
7242,438,7680,16.534246575342465
278,34,312,8.176470588235293
14,242,256,0.0578512396694214
271,617,888,0.4392220421393841
909,209,1118,4.349282296650718
44,410,454,0.1073170731707317
495,819,1314,0.6043956043956044
1318,358,1676,3.681564245810056
108,872,980,0.1238532110091743
134,94,228,1.425531914893617
257,195,452,1.317948717948718
468,216,684,2.1666666666666665
1154,562,1716,2.0533807829181496
2838,717,3555,3.9581589958159
3618,992,4610,3.6471774193548394
4618,624,5242,7.4006410256410255
6356,958,7314,6.634655532359082
7350,487,7837,15.092402464065708
19,614,633,0.0309446254071661
650,375,1025,1.7333333333333334
1141,425,1566,2.684705882352941
1593,271,1864,5.878228782287823
1886,481,2367,3.920997920997921
2398,534,2932,4.49063670411985
16,371,387,0.0431266846361186
390,369,759,1.056910569105691
18,15,33,1.2
41,82,123,0.5
129,319,448,0.4043887147335423
456,639,1095,0.7136150234741784
1106,236,1342,4.686440677966102
1352,256,1608,5.28125
1622,257,1879,6.311284046692607
1896,262,2158,7.236641221374046
2168,247,2415,8.777327935222672
2426,272,2698,8.919117647058824
2710,245,2955,11.06122448979592
2963,251,3214,11.804780876494023
3226,232,3458,13.905172413793103
3473,240,3713,14.470833333333331
3737,155,3892,24.10967741935484
3902,707,4609,5.519094766619519
4617,290,4907,15.920689655172414
4918,257,5175,19.13618677042801
5188,274,5462,18.934306569343065
5472,247,5719,22.153846153846157
5729,258,5987,22.205426356589147
5996,254,6250,23.606299212598422
6264,310,6574,20.206451612903223
6584,314,6898,20.96815286624204
6909,282,7191,24.5
7204,334,7538,21.568862275449103
118,814,932,0.1449631449631449
970,823,1793,1.1786148238153098
166,273,439,0.608058608058608
452,260,712,1.7384615384615385
728,295,1023,2.467796610169492
1027,357,1384,2.876750700280112
1394,344,1738,4.0523255813953485
1748,271,2019,6.450184501845018
2034,423,2457,4.808510638297872
2460,352,2812,6.988636363636363
58,845,903,0.0686390532544378
937,474,1411,1.976793248945148
1434,943,2377,1.52067868504772
2413,1015,3428,2.3773399014778325
3458,625,4083,5.5328
4101,800,4901,5.12625
4970,748,5718,6.644385026737968
68,797,865,0.0853199498117942
96,173,269,0.5549132947976878
480,321,801,1.4953271028037385
806,314,1120,2.56687898089172
1125,313,1438,3.594249201277955
1443,259,1702,5.571428571428571
1707,267,1974,6.393258426966292
2048,338,2386,6.059171597633136
2485,261,2746,9.521072796934869
1275,1018,2293,1.2524557956777995
38,218,256,0.1743119266055046
273,146,419,1.86986301369863
188,429,617,0.4382284382284382
51,115,166,0.4434782608695652
537,998,1535,0.5380761523046093
17,701,718,0.0242510699001426
307,93,400,3.3010752688172045
2026,964,2990,2.1016597510373445
17,983,1000,0.017293997965412
235,846,1081,0.2777777777777778
1088,531,1619,2.048964218455744
1747,742,2489,2.3544474393531
19,394,413,0.0482233502538071
3717,810,4527,4.588888888888889
99,54,153,1.8333333333333333
1154,673,1827,1.714710252600297
1873,429,2302,4.365967365967366
2331,604,2935,3.859271523178808
2970,557,3527,5.332136445242369
3565,503,4068,7.087475149105368
4089,507,4596,8.065088757396449
4632,537,5169,8.625698324022347
5203,298,5501,17.459731543624162
5567,339,5906,16.421828908554573
5998,331,6329,18.12084592145015
6406,220,6626,29.118181818181817
6656,291,6947,22.872852233676976
6965,226,7191,30.81858407079646
7221,158,7379,45.70253164556962
7399,201,7600,36.81094527363184
7672,179,7851,42.86033519553072
841,818,1659,1.028117359413203
1675,542,2217,3.0904059040590406
2233,612,2845,3.648692810457516
2869,887,3756,3.234498308906426
3772,870,4642,4.335632183908046
4658,866,5524,5.378752886836028
5540,433,5973,12.79445727482679
5989,562,6551,10.65658362989324
6581,631,7212,10.42947702060222
7228,584,7812,12.376712328767123
72,79,151,0.9113924050632912
904,363,1267,2.490358126721763
1287,65,1352,19.8
3034,351,3385,8.643874643874645
3404,53,3457,64.22641509433963
3679,456,4135,8.067982456140351
4155,457,4612,9.091903719912471
70,245,315,0.2857142857142857
361,242,603,1.491735537190083
656,391,1047,1.6777493606138107
84,823,907,0.1020656136087484
934,570,1504,1.6385964912280702
13,286,299,0.0454545454545454
321,331,652,0.9697885196374624
667,373,1040,1.7882037533512063
1050,817,1867,1.285189718482252
1879,655,2534,2.868702290076336
200,371,571,0.5390835579514824
585,490,1075,1.1938775510204085
1091,383,1474,2.848563968668407
1480,415,1895,3.566265060240964
1950,308,2258,6.331168831168832
2290,440,2730,5.204545454545454
19,473,492,0.040169133192389
518,460,978,1.126086956521739
997,347,1344,2.873198847262248
1359,397,1756,3.4231738035264483
1783,499,2282,3.5731462925851702
2315,599,2914,3.8647746243739567
2956,366,3322,8.076502732240437
3349,508,3857,6.59251968503937
33,541,574,0.0609981515711645
1124,758,1882,1.482849604221636
1902,769,2671,2.47334200260078
114,32,146,3.5625
818,304,1122,2.6907894736842106
1154,275,1429,4.196363636363636
1656,351,2007,4.717948717948718
2019,28,2047,72.10714285714286
2668,404,3072,6.603960396039604
3092,393,3485,7.867684478371501
3510,468,3978,7.5
4021,431,4452,9.329466357308585
4479,416,4895,10.766826923076923
5198,442,5640,11.760180995475114
5689,495,6184,11.492929292929292
6198,49,6247,126.48979591836736
1910,985,2895,1.939086294416244
2926,778,3704,3.760925449871465
3753,991,4744,3.787083753784057
24,786,810,0.0305343511450381
3218,392,3610,8.209183673469388
3703,811,4514,4.5659679408138105
4924,479,5403,10.279749478079331
29,612,641,0.0473856209150326
663,525,1188,1.262857142857143
1211,783,1994,1.5466155810983395
2027,349,2376,5.808022922636103
2401,353,2754,6.801699716713881
2779,501,3280,5.54690618762475
3329,282,3611,11.804964539007091
3628,293,3921,12.382252559726965
3944,167,4111,23.61676646706587
4154,281,4435,14.782918149466193
4502,387,4889,11.633074935400517
4924,795,5719,6.1937106918239
5744,781,6525,7.354673495518566
6563,989,7552,6.635995955510617
25,460,485,0.0543478260869565
976,465,1441,2.098924731182796
1512,465,1977,3.2516129032258063
2004,407,2411,4.923832923832924
2438,479,2917,5.089770354906055
9,831,840,0.0108303249097472
853,465,1318,1.8344086021505377
1328,888,2216,1.4954954954954955
2229,832,3061,2.6790865384615383
3104,983,4087,3.157680569684639
4098,802,4900,5.109725685785536
4914,978,5892,5.024539877300613
5910,668,6578,8.847305389221557
6591,684,7275,9.635964912280702
167,331,498,0.5045317220543807
539,321,860,1.679127725856698
1092,709,1801,1.540197461212976
1839,660,2499,2.786363636363636
2628,913,3541,2.87842278203724
3608,429,4037,8.41025641025641
4137,676,4813,6.1198224852071
4991,627,5618,7.960127591706539
60,579,639,0.1036269430051813
686,645,1331,1.0635658914728685
1350,363,1713,3.71900826446281
1729,542,2271,3.190036900369004
2296,431,2727,5.327146171693736
2747,524,3271,5.24236641221374
3306,489,3795,6.7607361963190185
3818,647,4465,5.901081916537867
4500,513,5013,8.771929824561404
5034,398,5432,12.64824120603015
5491,358,5849,15.337988826815645
5883,416,6299,14.141826923076923
6321,350,6671,18.06
6697,437,7134,15.324942791762014
7156,107,7263,66.8785046728972
7273,418,7691,17.39952153110048
602,45,647,13.377777777777778
655,65,720,10.076923076923077
726,92,818,7.891304347826087
848,130,978,6.523076923076923
984,134,1118,7.343283582089552
1124,126,1250,8.920634920634921
1257,186,1443,6.758064516129032
75,983,1058,0.0762970498474059
1078,968,2046,1.1136363636363635
34,803,837,0.0423412204234122
349,643,992,0.5427682737169518
180,736,916,0.2445652173913043
951,684,1635,1.3903508771929824
24,636,660,0.0377358490566037
691,687,1378,1.0058224163027656
1408,582,1990,2.419243986254296
2006,240,2246,8.358333333333333
2272,532,2804,4.270676691729324
2826,740,3566,3.818918918918919
3574,390,3964,9.164102564102564
3987,274,4261,14.55109489051095
5059,305,5364,16.58688524590164
5383,137,5520,39.29197080291971
6170,85,6255,72.58823529411765
6272,130,6402,48.246153846153845
6453,225,6678,28.68
6698,229,6927,29.24890829694323
6963,183,7146,38.04918032786885
7174,170,7344,42.2
7360,179,7539,41.11731843575419
7557,467,8024,16.182012847965737
30,378,408,0.0793650793650793
420,226,646,1.8584070796460177
676,432,1108,1.5648148148148149
1157,637,1794,1.816326530612245
1813,381,2194,4.758530183727034
2235,506,2741,4.41699604743083
28,469,497,0.0597014925373134
511,616,1127,0.8295454545454546
1149,1013,2162,1.134254689042448
2178,905,3083,2.406629834254144
3105,967,4072,3.2109617373319543
4074,163,4237,24.993865030674847
4282,812,5094,5.273399014778325
5152,842,5994,6.118764845605701
6006,592,6598,10.14527027027027
6623,750,7373,8.830666666666668
28,40,68,0.7
500,3,503,166.66666666666666
1280,3,1283,426.6666666666667
1839,3,1842,613.0
2616,3,2619,872.0
2643,36,2679,73.41666666666667
3372,445,3817,7.57752808988764
3838,30,3868,127.93333333333334
4360,94,4454,46.38297872340426
6356,3,6359,2118.6666666666665
6447,318,6765,20.27358490566038
6809,340,7149,20.02647058823529
7180,318,7498,22.57861635220126
7514,322,7836,23.33540372670808
25,796,821,0.0314070351758793
845,791,1636,1.06826801517067
1657,454,2111,3.649779735682819
2127,608,2735,3.4983552631578947
49,184,233,0.266304347826087
269,623,892,0.4317817014446228
75,87,162,0.8620689655172413
193,336,529,0.5744047619047619
560,401,961,1.3965087281795512
983,57,1040,17.24561403508772
1062,56,1118,18.964285714285715
1126,99,1225,11.373737373737374
1240,304,1544,4.078947368421052
1557,212,1769,7.34433962264151
1784,281,2065,6.3487544483985765
2082,125,2207,16.656
2223,121,2344,18.37190082644628
2364,161,2525,14.683229813664596
2530,77,2607,32.857142857142854
2649,515,3164,5.14368932038835
3169,25,3194,126.76
3200,81,3281,39.50617283950617
3288,221,3509,14.877828054298645
465,613,1078,0.7585644371941273
206,23,229,8.956521739130435
280,476,756,0.5882352941176471
788,538,1326,1.4646840148698883
1332,538,1870,2.475836431226766
1877,544,2421,3.450367647058824
2427,557,2984,4.357271095152603
2990,538,3528,5.557620817843866
3534,558,4092,6.333333333333333
4098,549,4647,7.46448087431694
4653,528,5181,8.8125
5187,549,5736,9.448087431693988
5742,541,6283,10.613678373382625
946,200,1146,4.73
740,574,1314,1.289198606271777
2568,878,3446,2.924829157175399
3503,545,4048,6.427522935779817
4060,790,4850,5.139240506329114
2833,304,3137,9.31907894736842
3154,451,3605,6.993348115299335
6346,628,6974,10.105095541401274
7002,309,7311,22.660194174757283
7486,283,7769,26.452296819787986
13,292,305,0.0445205479452054
318,449,767,0.7082405345211581
591,736,1327,0.8029891304347826
935,987,1922,0.9473150962512664
2975,981,3956,3.032619775739042
3958,990,4948,3.997979797979798
16,512,528,0.03125
549,509,1058,1.0785854616895874
1066,418,1484,2.550239234449761
1498,440,1938,3.4045454545454548
18,559,577,0.0322003577817531
590,268,858,2.201492537313433
869,251,1120,3.462151394422311
1135,298,1433,3.808724832214765
1447,445,1892,3.251685393258427
58,328,386,0.1768292682926829
2981,602,3583,4.951827242524917
3986,556,4542,7.169064748201439
4554,343,4897,13.276967930029157
4962,821,5783,6.043848964677223
238,787,1025,0.3024142312579415
1045,742,1787,1.408355795148248
2053,855,2908,2.401169590643275
3026,311,3337,9.729903536977492
3455,390,3845,8.85897435897436
3901,572,4473,6.81993006993007
4500,433,4933,10.392609699769054
5346,363,5709,14.727272727272728
5733,290,6023,19.76896551724138
6139,894,7033,6.866890380313199
7104,871,7975,8.156142365097589
15,48,63,0.3125
75,44,119,1.7045454545454546
164,151,315,1.086092715231788
348,280,628,1.2428571428571429
643,362,1005,1.776243093922652
41,326,367,0.1257668711656441
447,431,878,1.037122969837587
460,402,862,1.144278606965174
876,426,1302,2.056338028169014
1366,566,1932,2.413427561837456
1970,605,2575,3.256198347107438
2596,577,3173,4.499133448873484
23,779,802,0.0295250320924261
833,705,1538,1.1815602836879433
1564,135,1699,11.585185185185184
1731,144,1875,12.020833333333334
1910,630,2540,3.031746031746032
2568,851,3419,3.017626321974148
3439,107,3546,32.14018691588785
3579,331,3910,10.812688821752266
627,963,1590,0.6510903426791277
1662,648,2310,2.564814814814815
2349,802,3151,2.928927680798005
3290,649,3939,5.069337442218799
3988,1021,5009,3.905974534769834
6126,271,6397,22.60516605166052
6575,262,6837,25.095419847328245
16,314,330,0.0509554140127388
356,345,701,1.0318840579710145
722,340,1062,2.123529411764706
1287,325,1612,3.96
24,976,1000,0.0245901639344262
1005,575,1580,1.7478260869565216
71,532,603,0.1334586466165413
625,490,1115,1.2755102040816326
61,405,466,0.1506172839506173
486,601,1087,0.8086522462562395
1227,370,1597,3.3162162162162163
110,697,807,0.157819225251076
10,393,403,0.0254452926208651
52,395,447,0.1316455696202531
455,369,824,1.2330623306233062
848,214,1062,3.9626168224299065
1133,331,1464,3.4229607250755287
1472,146,1618,10.082191780821915
1061,375,1436,2.829333333333333
60,729,789,0.0823045267489712
2065,619,2684,3.3360258481421647
2712,566,3278,4.791519434628976
4438,368,4806,12.059782608695652
18,198,216,0.0909090909090909
16,640,656,0.025
23,633,656,0.0363349131121642
692,600,1292,1.153333333333333
1305,349,1654,3.739255014326648
1692,473,2165,3.577167019027484
2189,310,2499,7.061290322580645
2544,473,3017,5.378435517970401
3021,44,3065,68.6590909090909
1812,511,2323,3.545988258317025
2332,609,2941,3.8292282430213462
663,366,1029,1.8114754098360653
1059,530,1589,1.9981132075471697
1613,410,2023,3.934146341463415
2048,403,2451,5.0818858560794045
2625,67,2692,39.17910447761194
2865,546,3411,5.247252747252747
3428,271,3699,12.649446494464945
3813,31,3844,123.0
3865,705,4570,5.4822695035461
13,331,344,0.039274924471299
352,276,628,1.2753623188405796
653,423,1076,1.5437352245862883
1093,428,1521,2.553738317757009
361,923,1284,0.3911159263271939
1323,667,1990,1.9835082458770612
2022,694,2716,2.913544668587896
2776,504,3280,5.507936507936508
3354,690,4044,4.860869565217391
4123,489,4612,8.431492842535787
4691,758,5449,6.188654353562005
5521,689,6210,8.013062409288825
6278,20,6298,313.9
6364,644,7008,9.881987577639752
7087,689,7776,10.285921625544267
108,660,768,0.1636363636363636
788,535,1323,1.472897196261682
1347,561,1908,2.4010695187165774
1952,835,2787,2.337724550898204
2884,643,3527,4.485225505443235
3718,587,4305,6.333901192504259
4349,507,4856,8.577909270216962
4893,462,5355,10.590909090909092
5452,525,5977,10.384761904761906
6010,497,6507,12.092555331991951
6551,504,7055,12.998015873015872
72,691,763,0.1041968162083936
777,185,962,4.2
978,131,1109,7.465648854961832
1117,156,1273,7.160256410256411
1282,226,1508,5.672566371681416
1516,309,1825,4.906148867313916
23,768,791,0.0299479166666666
340,584,924,0.5821917808219178
936,754,1690,1.2413793103448276
94,648,742,0.1450617283950617
791,668,1459,1.184131736526946
1258,836,2094,1.5047846889952152
2096,790,2886,2.653164556962025
2888,570,3458,5.066666666666666
3506,188,3694,18.648936170212767
3717,701,4418,5.302425106990015
4485,765,5250,5.862745098039215
12,322,334,0.0372670807453416
343,446,789,0.7690582959641256
812,520,1332,1.5615384615384615
65,359,424,0.181058495821727
431,215,646,2.0046511627906978
995,61,1056,16.311475409836067
1192,218,1410,5.467889908256881
1522,134,1656,11.35820895522388
1660,138,1798,12.028985507246375
129,76,205,1.6973684210526316
246,68,314,3.6176470588235294
395,75,470,5.266666666666667
491,71,562,6.915492957746479
574,65,639,8.830769230769231
649,75,724,8.653333333333334
852,91,943,9.362637362637363
979,90,1069,10.877777777777778
1121,93,1214,12.053763440860216
1264,98,1362,12.89795918367347
1381,81,1462,17.049382716049383
1613,153,1766,10.54248366013072
1784,30,1814,59.46666666666667
1898,44,1942,43.13636363636363
1951,23,1974,84.82608695652173
2139,98,2237,21.8265306122449
2264,133,2397,17.022556390977442
2470,110,2580,22.454545454545453
2650,125,2775,21.2
2806,117,2923,23.982905982905983
2934,148,3082,19.824324324324323
668,281,949,2.377224199288256
2230,897,3127,2.4860646599777034
3142,63,3205,49.87301587301587
3213,69,3282,46.56521739130435
209,662,871,0.3157099697885196
926,726,1652,1.2754820936639115
1849,665,2514,2.780451127819549
2569,684,3253,3.7558479532163744
3312,183,3495,18.098360655737704
3690,628,4318,5.875796178343949
4344,627,4971,6.92822966507177
860,931,1791,0.9237379162191192
1806,327,2133,5.522935779816514
2456,370,2826,6.6378378378378375
1168,362,1530,3.226519337016575
1197,406,1603,2.9482758620689653
64,385,449,0.1662337662337662
492,309,801,1.5922330097087378
826,264,1090,3.128787878787879
1107,291,1398,3.804123711340206
1408,243,1651,5.794238683127572
1668,55,1723,30.327272727272728
20,383,403,0.052219321148825
420,428,848,0.9813084112149532
886,465,1351,1.9053763440860212
1381,27,1408,51.14814814814815
1451,538,1989,2.697026022304833
2049,135,2184,15.177777777777775
2209,130,2339,16.99230769230769
2393,367,2760,6.520435967302452
2850,399,3249,7.142857142857143
3283,393,3676,8.353689567430026
3710,372,4082,9.973118279569892
4125,413,4538,9.987893462469732
4580,317,4897,14.44794952681388
4918,333,5251,14.76876876876877
5283,140,5423,37.73571428571429
5464,209,5673,26.14354066985646
5701,331,6032,17.22356495468278
6073,332,6405,18.2921686746988
6412,367,6779,17.47138964577657
6786,344,7130,19.726744186046517
7137,466,7603,15.315450643776824
26,532,558,0.0488721804511278
572,128,700,4.46875
721,587,1308,1.2282793867120954
519,913,1432,0.5684556407447974
1461,795,2256,1.837735849056604
2737,592,3329,4.6233108108108105
25,848,873,0.0294811320754717
915,651,1566,1.4055299539170507
2024,494,2518,4.097165991902834
2613,461,3074,5.668112798264642
3105,734,3839,4.230245231607629
3878,649,4527,5.975346687211094
4904,525,5429,9.34095238095238
5444,734,6178,7.416893732970027
6206,832,7038,7.459134615384615
7060,779,7839,9.062901155327342
28,52,80,0.5384615384615384
386,498,884,0.7751004016064257
956,572,1528,1.6713286713286712
1584,429,2013,3.692307692307693
2022,437,2459,4.627002288329519
2469,33,2502,74.81818181818181
2509,33,2542,76.03030303030303
26,212,238,0.1226415094339622
494,951,1445,0.519453207150368
459,581,1040,0.7900172117039587
1070,588,1658,1.8197278911564625
1700,670,2370,2.537313432835821
2407,644,3051,3.737577639751553
3104,693,3797,4.479076479076479
3872,760,4632,5.094736842105263
4657,654,5311,7.120795107033639
5324,639,5963,8.331768388106417
6189,282,6471,21.9468085106383
6503,565,7068,11.509734513274337
7078,564,7642,12.54964539007092
6,115,121,0.0521739130434782
183,450,633,0.4066666666666667
692,361,1053,1.916897506925208
1099,350,1449,3.14
1500,357,1857,4.201680672268908
1875,345,2220,5.434782608695652
2299,397,2696,5.790931989924434
24,322,346,0.0745341614906832
381,433,814,0.8799076212471132
3435,914,4349,3.758205689277899
2,29,31,0.0689655172413793
137,828,965,0.1654589371980676
1005,355,1360,2.830985915492957
1398,608,2006,2.299342105263158
2034,587,2621,3.4650766609880748
2675,501,3176,5.339321357285429
3359,837,4196,4.013142174432497
4220,802,5022,5.261845386533666
5135,636,5771,8.073899371069182
5813,916,6729,6.346069868995633
6796,510,7306,13.325490196078432
7362,451,7813,16.323725055432373
29,31,60,0.935483870967742
389,224,613,1.7366071428571428
629,209,838,3.0095693779904304
845,168,1013,5.029761904761905
1027,196,1223,5.239795918367347
1230,132,1362,9.318181818181818
1376,205,1581,6.712195121951219
1588,193,1781,8.2279792746114
1997,277,2274,7.209386281588448
2293,242,2535,9.475206611570249
2580,271,2851,9.52029520295203
2872,499,3371,5.755511022044089
12,460,472,0.0260869565217391
494,455,949,1.0857142857142856
31,927,958,0.0334412081984897
967,513,1480,1.884990253411306
1496,400,1896,3.74
1909,445,2354,4.289887640449439
17,493,510,0.0344827586206896
555,512,1067,1.083984375
1170,520,1690,2.25
1733,710,2443,2.4408450704225357
22,626,648,0.0351437699680511
665,487,1152,1.3655030800821355
1175,233,1408,5.042918454935623
1430,786,2216,1.8193384223918576
2269,373,2642,6.083109919571045
2677,443,3120,6.042889390519187
234,962,1196,0.2432432432432432
1198,891,2089,1.344556677890011
2091,978,3069,2.138036809815951
3071,714,3785,4.301120448179272
3787,446,4233,8.491031390134529
4235,570,4805,7.429824561403507
4807,612,5419,7.854575163398692
111,420,531,0.2642857142857143
540,550,1090,0.9818181818181818
1098,393,1491,2.7938931297709924
113,781,894,0.1446862996158771
907,698,1605,1.2994269340974212
97,682,779,0.1422287390029325
825,653,1478,1.2633996937212864
24,311,335,0.0771704180064308
345,509,854,0.6777996070726916
84,775,859,0.1083870967741935
919,838,1757,1.0966587112171835
1848,759,2607,2.4347826086956523
2542,912,3454,2.787280701754386
5902,534,6436,11.05243445692884
2158,401,2559,5.381546134663342
2563,384,2947,6.674479166666667
2997,382,3379,7.845549738219895
3381,353,3734,9.577903682719548
3790,385,4175,9.844155844155845
4177,347,4524,12.037463976945244
4586,448,5034,10.236607142857142
5056,350,5406,14.445714285714285
5408,117,5525,46.22222222222222
5545,176,5721,31.505681818181817
281,2,283,140.5
968,349,1317,2.773638968481375
1319,146,1465,9.034246575342468
1475,378,1853,3.9021164021164014
1855,212,2067,8.75
49,757,806,0.0647291941875825
930,457,1387,2.035010940919037
1530,411,1941,3.7226277372262775
2009,347,2356,5.789625360230548
2485,582,3067,4.269759450171821
4419,347,4766,12.734870317002882
5045,391,5436,12.902813299232736
5585,309,5894,18.07443365695793
5918,223,6141,26.53811659192825
6207,217,6424,28.6036866359447
6617,343,6960,19.29154518950437
7059,807,7866,8.74721189591078
537,880,1417,0.6102272727272727
2011,929,2940,2.164693218514532
3541,898,4439,3.943207126948775
14,63,77,0.2222222222222222
181,649,830,0.2788906009244992
889,682,1571,1.3035190615835777
1622,892,2514,1.8183856502242155
2525,873,3398,2.8923253150057278
3418,960,4378,3.560416666666667
4380,106,4486,41.320754716981135
4505,911,5416,4.945115257958288
5429,745,6174,7.287248322147651
6184,713,6897,8.673211781206172
6928,679,7607,10.20324005891016
35,3,38,11.666666666666666
1192,418,1610,2.851674641148325
1652,485,2137,3.406185567010309
2230,703,2933,3.1721194879089616
4046,1021,5067,3.962781586679726
5088,1000,6088,5.088
6118,1019,7137,6.003925417075564
59,501,560,0.1177644710578842
568,501,1069,1.1337325349301397
1075,457,1532,2.352297592997812
1559,398,1957,3.9170854271356794
1983,522,2505,3.798850574712644
2514,502,3016,5.00796812749004
3035,588,3623,5.16156462585034
3656,586,4242,6.238907849829351
4271,206,4477,20.733009708737864
4487,376,4863,11.933510638297872
4900,427,5327,11.475409836065571
5354,528,5882,10.140151515151516
5889,519,6408,11.346820809248555
6429,352,6781,18.264204545454547
6808,421,7229,16.171021377672208
7252,388,7640,18.690721649484537
92,71,163,1.295774647887324
484,631,1115,0.7670364500792393
9,51,60,0.1764705882352941
74,657,731,0.1126331811263318
742,873,1615,0.849942726231386
1622,998,2620,1.625250501002004
405,386,791,1.049222797927461
114,591,705,0.1928934010152284
750,255,1005,2.9411764705882355
32,485,517,0.0659793814432989
535,800,1335,0.66875
1360,735,2095,1.8503401360544216
2119,690,2809,3.071014492753623
2835,694,3529,4.085014409221902
3533,46,3579,76.80434782608695
30,831,861,0.0361010830324909
103,119,222,0.865546218487395
931,672,1603,1.3854166666666667
1785,230,2015,7.760869565217392
2445,477,2922,5.1257861635220126
3094,161,3255,19.217391304347824
3691,433,4124,8.524249422632794
4129,433,4562,9.53579676674365
55,391,446,0.1406649616368286
463,398,861,1.1633165829145728
171,874,1045,0.1956521739130435
1088,832,1920,1.3076923076923077
50,361,411,0.1385041551246537
447,477,924,0.9371069182389936
939,417,1356,2.25179856115108
1365,455,1820,3.0
1826,408,2234,4.475490196078432
2240,383,2623,5.848563968668407
27,794,821,0.0340050377833753
831,531,1362,1.5649717514124293
1386,226,1612,6.132743362831858
3825,250,4075,15.3
4276,126,4402,33.93650793650794
4418,939,5357,4.705005324813632
5365,879,6244,6.103526734926052
6266,413,6679,15.171912832929785
6706,305,7011,21.98688524590164
7021,493,7514,14.241379310344827
7522,405,7927,18.57283950617284
30,884,914,0.0339366515837104
926,465,1391,1.9913978494623656
1405,418,1823,3.361244019138756
1840,395,2235,4.658227848101266
2250,680,2930,3.3088235294117645
2942,466,3408,6.313304721030043
83,766,849,0.108355091383812
11,232,243,0.0474137931034482
273,92,365,2.967391304347826
397,71,468,5.591549295774648
498,435,933,1.1448275862068966
936,206,1142,4.543689320388349
1169,718,1887,1.628133704735376
83,460,543,0.1804347826086956
572,315,887,1.815873015873016
959,194,1153,4.943298969072165
179,87,266,2.057471264367816
302,126,428,2.3968253968253967
488,380,868,1.2842105263157897
912,647,1559,1.4095826893353942
1565,238,1803,6.57563025210084
29,861,890,0.0336817653890824
897,64,961,14.015625
977,102,1079,9.57843137254902
1096,683,1779,1.6046852122986823
1800,916,2716,1.965065502183406
1432,904,2336,1.584070796460177
1252,268,1520,4.6716417910447765
48,26,74,1.8461538461538465
78,63,141,1.238095238095238
249,127,376,1.9606299212598424
388,111,499,3.4954954954954958
556,26,582,21.384615384615383
731,71,802,10.295774647887324
822,158,980,5.2025316455696204
990,57,1047,17.36842105263158
21,302,323,0.0695364238410596
331,240,571,1.3791666666666669
114,240,354,0.475
389,282,671,1.3794326241134751
673,358,1031,1.8798882681564248
1033,9,1042,114.77777777777776
1058,380,1438,2.784210526315789
1440,247,1687,5.82995951417004
1689,31,1720,54.483870967741936
1748,427,2175,4.0936768149882905
2177,334,2511,6.517964071856287
2531,337,2868,7.510385756676558
2870,389,3259,7.377892030848329
3261,264,3525,12.352272727272728
3542,3,3545,1180.6666666666667
38,806,844,0.0471464019851116
893,470,1363,1.9
1394,612,2006,2.2777777777777777
2083,842,2925,2.473871733966746
4681,449,5130,10.425389755011135
113,532,645,0.212406015037594
27,639,666,0.0422535211267605
681,9,690,75.66666666666667
1139,631,1770,1.8050713153724247
1986,616,2602,3.2240259740259742
11,409,420,0.0268948655256723
538,447,985,1.203579418344519
1061,55,1116,19.29090909090909
1135,197,1332,5.761421319796955
1343,350,1693,3.837142857142857
1707,540,2247,3.161111111111111
2278,189,2467,12.052910052910052
88,785,873,0.1121019108280254
949,560,1509,1.6946428571428571
1606,755,2361,2.1271523178807947
2373,659,3032,3.600910470409712
3044,740,3784,4.113513513513514
3923,560,4483,7.005357142857143
4578,761,5339,6.015768725361367
5346,851,6197,6.282021151586369
6204,785,6989,7.903184713375796
7169,461,7630,15.550976138828634
114,637,751,0.1789638932496075
25,1003,1028,0.0249252243270189
1036,737,1773,1.4056987788331072
1793,843,2636,2.1269276393831555
2658,885,3543,3.0033898305084747
132,577,709,0.2287694974003466
8,212,220,0.0377358490566037
229,254,483,0.9015748031496064
3655,624,4279,5.857371794871795
4311,41,4352,105.14634146341464
4367,185,4552,23.605405405405406
28,336,364,0.0833333333333333
2829,657,3486,4.30593607305936
6150,446,6596,13.789237668161435
6633,560,7193,11.844642857142857
7242,583,7825,12.42195540308748
501,30,531,16.7
13,360,373,0.0361111111111111
379,329,708,1.1519756838905777
728,331,1059,2.199395770392749
1067,279,1346,3.824372759856631
1363,318,1681,4.286163522012578
3438,305,3743,11.272131147540984
3765,346,4111,10.88150289017341
4136,601,4737,6.881863560732113
4789,617,5406,7.761750405186386
5428,449,5877,12.089086859688196
5948,609,6557,9.766830870279144
6603,841,7444,7.8513674197384065
119,209,328,0.569377990430622
360,307,667,1.1726384364820848
680,139,819,4.892086330935252
835,324,1159,2.5771604938271606
1195,99,1294,12.070707070707073
1311,457,1768,2.8687089715536107
1776,237,2013,7.493670886075949
2028,190,2218,10.673684210526316
12,303,315,0.0396039603960396
330,431,761,0.765661252900232
775,721,1496,1.0748959778085991
1511,623,2134,2.4253611556982344
2153,400,2553,5.3825
2570,468,3038,5.491452991452992
3068,814,3882,3.769041769041769
3890,264,4154,14.734848484848484
49,158,207,0.310126582278481
259,420,679,0.6166666666666667
691,436,1127,1.584862385321101
1134,432,1566,2.625
641,165,806,3.8848484848484848
1305,201,1506,6.492537313432836
21,692,713,0.0303468208092485
724,543,1267,1.3333333333333333
1275,285,1560,4.473684210526316
1596,591,2187,2.700507614213198
2207,458,2665,4.818777292576419
2688,475,3163,5.658947368421052
13,858,871,0.0151515151515151
917,992,1909,0.9243951612903226
1911,653,2564,2.9264931087289434
2601,944,3545,2.755296610169492
3547,249,3796,14.244979919678714
3871,505,4376,7.665346534653465
4448,501,4949,8.878243512974052
4984,641,5625,7.775351014040561
5720,505,6225,11.326732673267326
6271,591,6862,10.61082910321489
6886,539,7425,12.775510204081632
7457,43,7500,173.41860465116278
45,847,892,0.0531286894923258
895,949,1844,0.9430979978925184
1847,398,2245,4.64070351758794
2263,359,2622,6.303621169916434
2828,732,3560,3.863387978142077
3669,933,4602,3.932475884244373
4640,310,4950,14.96774193548387
4980,894,5874,5.570469798657718
5897,262,6159,22.50763358778626
6197,75,6272,82.62666666666667
53,50,103,1.06
118,636,754,0.1855345911949685
776,62,838,12.516129032258064
847,313,1160,2.7060702875399363
242,896,1138,0.2700892857142857
1141,147,1288,7.761904761904762
1323,919,2242,1.439608269858542
1247,755,2002,1.651655629139073
2009,349,2358,5.756446991404012
2370,974,3344,2.433264887063655
3346,195,3541,17.15897435897436
18,512,530,0.03515625
552,523,1075,1.0554493307839388
1089,484,1573,2.25
1592,541,2133,2.942698706099815
2150,586,2736,3.668941979522185
6,17,23,0.3529411764705882
253,327,580,0.7737003058103975
603,282,885,2.1382978723404253
920,311,1231,2.9581993569131835
1249,326,1575,3.831288343558282
1582,333,1915,4.750750750750751
2137,322,2459,6.636645962732919
2466,261,2727,9.448275862068966
2880,335,3215,8.597014925373134
3221,357,3578,9.022408963585434
3585,302,3887,11.870860927152318
3952,304,4256,13.0
4322,329,4651,13.13677811550152
4685,257,4942,18.2295719844358
4988,311,5299,16.038585209003216
5342,3,5345,1780.6666666666667
1838,405,2243,4.538271604938272
23,779,802,0.0295250320924261
823,933,1756,0.8821007502679529
298,669,967,0.445440956651719
22,311,333,0.0707395498392283
103,596,699,0.1728187919463087
259,872,1131,0.2970183486238532
356,43,399,8.279069767441861
422,170,592,2.4823529411764707
75,712,787,0.1053370786516853
841,179,1020,4.698324022346369
1100,732,1832,1.5027322404371584
1913,674,2587,2.8382789317507418
2665,660,3325,4.037878787878788
3340,672,4012,4.970238095238095
4050,798,4848,5.075187969924812
4883,822,5705,5.940389294403893
310,101,411,3.0693069306930694
33,634,667,0.0520504731861198
600,845,1445,0.7100591715976331
1453,27,1480,53.81481481481482
2755,845,3600,3.260355029585799
3608,146,3754,24.71232876712329
21,596,617,0.035234899328859
652,973,1625,0.6700924974306269
1627,771,2398,2.110246433203632
2417,220,2637,10.986363636363636
2678,951,3629,2.8159831756046265
3654,800,4454,4.5675
4508,937,5445,4.811099252934898
5459,132,5591,41.35606060606061
5600,266,5866,21.05263157894737
6051,945,6996,6.403174603174604
7009,131,7140,53.50381679389313
7302,117,7419,62.41025641025641
7434,227,7661,32.74889867841409
7672,333,8005,23.03903903903904
49,118,167,0.4152542372881356
1723,416,2139,4.141826923076923
2170,179,2349,12.12290502793296
2358,328,2686,7.189024390243903
2723,109,2832,24.98165137614679
2865,353,3218,8.11614730878187
3235,178,3413,18.174157303370787
3426,229,3655,14.960698689956333
3682,381,4063,9.664041994750656
4071,189,4260,21.53968253968254
4278,259,4537,16.517374517374517
4553,228,4781,19.969298245614038
4798,233,5031,20.59227467811159
5039,258,5297,19.531007751937985
5321,164,5485,32.44512195121951
5494,228,5722,24.09649122807017
5732,249,5981,23.02008032128514
5997,320,6317,18.740625
6358,328,6686,19.384146341463413
6701,414,7115,16.185990338164252
7148,274,7422,26.087591240875916
7435,272,7707,27.334558823529413
7741,260,8001,29.773076923076925
147,69,216,2.130434782608696
259,84,343,3.083333333333333
358,87,445,4.114942528735632
505,284,789,1.778169014084507
979,313,1292,3.1277955271565494
1459,256,1715,5.69921875
31,652,683,0.0475460122699386
122,73,195,1.6712328767123288
269,67,336,4.014925373134329
437,69,506,6.333333333333333
512,199,711,2.57286432160804
743,150,893,4.953333333333333
1407,339,1746,4.150442477876106
1916,72,1988,26.61111111111111
2142,78,2220,27.46153846153846
2224,91,2315,24.43956043956044
2320,98,2418,23.6734693877551
2421,142,2563,17.049295774647888
2703,99,2802,27.303030303030305
3123,34,3157,91.8529411764706
3503,37,3540,94.67567567567568
4275,57,4332,75.0
5203,62,5265,83.91935483870968
5949,64,6013,92.953125
6772,75,6847,90.29333333333334
2447,503,2950,4.864811133200795
2958,412,3370,7.179611650485437
3378,387,3765,8.728682170542635
3773,473,4246,7.976744186046512
4254,262,4516,16.236641221374047
11,720,731,0.0152777777777777
759,742,1501,1.022911051212938
1512,974,2486,1.5523613963039014
2502,633,3135,3.95260663507109
3155,669,3824,4.715994020926757
3833,325,4158,11.793846153846154
4176,839,5015,4.977353992848629
5035,673,5708,7.481426448736999
5714,3,5717,1904.6666666666667
574,392,966,1.4642857142857142
207,11,218,18.818181818181817
272,134,406,2.029850746268657
487,193,680,2.523316062176166
716,164,880,4.365853658536586
906,17,923,53.294117647058826
31,274,305,0.1131386861313868
342,604,946,0.5662251655629139
1088,627,1715,1.7352472089314197
1749,593,2342,2.9494097807757167
2374,373,2747,6.36461126005362
43,543,586,0.0791896869244935
601,667,1268,0.9010494752623688
18,573,591,0.031413612565445
2960,670,3630,4.417910447761194
3690,694,4384,5.31700288184438
4446,588,5034,7.561224489795919
5101,393,5494,12.979643765903308
11,745,756,0.0147651006711409
766,111,877,6.900900900900901
5391,76,5467,70.9342105263158
2141,706,2847,3.03257790368272
2870,860,3730,3.3372093023255816
3744,855,4599,4.378947368421053
4611,880,5491,5.239772727272728
5503,957,6460,5.750261233019854
6486,983,7469,6.598168870803662
1221,891,2112,1.3703703703703705
200,564,764,0.3546099290780142
38,982,1020,0.0386965376782077
1033,718,1751,1.4387186629526465
1771,506,2277,3.5
2337,186,2523,12.564516129032258
2554,414,2968,6.169082125603865
2976,36,3012,82.66666666666667
3041,573,3614,5.307155322862129
3665,280,3945,13.089285714285714
3963,365,4328,10.857534246575344
4348,565,4913,7.695575221238938
4946,415,5361,11.918072289156626
5386,184,5570,29.27173913043478
5580,382,5962,14.607329842931938
5977,347,6324,17.22478386167147
6366,382,6748,16.664921465968586
6807,292,7099,23.31164383561644
7109,233,7342,30.510729613733904
7362,208,7570,35.39423076923077
49,118,167,0.4152542372881356
1723,416,2139,4.141826923076923
2170,179,2349,12.12290502793296
2358,328,2686,7.189024390243903
2723,109,2832,24.98165137614679
2865,353,3218,8.11614730878187
3235,178,3413,18.174157303370787
3426,229,3655,14.960698689956333
3682,381,4063,9.664041994750656
4071,189,4260,21.53968253968254
4278,259,4537,16.517374517374517
4553,228,4781,19.969298245614038
4798,233,5031,20.59227467811159
5039,258,5297,19.531007751937985
5321,164,5485,32.44512195121951
5494,228,5722,24.09649122807017
5732,249,5981,23.02008032128514
5997,320,6317,18.740625
6358,328,6686,19.384146341463413
6701,414,7115,16.185990338164252
7148,274,7422,26.087591240875916
7435,272,7707,27.334558823529413
7741,260,8001,29.773076923076925
35,143,178,0.2447552447552447
3172,1000,4172,3.172
4180,916,5096,4.563318777292577
6337,819,7156,7.7374847374847375
7337,227,7564,32.3215859030837
7614,381,7995,19.984251968503937
27,676,703,0.0399408284023668
727,458,1185,1.5873362445414847
1203,588,1791,2.045918367346939
1801,682,2483,2.6407624633431084
1201,227,1428,5.290748898678414
1431,269,1700,5.319702602230484
1703,315,2018,5.406349206349207
2021,293,2314,6.897610921501706
2317,281,2598,8.245551601423488
2601,255,2856,10.2
2859,278,3137,10.284172661870503
3140,265,3405,11.849056603773583
3408,227,3635,15.013215859030836
3638,256,3894,14.2109375
3897,259,4156,15.046332046332047
4159,273,4432,15.234432234432234
4435,293,4728,15.136518771331058
4731,331,5062,14.293051359516616
5065,234,5299,21.645299145299145
5302,290,5592,18.282758620689656
5595,269,5864,20.799256505576206
5867,296,6163,19.820945945945947
6166,282,6448,21.865248226950357
6451,281,6732,22.95729537366548
6735,289,7024,23.304498269896197
7027,277,7304,25.36823104693141
7307,284,7591,25.72887323943662
7594,313,7907,24.261980830670925
28,186,214,0.1505376344086021
42,557,599,0.0754039497307001
619,162,781,3.820987654320988
50,859,909,0.0582072176949941
911,351,1262,2.5954415954415957
46,883,929,0.0520951302378255
944,538,1482,1.754646840148699
1489,617,2106,2.413290113452188
2119,383,2502,5.532637075718016
952,911,1863,1.0450054884742042
80,560,640,0.1428571428571428
689,663,1352,1.03921568627451
367,502,869,0.7310756972111554
903,1007,1910,0.8967229394240318
2098,200,2298,10.49
2306,491,2797,4.696537678207739
2804,314,3118,8.929936305732484
4224,487,4711,8.673511293634498
1750,585,2335,2.9914529914529915
33,354,387,0.0932203389830508
626,535,1161,1.1700934579439253
1209,862,2071,1.402552204176334
2080,506,2586,4.1106719367588935
2604,823,3427,3.164034021871203
3559,282,3841,12.620567375886525
3990,559,4549,7.137745974955277
4699,689,5388,6.820029027576197
5559,545,6104,10.2
6276,498,6774,12.602409638554215
6811,600,7411,11.351666666666668
7484,439,7923,17.047835990888384
1437,292,1729,4.921232876712328
58,192,250,0.3020833333333333
43,507,550,0.0848126232741617
574,529,1103,1.0850661625708884
1122,488,1610,2.2991803278688523
1623,953,2576,1.7030430220356767
32,350,382,0.0914285714285714
141,182,323,0.7747252747252747
333,582,915,0.5721649484536082
921,552,1473,1.6684782608695652
1497,611,2108,2.4500818330605565
2118,527,2645,4.018975332068311
786,739,1525,1.0635994587280109
89,793,882,0.1122320302648171
891,552,1443,1.6141304347826086
1495,850,2345,1.758823529411765
1277,826,2103,1.546004842615012
2137,374,2511,5.713903743315508
79,627,706,0.1259968102073365
806,790,1596,1.020253164556962
1655,791,2446,2.092288242730721
2603,825,3428,3.1551515151515157
3430,825,4255,4.157575757575757
4299,833,5132,5.160864345738295
5142,234,5376,21.97435897435897
5540,398,5938,13.919597989949748
5952,612,6564,9.72549019607843
6625,410,7035,16.158536585365855
7042,856,7898,8.226635514018692
7903,22,7925,359.22727272727275
147,188,335,0.7819148936170213
435,333,768,1.3063063063063065
990,452,1442,2.190265486725664
1659,402,2061,4.126865671641791
11,657,668,0.0167427701674277
691,636,1327,1.0864779874213837
340,642,982,0.5295950155763239
600,353,953,1.69971671388102
970,401,1371,2.418952618453865
1386,339,1725,4.088495575221239
1742,381,2123,4.572178477690288
2140,265,2405,8.075471698113208
38,560,598,0.0678571428571428
609,3,612,203.0
638,738,1376,0.8644986449864499
1092,124,1216,8.806451612903226
1228,440,1668,2.790909090909091
1685,573,2258,2.94066317626527
2275,777,3052,2.927927927927928
3068,678,3746,4.525073746312684
6,67,73,0.0895522388059701
101,184,285,0.5489130434782609
294,501,795,0.5868263473053892
36,386,422,0.0932642487046632
424,209,633,2.028708133971292
635,95,730,6.684210526315789
732,218,950,3.3577981651376145
2296,249,2545,9.220883534136544
2577,678,3255,3.800884955752213
3341,862,4203,3.875870069605568
4359,964,5323,4.521784232365145
5378,702,6080,7.660968660968661
28,469,497,0.0597014925373134
511,616,1127,0.8295454545454546
1149,1013,2162,1.134254689042448
2178,905,3083,2.406629834254144
3105,967,4072,3.2109617373319543
4074,163,4237,24.993865030674847
4282,812,5094,5.273399014778325
5152,842,5994,6.118764845605701
6006,592,6598,10.14527027027027
6623,750,7373,8.830666666666668
44,504,548,0.0873015873015873
559,426,985,1.312206572769953
996,243,1239,4.098765432098766
166,861,1027,0.1927990708478513
1042,644,1686,1.6180124223602483
530,823,1353,0.6439854191980559
1380,190,1570,7.263157894736842
33,484,517,0.0681818181818181
31,605,636,0.0512396694214876
956,709,1665,1.3483779971791254
1677,510,2187,3.288235294117647
2202,271,2473,8.125461254612546
2486,188,2674,13.22340425531915
2700,249,2949,10.843373493975903
2970,352,3322,8.4375
46,356,402,0.1292134831460674
434,242,676,1.793388429752066
685,348,1033,1.9683908045977008
37,852,889,0.0434272300469483
477,41,518,11.634146341463415
825,37,862,22.2972972972973
1190,39,1229,30.512820512820515
1578,41,1619,38.48780487804878
5214,145,5359,35.95862068965517
6790,19,6809,357.3684210526316
144,453,597,0.3178807947019867
620,820,1440,0.7560975609756098
1467,509,1976,2.882121807465619
146,923,1069,0.1581798483206934
73,637,710,0.1145996860282574
724,984,1708,0.7357723577235772
1719,255,1974,6.741176470588235
162,290,452,0.5586206896551724
459,387,846,1.186046511627907
957,876,1833,1.0924657534246576
1854,875,2729,2.1188571428571428
2749,874,3623,3.145308924485126
3694,834,4528,4.429256594724221
4570,266,4836,17.18045112781955
4918,309,5227,15.915857605177994
5279,526,5805,10.036121673003802
15,39,54,0.3846153846153846
75,26,101,2.8846153846153846
503,529,1032,0.9508506616257087
69,326,395,0.2116564417177914
401,255,656,1.572549019607843
690,273,963,2.527472527472528
30,377,407,0.0795755968169761
412,359,771,1.147632311977716
776,379,1155,2.0474934036939314
1160,394,1554,2.9441624365482237
1563,202,1765,7.737623762376238
481,604,1085,0.7963576158940397
80,415,495,0.1927710843373494
553,360,913,1.5361111111111112
963,556,1519,1.7320143884892083
21,596,617,0.035234899328859
652,973,1625,0.6700924974306269
1627,771,2398,2.110246433203632
2417,220,2637,10.986363636363636
2678,951,3629,2.8159831756046265
3654,800,4454,4.5675
4508,937,5445,4.811099252934898
5459,132,5591,41.35606060606061
5600,266,5866,21.05263157894737
6051,945,6996,6.403174603174604
19,97,116,0.1958762886597938
192,477,669,0.4025157232704403
684,659,1343,1.03793626707132
1361,623,1984,2.184590690208668
2001,331,2332,6.045317220543807
205,197,402,1.0406091370558377
523,212,735,2.4669811320754715
878,106,984,8.283018867924529
739,203,942,3.640394088669951
953,101,1054,9.435643564356436
1066,162,1228,6.580246913580247
1239,261,1500,4.747126436781609
1505,69,1574,21.81159420289855
1591,92,1683,17.293478260869566
8,26,34,0.3076923076923077
68,428,496,0.1588785046728972
776,839,1615,0.9249106078665076
1622,236,1858,6.872881355932203
2491,93,2584,26.78494623655914
2607,837,3444,3.1146953405017923
3513,274,3787,12.82116788321168
4014,829,4843,4.841978287092883
4885,837,5722,5.836320191158901
5734,522,6256,10.984674329501916
6271,162,6433,38.70987654320987
6472,66,6538,98.06060606060606
7018,709,7727,9.898448519040905
7738,82,7820,94.36585365853658
27,54,81,0.5
234,543,777,0.430939226519337
2779,772,3551,3.599740932642487
3563,27,3590,131.96296296296296
4056,462,4518,8.779220779220779
4532,804,5336,5.63681592039801
6058,929,6987,6.520990312163617
7054,858,7912,8.221445221445222
98,346,444,0.2832369942196532
481,139,620,3.460431654676259
73,489,562,0.1492842535787321
580,483,1063,1.2008281573498965
1175,62,1237,18.951612903225808
1260,146,1406,8.63013698630137
1414,68,1482,20.794117647058822
1505,83,1588,18.132530120481928
1596,77,1673,20.727272727272727
1700,130,1830,13.076923076923077
1865,98,1963,19.03061224489796
2076,580,2656,3.579310344827586
78,406,484,0.1921182266009852
506,280,786,1.8071428571428567
803,174,977,4.614942528735632
341,483,824,0.7060041407867494
186,498,684,0.3734939759036144
731,276,1007,2.648550724637681
1055,841,1896,1.2544589774078478
1955,1008,2963,1.939484126984127
6,44,50,0.1363636363636363
1559,357,1916,4.366946778711484
1922,285,2207,6.743859649122807
2221,323,2544,6.876160990712075
14,466,480,0.0300429184549356
922,478,1400,1.9288702928870292
1880,523,2403,3.5946462715105163
2845,489,3334,5.81799591002045
175,283,458,0.6183745583038869
485,405,890,1.1975308641975309
962,348,1310,2.764367816091954
1337,411,1748,3.2530413625304138
1778,425,2203,4.183529411764706
2253,225,2478,10.013333333333334
2494,608,3102,4.101973684210527
49,101,150,0.4851485148514851
165,158,323,1.0443037974683544
339,163,502,2.079754601226994
532,478,1010,1.112970711297071
1019,525,1544,1.940952380952381
1559,82,1641,19.01219512195122
3001,499,3500,6.014028056112225
7309,59,7368,123.8813559322034
7383,30,7413,246.1
20,482,502,0.0414937759336099
528,830,1358,0.636144578313253
1372,494,1866,2.777327935222672
1882,560,2442,3.3607142857142858
672,55,727,12.21818181818182
45,895,940,0.0502793296089385
943,444,1387,2.123873873873874
1464,600,2064,2.44
2125,619,2744,3.4329563812600967
2840,658,3498,4.316109422492401
3547,505,4052,7.023762376237624
4117,617,4734,6.672609400324149
4810,594,5404,8.097643097643097
5488,560,6048,9.8
6106,582,6688,10.491408934707904
6759,597,7356,11.321608040201005
7399,505,7904,14.651485148514851
790,597,1387,1.323283082077052
309,328,637,0.9420731707317072
789,334,1123,2.3622754491017965
1462,335,1797,4.364179104477612
2249,331,2580,6.794561933534744
2591,331,2922,7.827794561933535
2933,322,3255,9.108695652173912
3628,250,3878,14.512
4048,264,4312,15.333333333333334
4334,336,4670,12.898809523809524
4710,300,5010,15.7
5443,338,5781,16.10355029585799
5831,310,6141,18.80967741935484
6162,332,6494,18.56024096385542
6497,74,6571,87.79729729729729
7196,317,7513,22.70031545741325
7535,370,7905,20.364864864864863
1265,242,1507,5.227272727272728
1518,230,1748,6.6
1772,117,1889,15.145299145299145
413,462,875,0.8939393939393939
941,105,1046,8.961904761904762
1112,111,1223,10.01801801801802
1257,180,1437,6.983333333333333
1460,125,1585,11.68
124,569,693,0.2179261862917399
31,233,264,0.1330472103004291
11,56,67,0.1964285714285714
90,188,278,0.4787234042553192
432,628,1060,0.6878980891719745
1099,528,1627,2.081439393939394
1653,583,2236,2.8353344768439106
2268,668,2936,3.395209580838323
2964,311,3275,9.530546623794212
3295,499,3794,6.603206412825651
3838,602,4440,6.3754152823920265
4479,732,5211,6.118852459016393
5229,797,6026,6.560853199498118
145,20,165,7.25
198,28,226,7.071428571428571
357,54,411,6.611111111111111
519,57,576,9.105263157894736
663,236,899,2.809322033898305
966,401,1367,2.408977556109725
1423,232,1655,6.133620689655173
1673,447,2120,3.742729306487696
2182,433,2615,5.0392609699769055
2652,59,2711,44.94915254237288
2777,83,2860,33.45783132530121
2966,116,3082,25.56896551724138
3163,345,3508,9.168115942028985
3518,61,3579,57.67213114754098
3594,380,3974,9.457894736842103
4042,186,4228,21.731182795698924
4344,333,4677,13.045045045045043
4786,352,5138,13.596590909090908
5289,313,5602,16.89776357827476
5766,362,6128,15.92817679558011
6159,83,6242,74.20481927710843
6381,338,6719,18.87869822485207
6727,205,6932,32.81463414634146
6973,677,7650,10.299852289512556
7659,73,7732,104.91780821917808
14,650,664,0.0215384615384615
677,280,957,2.4178571428571427
33,433,466,0.0762124711316397
481,230,711,2.091304347826087
728,197,925,3.695431472081218
951,363,1314,2.6198347107438016
1354,390,1744,3.471794871794872
1756,496,2252,3.540322580645161
2274,600,2874,3.79
2909,464,3373,6.269396551724138
20,109,129,0.1834862385321101
259,340,599,0.7617647058823529
607,365,972,1.663013698630137
1018,345,1363,2.95072463768116
1371,358,1729,3.829608938547486
1737,364,2101,4.771978021978022
2109,276,2385,7.641304347826087
54,229,283,0.2358078602620087
294,184,478,1.5978260869565215
489,244,733,2.0040983606557377
741,288,1029,2.5729166666666665
1037,298,1335,3.4798657718120807
1343,353,1696,3.8045325779036823
1704,319,2023,5.341692789968652
2031,340,2371,5.973529411764706
2379,343,2722,6.9358600583090375
2730,354,3084,7.711864406779661
3092,399,3491,7.74937343358396
3499,422,3921,8.291469194312796
3590,81,3671,44.32098765432099
3738,183,3921,20.42622950819672
3946,328,4274,12.03048780487805
119,653,772,0.1822358346094946
820,168,988,4.880952380952381
1001,212,1213,4.721698113207547
1287,81,1368,15.88888888888889
1442,323,1765,4.464396284829721
1772,26,1798,68.15384615384616
1882,221,2103,8.515837104072398
2156,62,2218,34.774193548387096
2331,129,2460,18.069767441860463
2496,80,2576,31.2
2602,51,2653,51.01960784313726
2678,78,2756,34.333333333333336
2765,73,2838,37.87671232876713
2921,110,3031,26.55454545454545
3051,76,3127,40.14473684210526
3133,14,3147,223.78571428571428
3174,40,3214,79.35
3238,103,3341,31.436893203883496
3367,54,3421,62.351851851851855
3432,19,3451,180.6315789473684
3693,551,4244,6.702359346642468
4272,57,4329,74.94736842105263
4359,64,4423,68.109375
4440,103,4543,43.10679611650485
4564,243,4807,18.781893004115226
4821,90,4911,53.56666666666667
5051,179,5230,28.217877094972067
5257,148,5405,35.520270270270274
5430,261,5691,20.804597701149422
5700,102,5802,55.88235294117647
5830,93,5923,62.68817204301075
5930,60,5990,98.83333333333331
6007,90,6097,66.74444444444444
6118,113,6231,54.14159292035398
6300,98,6398,64.28571428571429
6416,77,6493,83.32467532467533
6516,162,6678,40.22222222222222
6704,243,6947,27.588477366255145
6960,640,7600,10.875
30,502,532,0.0597609561752988
541,628,1169,0.8614649681528662
56,729,785,0.0768175582990397
973,624,1597,1.5592948717948718
1704,689,2393,2.4731494920174164
2431,826,3257,2.943099273607748
177,77,254,2.2987012987012987
268,258,526,1.0387596899224807
565,211,776,2.677725118483412
390,386,776,1.0103626943005182
11,440,451,0.025
605,913,1518,0.6626506024096386
1535,964,2499,1.592323651452282
2516,978,3494,2.572597137014315
3525,983,4508,3.585961342828077
4539,991,5530,4.580221997981837
5564,992,6556,5.608870967741935
6588,961,7549,6.855359001040583
21,562,583,0.0373665480427046
597,734,1331,0.8133514986376021
1339,613,1952,2.1843393148450243
1956,671,2627,2.9150521609538003
2631,660,3291,3.986363636363636
3317,442,3759,7.504524886877828
3771,611,4382,6.171849427168576
4422,528,4950,8.375
4972,382,5354,13.015706806282722
5427,399,5826,13.601503759398495
5954,636,6590,9.361635220125786
6648,655,7303,10.149618320610688
7372,694,8066,10.622478386167147
284,590,874,0.4813559322033898
931,66,997,14.106060606060606
1072,316,1388,3.392405063291139
1398,265,1663,5.275471698113208
1671,276,1947,6.054347826086956
2047,340,2387,6.020588235294118
2404,522,2926,4.605363984674329
3027,567,3594,5.338624338624339
3616,229,3845,15.790393013100436
3884,334,4218,11.62874251497006
6225,271,6496,22.970479704797047
6561,247,6808,26.562753036437247
6815,300,7115,22.716666666666665
7130,516,7646,13.817829457364342
556,438,994,1.269406392694064
27,475,502,0.0568421052631578
24,765,789,0.0313725490196078
24,163,187,0.147239263803681
2873,34,2907,84.5
5379,130,5509,41.37692307692308
6524,52,6576,125.46153846153848
6595,475,7070,13.884210526315789
7105,480,7585,14.802083333333334
7851,156,8007,50.32692307692308
31,453,484,0.0684326710816777
489,443,932,1.1038374717832955
542,561,1103,0.966131907308378
1149,329,1478,3.492401215805471
3746,955,4701,3.922513089005236
4715,816,5531,5.778186274509804
5828,1011,6839,5.764589515331355
1083,70,1153,15.471428571428572
3613,48,3661,75.27083333333333
6521,831,7352,7.847172081829122
86,694,780,0.1239193083573487
848,9,857,94.22222222222224
876,6,882,146.0
959,435,1394,2.2045977011494253
1413,463,1876,3.0518358531317493
1964,401,2365,4.897755610972569
2450,393,2843,6.234096692111959
2928,289,3217,10.131487889273355
3302,515,3817,6.411650485436893
3855,464,4319,8.308189655172415
4404,592,4996,7.439189189189189
5081,406,5487,12.514778325123151
5502,326,5828,16.87730061349693
6007,670,6677,8.965671641791046
6772,771,7543,8.783398184176395
31,194,225,0.1597938144329896
239,929,1168,0.2572658772874058
1220,933,2153,1.307609860664523
2161,685,2846,3.154744525547445
2869,949,3818,3.0231822971549
91,22,113,4.136363636363637
117,47,164,2.48936170212766
175,59,234,2.9661016949152543
242,32,274,7.5625
299,270,569,1.1074074074074074
596,51,647,11.68627450980392
662,67,729,9.880597014925373
738,49,787,15.06122448979592
798,50,848,15.96
850,70,920,12.142857142857142
927,51,978,18.176470588235293
988,351,1339,2.814814814814815
1357,366,1723,3.707650273224044
1003,760,1763,1.319736842105263
1832,475,2307,3.856842105263158
2940,500,3440,5.88
3896,314,4210,12.40764331210191
4419,79,4498,55.936708860759495
4515,200,4715,22.575
4873,322,5195,15.133540372670808
5226,640,5866,8.165625
5974,332,6306,17.99397590361446
6326,362,6688,17.475138121546962
6758,422,7180,16.01421800947867
60,89,149,0.6741573033707865
1370,561,1931,2.442067736185383
3003,332,3335,9.045180722891564
12,818,830,0.0146699266503667
845,935,1780,0.9037433155080212
74,449,523,0.1648106904231625
645,199,844,3.241206030150754
970,219,1189,4.429223744292237
1215,251,1466,4.840637450199203
1516,617,2133,2.4570502431118317
2144,182,2326,11.78021978021978
2350,274,2624,8.576642335766424
2677,195,2872,13.728205128205127
2907,476,3383,6.107142857142857
179,320,499,0.559375
277,431,708,0.642691415313225
715,479,1194,1.4926931106471817
1197,438,1635,2.732876712328767
1638,508,2146,3.2244094488188977
2148,556,2704,3.8633093525179856
74,625,699,0.1184
734,498,1232,1.4738955823293172
1274,655,1929,1.9450381679389317
1977,651,2628,3.0368663594470044
2697,657,3354,4.105022831050229
3401,683,4084,4.979502196193265
4234,268,4502,15.798507462686567
4532,620,5152,7.309677419354839
5264,535,5799,9.8392523364486
5873,565,6438,10.394690265486725
6479,626,7105,10.349840255591054
7215,740,7955,9.75
19,332,351,0.0572289156626506
409,1017,1426,0.4021632251720747
1528,728,2256,2.098901098901099
2284,737,3021,3.099050203527816
745,845,1590,0.8816568047337278
1598,868,2466,1.8410138248847927
2474,878,3352,2.8177676537585423
3360,732,4092,4.590163934426229
518,145,663,3.5724137931034483
703,713,1416,0.9859747545582048
1536,842,2378,1.824228028503563
2470,315,2785,7.841269841269841
2830,285,3115,9.929824561403509
3189,362,3551,8.80939226519337
3792,854,4646,4.4402810304449645
4675,946,5621,4.941860465116279
16,545,561,0.0293577981651376
580,851,1431,0.681551116333725
1433,325,1758,4.409230769230769
1788,375,2163,4.768
2175,656,2831,3.3155487804878048
2862,667,3529,4.290854572713643
3541,728,4269,4.864010989010989
4284,352,4636,12.170454545454543
4647,428,5075,10.857476635514018
5093,418,5511,12.18421052631579
48,321,369,0.1495327102803738
414,333,747,1.2432432432432432
764,410,1174,1.8634146341463416
142,352,494,0.4034090909090909
19,567,586,0.0335097001763668
608,261,869,2.3295019157088124
884,242,1126,3.652892561983471
1137,448,1585,2.5379464285714284
1618,408,2026,3.965686274509804
42,460,502,0.0913043478260869
507,616,1123,0.823051948051948
1128,662,1790,1.70392749244713
1795,569,2364,3.154657293497364
1635,486,2121,3.3641975308641974
30,955,985,0.031413612565445
4463,968,5431,4.610537190082645
5521,757,6278,7.29326287978864
6358,613,6971,10.37194127243067
7101,504,7605,14.089285714285714
301,858,1159,0.3508158508158508
105,95,200,1.105263157894737
736,610,1346,1.2065573770491804
1766,330,2096,5.351515151515152
2448,416,2864,5.884615384615385
3240,247,3487,13.117408906882591
3864,207,4071,18.666666666666668
4144,468,4612,8.854700854700855
4720,670,5390,7.044776119402985
5501,107,5608,51.41121495327103
6520,181,6701,36.02209944751381
6741,93,6834,72.48387096774194
7709,185,7894,41.67027027027027
119,783,902,0.1519795657726692
910,526,1436,1.7300380228136882
1560,775,2335,2.0129032258064514
2343,727,3070,3.22283356258597
3200,839,4039,3.8140643623361146
4047,799,4846,5.065081351689612
4854,256,5110,18.9609375
5239,756,5995,6.92989417989418
6003,808,6811,7.429455445544554
6944,790,7734,8.78987341772152
61,362,423,0.1685082872928177
460,614,1074,0.749185667752443
1097,712,1809,1.5407303370786516
1864,664,2528,2.8072289156626504
2566,409,2975,6.273838630806846
3002,617,3619,4.86547811993517
3628,479,4107,7.5741127348643005
4118,507,4625,8.122287968441814
4641,798,5439,5.815789473684211
5453,623,6076,8.752808988764045
124,189,313,0.656084656084656
34,161,195,0.2111801242236025
203,312,515,0.6506410256410257
824,12,836,68.66666666666667
930,188,1118,4.946808510638298
1226,244,1470,5.024590163934426
1494,272,1766,5.492647058823529
1870,320,2190,5.84375
2200,361,2561,6.094182825484765
2584,311,2895,8.308681672025724
17,104,121,0.1634615384615384
157,882,1039,0.1780045351473922
2248,909,3157,2.473047304730473
111,296,407,0.375
408,316,724,1.2911392405063291
725,325,1050,2.230769230769231
1051,430,1481,2.444186046511628
1482,336,1818,4.410714285714286
1819,257,2076,7.077821011673152
2077,651,2728,3.1904761904761907
2729,284,3013,9.609154929577464
3014,384,3398,7.848958333333333
3399,86,3485,39.52325581395349
3486,272,3758,12.816176470588236
3759,352,4111,10.678977272727272
4112,337,4449,12.201780415430267
4450,194,4644,22.938144329896907
4645,282,4927,16.47163120567376
4928,286,5214,17.23076923076923
5215,302,5517,17.2682119205298
5536,515,6051,10.749514563106796
6052,247,6299,24.50202429149797
6300,200,6500,31.5
6501,268,6769,24.257462686567163
6770,292,7062,23.184931506849317
7063,348,7411,20.29597701149425
7426,380,7806,19.542105263157893
19,332,351,0.0572289156626506
409,1017,1426,0.4021632251720747
1528,741,2269,2.0620782726045883
17,922,939,0.0184381778741865
64,1000,1064,0.064
376,376,752,1.0
83,840,923,0.0988095238095238
953,754,1707,1.2639257294429709
1762,905,2667,1.9469613259668508
2681,206,2887,13.014563106796116
5243,194,5437,27.02577319587629
5475,384,5859,14.2578125
12,449,461,0.0267260579064587
474,481,955,0.9854469854469856
981,508,1489,1.9311023622047243
1529,204,1733,7.495098039215686
1754,179,1933,9.798882681564246
1955,518,2473,3.774131274131274
2543,324,2867,7.848765432098766
2922,251,3173,11.641434262948207
128,831,959,0.1540312876052948
1041,662,1703,1.5725075528700907
1755,738,2493,2.3780487804878048
2522,624,3146,4.041666666666667
3171,500,3671,6.342
7,139,146,0.0503597122302158
13,327,340,0.0397553516819571
356,317,673,1.1230283911671923
682,325,1007,2.0984615384615384
1009,302,1311,3.3410596026490067
1328,250,1578,5.312
1611,298,1909,5.406040268456376
1936,322,2258,6.012422360248447
2260,228,2488,9.912280701754383
2523,318,2841,7.933962264150943
2874,370,3244,7.767567567567568
3385,402,3787,8.42039800995025
3813,385,4198,9.903896103896104
31,683,714,0.0453879941434846
2121,389,2510,5.4524421593830334
2548,492,3040,5.178861788617886
4377,462,4839,9.474025974025974
4855,450,5305,10.78888888888889
40,858,898,0.0466200466200466
2223,426,2649,5.21830985915493
2663,511,3174,5.211350293542075
3238,659,3897,4.91350531107739
4961,603,5564,8.227197346600331
5841,564,6405,10.356382978723405
6453,1004,7457,6.427290836653387
7466,496,7962,15.05241935483871
30,49,79,0.6122448979591837
254,676,930,0.3757396449704142
963,154,1117,6.253246753246753
1135,732,1867,1.5505464480874316
167,817,984,0.204406364749082
1039,632,1671,1.643987341772152
1708,650,2358,2.627692307692308
2436,802,3238,3.0374064837905235
3368,490,3858,6.873469387755102
3960,500,4460,7.92
4485,444,4929,10.10135135135135
5021,605,5626,8.299173553719008
5665,310,5975,18.274193548387096
6001,845,6846,7.101775147928994
218,116,334,1.8793103448275863
55,825,880,0.0666666666666666
989,526,1515,1.8802281368821288
1544,447,1991,3.4541387024608503
2040,811,2851,2.5154130702836004
2868,53,2921,54.11320754716981
2981,289,3270,10.314878892733564
3334,10,3344,333.4
3548,15,3563,236.53333333333333
3641,709,4350,5.1354019746121295
4444,666,5110,6.672672672672673
5223,655,5878,7.974045801526717
5978,560,6538,10.675
6561,313,6874,20.961661341853038
6946,668,7614,10.39820359281437
16,258,274,0.0620155038759689
296,186,482,1.5913978494623655
500,162,662,3.08641975308642
682,323,1005,2.111455108359133
175,498,673,0.3514056224899598
95,538,633,0.1765799256505576
728,537,1265,1.355679702048417
1362,590,1952,2.3084745762711862
1989,919,2908,2.16430903155604
18,623,641,0.0288924558587479
713,905,1618,0.7878453038674034
12,641,653,0.0187207488299532
655,571,1226,1.1471103327495622
1232,664,1896,1.855421686746988
1279,461,1740,2.774403470715835
1967,667,2634,2.949025487256372
112,526,638,0.2129277566539923
645,338,983,1.9082840236686391
1004,454,1458,2.211453744493392
210,262,472,0.8015267175572519
493,677,1170,0.7282127031019202
1193,178,1371,6.702247191011236
1385,368,1753,3.7635869565217392
1763,154,1917,11.448051948051948
1926,154,2080,12.506493506493506
2100,157,2257,13.375796178343949
2275,195,2470,11.666666666666666
2481,318,2799,7.80188679245283
2806,199,3005,14.100502512562814
3032,304,3336,9.973684210526317
17,207,224,0.0821256038647343
262,393,655,0.6666666666666666
687,652,1339,1.053680981595092
1365,747,2112,1.8273092369477912
2132,771,2903,2.765239948119325
2935,493,3428,5.953346855983773
3444,449,3893,7.670378619153674
3932,441,4373,8.91609977324263
4536,175,4711,25.92
42,366,408,0.1147540983606557
434,476,910,0.9117647058823528
950,610,1560,1.5573770491803278
384,669,1053,0.5739910313901345
1216,692,1908,1.7572254335260116
2077,787,2864,2.639135959339263
3001,834,3835,3.5983213429256597
3875,746,4621,5.194369973190349
4718,468,5186,10.08119658119658
5534,822,6356,6.732360097323601
6833,698,7531,9.789398280802292
483,333,816,1.4504504504504503
232,50,282,4.64
345,85,430,4.0588235294117645
469,314,783,1.4936305732484076
975,189,1164,5.158730158730159
1206,118,1324,10.220338983050848
1347,86,1433,15.66279069767442
1463,94,1557,15.563829787234043
1612,164,1776,9.829268292682928
1915,137,2052,13.978102189781024
2096,79,2175,26.53164556962025
2284,399,2683,5.724310776942356
2747,169,2916,16.254437869822485
2996,328,3324,9.134146341463415
3372,260,3632,12.96923076923077
3737,104,3841,35.93269230769231
3908,276,4184,14.159420289855072
326,924,1250,0.3528138528138528
1252,839,2091,1.4922526817640047
207,11,218,18.818181818181817
272,177,449,1.536723163841808
486,165,651,2.9454545454545453
698,194,892,3.597938144329897
923,224,1147,4.120535714285714
1157,460,1617,2.515217391304348
1625,361,1986,4.501385041551247
43,65,108,0.6615384615384615
113,54,167,2.092592592592593
235,384,619,0.6119791666666666
621,165,786,3.763636363636364
799,345,1144,2.315942028985507
1161,316,1477,3.674050632911392
1554,344,1898,4.517441860465116
1915,290,2205,6.603448275862069
2231,377,2608,5.917771883289125
2630,392,3022,6.709183673469388
3055,321,3376,9.517133956386292
411,488,899,0.8422131147540983
111,684,795,0.1622807017543859
815,289,1104,2.820069204152249
1118,267,1385,4.187265917602996
1418,169,1587,8.390532544378699
1596,393,1989,4.061068702290076
2008,673,2681,2.9836552748885588
2737,921,3658,2.971769815418024
3660,284,3944,12.887323943661972
3987,499,4486,7.98997995991984
4535,267,4802,16.98501872659176
4826,944,5770,5.112288135593221
5772,230,6002,25.095652173913045
6013,350,6363,17.18
6404,896,7300,7.147321428571429
258,359,617,0.7186629526462396
21,94,115,0.2234042553191489
139,58,197,2.396551724137931
245,296,541,0.8277027027027027
80,617,697,0.1296596434359805
708,425,1133,1.6658823529411764
1162,461,1623,2.5206073752711498
1646,270,1916,6.0962962962962965
1947,316,2263,6.161392405063292
2286,249,2535,9.180722891566266
2553,456,3009,5.598684210526316
3087,777,3864,3.972972972972973
3942,651,4593,6.055299539170507
126,634,760,0.1987381703470031
101,436,537,0.231651376146789
555,440,995,1.2613636363636365
1003,430,1433,2.332558139534884
1443,373,1816,3.868632707774799
1838,303,2141,6.066006600660066
2315,381,2696,6.076115485564304
2711,426,3137,6.363849765258216
3148,281,3429,11.202846975088969
3573,203,3776,17.600985221674875
3974,289,4263,13.750865051903114
4829,328,5157,14.722560975609756
5369,205,5574,26.190243902439025
5714,401,6115,14.24937655860349
6172,409,6581,15.09046454767726
6630,126,6756,52.61904761904762
6810,422,7232,16.137440758293838
7255,422,7677,17.191943127962084
22,315,337,0.0698412698412698
10,624,634,0.016025641025641
688,646,1334,1.065015479876161
1345,146,1491,9.212328767123289
1313,606,1919,2.1666666666666665
3158,824,3982,3.832524271844661
684,673,1357,1.0163447251114412
1505,662,2167,2.273413897280967
2243,654,2897,3.429663608562691
2973,588,3561,5.056122448979592
3637,643,4280,5.656298600311042
4356,654,5010,6.660550458715596
5130,578,5708,8.875432525951558
5828,718,6546,8.116991643454039
6666,716,7382,9.310055865921788
43,73,116,0.589041095890411
151,79,230,1.9113924050632911
254,50,304,5.08
425,475,900,0.8947368421052632
1811,930,2741,1.9473118279569888
8,317,325,0.0252365930599369
544,487,1031,1.1170431211498972
1187,649,1836,1.8289676425269643
1912,115,2027,16.62608695652174
2111,784,2895,2.6926020408163267
2979,674,3653,4.419881305637982
3703,586,4289,6.319112627986348
4339,786,5125,5.520356234096692
70,739,809,0.094722598105548
818,676,1494,1.2100591715976332
163,954,1117,0.1708595387840671
1153,1007,2160,1.1449851042701091
2202,997,3199,2.208625877632899
4312,892,5204,4.834080717488789
5239,939,6178,5.579339723109691
6215,836,7051,7.434210526315789
7083,792,7875,8.943181818181818
51,69,120,0.7391304347826086
847,811,1658,1.0443896424167691
1662,18,1680,92.33333333333331
2673,504,3177,5.303571428571429
4796,607,5403,7.901153212520593
6887,317,7204,21.725552050473187
1259,649,1908,1.9399075500770413
23,117,140,0.1965811965811965
165,103,268,1.6019417475728157
310,496,806,0.625
845,422,1267,2.0023696682464456
1307,471,1778,2.774946921443737
1816,581,2397,3.125645438898451
2445,648,3093,3.773148148148149
3141,660,3801,4.759090909090909
3854,668,4522,5.769461077844311
4572,671,5243,6.81371087928465
5293,664,5957,7.971385542168675
6018,704,6722,8.548295454545455
6769,646,7415,10.478328173374614
153,98,251,1.5612244897959184
308,496,804,0.6209677419354839
62,64,126,0.96875
137,593,730,0.2310286677908937
26,349,375,0.0744985673352435
377,330,707,1.1424242424242423
726,351,1077,2.068376068376069
1102,315,1417,3.4984126984126984
1444,435,1879,3.3195402298850576
1897,317,2214,5.98422712933754
2217,315,2532,7.038095238095238
2534,286,2820,8.86013986013986
2824,53,2877,53.283018867924525
2892,62,2954,46.64516129032258
217,1009,1226,0.2150644202180376
1228,978,2206,1.2556237218813906
73,698,771,0.1045845272206303
789,408,1197,1.9338235294117647
1235,580,1815,2.1293103448275863
1824,324,2148,5.62962962962963
7,35,42,0.2
572,178,750,3.213483146067416
781,642,1423,1.2165109034267914
1457,921,2378,1.5819761129207384
53,907,960,0.0584343991179713
11,65,76,0.1692307692307692
108,250,358,0.432
371,429,800,0.8648018648018648
816,88,904,9.272727272727272
924,99,1023,9.333333333333334
1037,120,1157,8.641666666666667
1175,184,1359,6.385869565217392
24,650,674,0.0369230769230769
780,821,1601,0.9500609013398296
1632,843,2475,1.9359430604982208
1405,937,2342,1.4994663820704377
2353,420,2773,5.602380952380952
2852,646,3498,4.414860681114551
3550,529,4079,6.710775047258979
4105,463,4568,8.86609071274298
4609,639,5248,7.21283255086072
5279,545,5824,9.686238532110092
5835,394,6229,14.809644670050762
6240,562,6802,11.103202846975089
34,357,391,0.0952380952380952
446,362,808,1.2320441988950277
851,325,1176,2.6184615384615384
1194,336,1530,3.5535714285714284
1533,249,1782,6.156626506024097
1877,340,2217,5.520588235294118
2226,267,2493,8.337078651685394
2608,330,2938,7.903030303030303
2947,281,3228,10.487544483985763
3276,298,3574,10.993288590604028
3637,300,3937,12.123333333333331
3965,260,4225,15.25
4320,354,4674,12.203389830508474
4749,359,5108,13.22841225626741
5111,222,5333,23.02252252252252
5396,315,5711,17.13015873015873
5714,299,6013,19.110367892976587
6037,284,6321,21.257042253521128
6324,328,6652,19.28048780487805
6700,200,6900,33.5
6925,55,6980,125.9090909090909
47,434,481,0.108294930875576
495,410,905,1.2073170731707317
994,462,1456,2.1515151515151514
1484,575,2059,2.5808695652173914
2080,101,2181,20.594059405940595
2264,178,2442,12.719101123595506
2456,453,2909,5.421633554083885
2924,636,3560,4.59748427672956
3574,596,4170,5.996644295302014
5268,241,5509,21.858921161825727
6621,206,6827,32.140776699029125
6879,271,7150,25.383763837638377
7174,505,7679,14.205940594059406
58,50,108,1.16
122,221,343,0.5520361990950227
378,967,1345,0.390899689762151
1361,937,2298,1.452508004268943
2323,901,3224,2.5782463928967814
3253,1011,4264,3.217606330365974
4318,827,5145,5.221281741233374
5170,799,5969,6.470588235294118
6007,809,6816,7.425216316440049
6862,750,7612,9.149333333333333
48,558,606,0.086021505376344
647,582,1229,1.111683848797251
16,58,74,0.2758620689655172
94,660,754,0.1424242424242424
810,651,1461,1.2442396313364057
1526,644,2170,2.369565217391304
2556,720,3276,3.55
3719,158,3877,23.537974683544306
4353,187,4540,23.27807486631016
4946,163,5109,30.34355828220859
5166,889,6055,5.811023622047244
6059,289,6348,20.965397923875432
6398,391,6789,16.36317135549872
6945,615,7560,11.292682926829269
36,108,144,0.3333333333333333
87,744,831,0.1169354838709677
862,630,1492,1.3682539682539685
1517,826,2343,1.8365617433414043
2381,413,2794,5.765133171912833
2812,765,3577,3.675816993464052
130,619,749,0.210016155088853
760,603,1363,1.2603648424543947
1379,616,1995,2.238636363636364
2030,663,2693,3.06184012066365
2719,750,3469,3.625333333333333
23,88,111,0.2613636363636363
174,626,800,0.2779552715654952
855,670,1525,1.2761194029850746
1585,790,2375,2.0063291139240507
2484,746,3230,3.329758713136729
3277,787,4064,4.163913595933926
34,531,565,0.064030131826742
2522,540,3062,4.67037037037037
67,63,130,1.0634920634920637
145,314,459,0.4617834394904458
483,382,865,1.2643979057591623
32,139,171,0.2302158273381295
290,233,523,1.2446351931330473
542,260,802,2.0846153846153848
812,88,900,9.227272727272728
917,149,1066,6.154362416107382
1078,181,1259,5.955801104972376
1286,158,1444,8.139240506329115
1455,325,1780,4.476923076923077
1789,60,1849,29.816666666666663
23,633,656,0.0363349131121642
692,600,1292,1.153333333333333
1305,349,1654,3.739255014326648
1692,473,2165,3.577167019027484
2189,310,2499,7.061290322580645
2544,473,3017,5.378435517970401
3021,44,3065,68.6590909090909
935,987,1922,0.9473150962512664
2975,981,3956,3.032619775739042
3958,990,4948,3.997979797979798
50,671,721,0.07451564828614
744,338,1082,2.201183431952663
1342,836,2178,1.605263157894737
2342,750,3092,3.1226666666666665
3125,703,3828,4.445234708392603
20,275,295,0.0727272727272727
303,284,587,1.0669014084507042
596,290,886,2.055172413793104
894,154,1048,5.805194805194805
1059,265,1324,3.9962264150943394
15,505,520,0.0297029702970297
20,525,545,0.0380952380952381
85,66,151,1.2878787878787878
176,627,803,0.2807017543859649
881,409,1290,2.154034229828851
1354,331,1685,4.090634441087613
1755,166,1921,10.572289156626503
1999,619,2618,3.22940226171244
2672,288,2960,9.27777777777778
40,19,59,2.1052631578947367
101,93,194,1.086021505376344
224,89,313,2.5168539325842696
57,590,647,0.0966101694915254
103,374,477,0.2754010695187165
72,1005,1077,0.0716417910447761
1095,1018,2113,1.075638506876228
3157,996,4153,3.1696787148594376
152,65,217,2.3384615384615386
542,76,618,7.131578947368421
652,58,710,11.241379310344827
741,110,851,6.736363636363636
1242,322,1564,3.857142857142857
1574,46,1620,34.21739130434783
1629,189,1818,8.619047619047619
2194,294,2488,7.462585034013605
2713,350,3063,7.751428571428572
4115,253,4368,16.26482213438735
5638,328,5966,17.1890243902439
6166,269,6435,22.92193308550186
6844,275,7119,24.887272727272727
43,74,117,0.581081081081081
555,533,1088,1.0412757973733584
1623,405,2028,4.007407407407407
2143,401,2544,5.344139650872818
2590,44,2634,58.86363636363637
2752,419,3171,6.568019093078759
3253,387,3640,8.405684754521964
79,498,577,0.1586345381526104
591,515,1106,1.1475728155339806
22,399,421,0.0551378446115288
507,788,1295,0.6434010152284264
1329,787,2116,1.6886912325285897
2210,846,3056,2.6122931442080377
3162,484,3646,6.533057851239669
3830,660,4490,5.803030303030303
4648,814,5462,5.710073710073711
5497,492,5989,11.172764227642276
6029,639,6668,9.435054773082944
6888,859,7747,8.018626309662398
12,333,345,0.036036036036036
354,341,695,1.0381231671554252
742,360,1102,2.061111111111111
1105,364,1469,3.0357142857142856
1472,278,1750,5.294964028776978
1767,345,2112,5.121739130434783
2115,325,2440,6.507692307692308
2443,231,2674,10.575757575757576
2710,325,3035,8.338461538461539
3041,359,3400,8.470752089136491
3403,355,3758,9.585915492957746
3761,52,3813,72.32692307692308
3832,190,4022,20.16842105263158
4025,424,4449,9.492924528301886
4452,735,5187,6.057142857142857
5225,170,5395,30.735294117647054
5398,361,5759,14.952908587257618
5762,608,6370,9.476973684210526
6373,119,6492,53.55462184873949
6495,346,6841,18.771676300578036
6843,369,7212,18.54471544715447
7214,350,7564,20.61142857142857
7566,120,7686,63.05
1393,382,1775,3.646596858638744
1805,318,2123,5.676100628930818
2142,389,2531,5.506426735218509
2563,382,2945,6.709424083769633
3019,408,3427,7.399509803921568
3446,220,3666,15.663636363636364
3692,278,3970,13.280575539568344
4208,320,4528,13.15
4540,361,4901,12.57617728531856
4904,234,5138,20.95726495726496
5857,52,5909,112.6346153846154
5914,83,5997,71.25301204819277
6003,59,6062,101.7457627118644
6069,64,6133,94.828125
6138,57,6195,107.6842105263158
6205,56,6261,110.80357142857144
6267,62,6329,101.08064516129032
6334,61,6395,103.8360655737705
6407,66,6473,97.07575757575758
6489,64,6553,101.390625
6558,76,6634,86.28947368421052
6642,72,6714,92.25
6720,63,6783,106.66666666666669
6792,84,6876,80.85714285714286
6890,75,6965,91.86666666666666
6970,70,7040,99.57142857142856
7046,63,7109,111.84126984126983
7125,91,7216,78.2967032967033
18,512,530,0.03515625
181,38,219,4.7631578947368425
2056,617,2673,3.3322528363047
11,233,244,0.0472103004291845
13,425,438,0.0305882352941176
462,344,806,1.3430232558139534
837,499,1336,1.6773547094188377
1348,619,1967,2.1777059773828755
1983,518,2501,3.828185328185328
88,840,928,0.1047619047619047
934,735,1669,1.270748299319728
27,390,417,0.0692307692307692
433,284,717,1.5246478873239435
749,264,1013,2.837121212121212
1033,323,1356,3.198142414860681
1370,240,1610,5.708333333333333
1619,54,1673,29.98148148148148
14,657,671,0.0213089802130898
680,571,1251,1.190893169877408
1268,556,1824,2.2805755395683454
1833,971,2804,1.887744593202884
2822,946,3768,2.983086680761099
3791,964,4755,3.932572614107884
4777,523,5300,9.133843212237094
5309,443,5752,11.984198645598196
5811,93,5904,62.483870967741936
16,198,214,0.0808080808080808
1071,217,1288,4.935483870967742
1295,384,1679,3.372395833333333
925,273,1198,3.388278388278388
1212,340,1552,3.5647058823529414
1569,245,1814,6.404081632653061
1821,281,2102,6.480427046263345
52,274,326,0.1897810218978102
475,284,759,1.6725352112676055
774,416,1190,1.8605769230769231
100,715,815,0.1398601398601398
32,40,72,0.8
518,129,647,4.015503875968992
1432,268,1700,5.343283582089552
2258,240,2498,9.408333333333331
3273,87,3360,37.62068965517241
3385,44,3429,76.93181818181819
4241,82,4323,51.71951219512195
4344,48,4392,90.5
4891,94,4985,52.03191489361702
5891,105,5996,56.10476190476191
6993,3,6996,2331.0
7085,268,7353,26.436567164179102
21,182,203,0.1153846153846153
225,184,409,1.2228260869565215
432,197,629,2.1928934010152283
653,400,1053,1.6325
1066,278,1344,3.83453237410072
90,871,961,0.1033295063145809
963,221,1184,4.357466063348416
1219,480,1699,2.5395833333333333
18,734,752,0.0245231607629427
754,341,1095,2.2111436950146626
134,946,1080,0.1416490486257928
1140,658,1798,1.7325227963525835
1882,505,2387,3.726732673267327
2430,819,3249,2.967032967032967
464,266,730,1.744360902255639
754,268,1022,2.8134328358208958
86,491,577,0.175152749490835
595,880,1475,0.6761363636363636
1513,597,2110,2.5343383584589616
2167,461,2628,4.700650759219089
2630,284,2914,9.26056338028169
13,820,833,0.0158536585365853
859,438,1297,1.961187214611872
33,102,135,0.3235294117647059
318,739,1057,0.4303112313937753
1067,188,1255,5.675531914893617
484,484,968,1.0
2424,194,2618,12.494845360824742
2676,37,2713,72.32432432432432
2716,389,3105,6.982005141388175
3490,3,3493,1163.3333333333333
3514,3,3517,1171.3333333333333
1486,194,1680,7.65979381443299
2240,141,2381,15.886524822695035
2818,177,2995,15.92090395480226
5202,224,5426,23.223214285714285
123,61,184,2.0163934426229506
2368,307,2675,7.713355048859935
4940,219,5159,22.557077625570777
7113,186,7299,38.24193548387097
12,174,186,0.0689655172413793
201,187,388,1.074866310160428
402,147,549,2.7346938775510203
585,405,990,1.4444444444444444
101,884,985,0.1142533936651583
994,263,1257,3.779467680608365
1315,206,1521,6.383495145631068
1550,238,1788,6.512605042016807
1846,326,2172,5.662576687116564
2186,576,2762,3.795138888888889
2893,642,3535,4.506230529595015
3590,592,4182,6.0641891891891895
22,79,101,0.2784810126582278
108,46,154,2.347826086956522
159,93,252,1.7096774193548387
261,134,395,1.9477611940298507
411,110,521,3.736363636363636
534,180,714,2.966666666666667
18,806,824,0.0223325062034739
852,692,1544,1.23121387283237
1567,436,2003,3.5940366972477062
92,567,659,0.1622574955908289
146,978,1124,0.1492842535787321
2408,997,3405,2.415245737211635
3829,408,4237,9.384803921568627
4295,397,4692,10.818639798488665
4695,405,5100,11.592592592592592
5103,379,5482,13.464379947229553
41,293,334,0.1399317406143344
365,696,1061,0.5244252873563219
1093,266,1359,4.109022556390977
1429,529,1958,2.701323251417769
2259,714,2973,3.1638655462184877
5974,519,6493,11.510597302504816
33,807,840,0.0408921933085501
262,112,374,2.3392857142857144
1165,196,1361,5.9438775510204085
1367,188,1555,7.27127659574468
1561,503,2064,3.10337972166998
2070,661,2731,3.1316187594553706
2737,837,3574,3.270011947431302
3580,477,4057,7.50524109014675
4063,978,5041,4.15439672801636
5047,721,5768,7.0
5774,679,6453,8.503681885125184
6459,944,7403,6.842161016949152
7409,256,7665,28.94140625
16,341,357,0.0469208211143695
23,868,891,0.0264976958525345
941,981,1922,0.9592252803261978
1937,831,2768,2.330926594464501
3850,265,4115,14.528301886792454
4191,375,4566,11.176
4572,110,4682,41.56363636363636
6909,467,7376,14.794432548179872
7465,230,7695,32.45652173913044
236,86,322,2.744186046511628
345,99,444,3.484848484848485
460,101,561,4.554455445544554
585,64,649,9.140625
664,72,736,9.22222222222222
765,548,1313,1.395985401459854
1340,151,1491,8.874172185430464
1527,336,1863,4.544642857142857
1898,341,2239,5.5659824046920825
2252,143,2395,15.748251748251748
52,361,413,0.1440443213296399
449,206,655,2.179611650485437
673,228,901,2.951754385964912
952,276,1228,3.449275362318841
21,619,640,0.0339256865912762
30,820,850,0.0365853658536585
852,591,1443,1.4416243654822336
1469,853,2322,1.7221570926143024
79,954,1033,0.0828092243186582
1046,456,1502,2.293859649122807
1519,666,2185,2.280780780780781
2224,368,2592,6.043478260869565
2621,620,3241,4.22741935483871
3288,444,3732,7.405405405405405
3864,421,4285,9.178147268408551
4341,546,4887,7.950549450549451
4955,381,5336,13.005249343832022
5375,268,5643,20.05597014925373
5759,991,6750,5.81130171543895
6,295,301,0.0203389830508474
312,522,834,0.5977011494252874
159,340,499,0.4676470588235294
523,811,1334,0.6448828606658447
1350,963,2313,1.4018691588785046
2346,962,3308,2.4386694386694385
3321,605,3926,5.489256198347108
4038,429,4467,9.412587412587412
4504,491,4995,9.173116089613035
5014,594,5608,8.441077441077441
5623,324,5947,17.354938271604937
5984,538,6522,11.12267657992565
97,27,124,3.592592592592593
131,129,260,1.0155038759689925
292,153,445,1.908496732026144
451,140,591,3.2214285714285715
595,128,723,4.6484375
732,135,867,5.422222222222223
877,119,996,7.369747899159663
1028,131,1159,7.847328244274809
1165,134,1299,8.694029850746269
1323,154,1477,8.590909090909092
1487,139,1626,10.697841726618703
1690,50,1740,33.8
19,43,62,0.4418604651162791
179,459,638,0.3899782135076253
676,436,1112,1.5504587155963303
1125,204,1329,5.514705882352941
1370,189,1559,7.248677248677248
103,144,247,0.7152777777777778
259,249,508,1.0401606425702812
670,301,971,2.2259136212624586
1047,316,1363,3.3132911392405062
1389,363,1752,3.826446280991736
1803,397,2200,4.541561712846348
24,312,336,0.0769230769230769
20,76,96,0.2631578947368421
163,124,287,1.314516129032258
357,94,451,3.797872340425532
540,111,651,4.864864864864865
657,145,802,4.531034482758621
60,542,602,0.1107011070110701
618,181,799,3.414364640883978
839,198,1037,4.237373737373737
1056,70,1126,15.085714285714284
1571,648,2219,2.424382716049383
4264,686,4950,6.215743440233236
6325,505,6830,12.524752475247524
16,66,82,0.2424242424242424
96,238,334,0.4033613445378151
418,344,762,1.2151162790697674
804,283,1087,2.8409893992932864
1111,319,1430,3.4827586206896552
1463,379,1842,3.8601583113456464
1894,172,2066,11.011627906976743
2073,148,2221,14.006756756756756
2233,353,2586,6.325779036827195
2600,50,2650,52.0
2676,395,3071,6.774683544303797
3079,92,3171,33.46739130434783
3209,321,3530,9.996884735202492
3571,293,3864,12.187713310580206
3885,151,4036,25.728476821192054
4067,186,4253,21.865591397849464
4278,50,4328,85.56
4347,51,4398,85.23529411764706
4427,68,4495,65.1029411764706
4507,46,4553,97.97826086956522
4583,370,4953,12.386486486486486
4978,328,5306,15.176829268292684
5508,245,5753,22.481632653061222
43,714,757,0.0602240896358543
774,527,1301,1.4686907020872866
1311,586,1897,2.237201365187713
1905,453,2358,4.2052980132450335
2365,855,3220,2.7660818713450293
3552,182,3734,19.51648351648352
19,473,492,0.040169133192389
518,460,978,1.126086956521739
997,347,1344,2.873198847262248
1359,397,1756,3.4231738035264483
1783,499,2282,3.5731462925851702
2315,599,2914,3.8647746243739567
2956,366,3322,8.076502732240437
3349,508,3857,6.59251968503937
9,163,172,0.0552147239263803
182,360,542,0.5055555555555555
560,85,645,6.588235294117647
661,65,726,10.169230769230769
750,68,818,11.029411764705882
836,69,905,12.115942028985508
936,48,984,19.5
1010,67,1077,15.07462686567164
1094,111,1205,9.855855855855856
1219,93,1312,13.10752688172043
1366,103,1469,13.262135922330096
1475,3,1478,491.6666666666667
29,536,565,0.0541044776119402
162,801,963,0.2022471910112359
1158,756,1914,1.531746031746032
2171,839,3010,2.587604290822408
3091,580,3671,5.3293103448275865
3751,445,4196,8.429213483146068
4647,757,5404,6.138705416116248
5434,529,5963,10.272211720226844
6020,777,6797,7.747747747747748
6827,373,7200,18.3029490616622
7276,726,8002,10.022038567493112
47,434,481,0.108294930875576
495,410,905,1.2073170731707317
994,462,1456,2.1515151515151514
1484,575,2059,2.5808695652173914
2097,101,2198,20.76237623762376
2298,178,2476,12.910112359550562
2507,453,2960,5.534216335540839
2992,636,3628,4.70440251572327
3659,596,4255,6.139261744966443
5387,241,5628,22.352697095435683
6729,634,7363,10.613564668769715
167,665,832,0.2511278195488722
846,651,1497,1.2995391705069124
1506,682,2188,2.2082111436950145
179,574,753,0.3118466898954704
774,601,1375,1.2878535773710482
37,760,797,0.0486842105263157
28,566,594,0.0494699646643109
607,1019,1626,0.5956820412168793
88,709,797,0.1241184767277856
1169,826,1995,1.4152542372881356
14,242,256,0.0578512396694214
271,617,888,0.4392220421393841
25,365,390,0.0684931506849315
423,434,857,0.9746543778801844
582,375,957,1.552
65,428,493,0.1518691588785046
501,358,859,1.399441340782123
894,455,1349,1.9648351648351647
1386,472,1858,2.9364406779661016
1925,373,2298,5.160857908847185
38,539,577,0.0705009276437847
627,466,1093,1.3454935622317596
1129,546,1675,2.067765567765568
74,177,251,0.4180790960451977
1711,891,2602,1.920314253647587
6440,775,7215,8.30967741935484
557,158,715,3.5253164556962027
735,50,785,14.7
796,80,876,9.95
892,701,1593,1.2724679029957204
1621,449,2070,3.6102449888641424
2090,764,2854,2.735602094240838
2891,816,3707,3.542892156862745
3713,910,4623,4.08021978021978
63,922,985,0.0683297180043383
1059,954,2013,1.110062893081761
2039,854,2893,2.3875878220140514
41,939,980,0.0436634717784877
997,391,1388,2.549872122762148
1413,749,2162,1.8865153538050732
2221,736,2957,3.0176630434782608
3001,908,3909,3.305066079295154
3916,939,4855,4.170394036208733
54,462,516,0.1168831168831168
532,440,972,1.209090909090909
997,521,1518,1.9136276391554703
1548,201,1749,7.701492537313433
1784,403,2187,4.426799007444169
2206,215,2421,10.26046511627907
2438,178,2616,13.696629213483146
2627,339,2966,7.749262536873156
3081,302,3383,10.201986754966889
3423,25,3448,136.92
3488,212,3700,16.452830188679247
3739,265,4004,14.10943396226415
4039,262,4301,15.416030534351146
4309,303,4612,14.22112211221122
1039,715,1754,1.4531468531468532
2682,1012,3694,2.650197628458498
11,57,68,0.1929824561403508
29,915,944,0.0316939890710382
946,404,1350,2.341584158415841
1362,917,2279,1.485278080697928
2294,766,3060,2.9947780678851177
3087,472,3559,6.540254237288136
20,115,135,0.1739130434782608
376,490,866,0.7673469387755102
97,565,662,0.1716814159292035
3053,671,3724,4.549925484351714
6104,377,6481,16.190981432360743
63,436,499,0.1444954128440367
516,504,1020,1.0238095238095235
1043,253,1296,4.122529644268774
1319,698,2017,1.8896848137535815
2053,642,2695,3.1978193146417446
2735,517,3252,5.290135396518375
3290,716,4006,4.594972067039106
109,609,718,0.1789819376026272
69,2,71,34.5
159,11,170,14.454545454545457
172,16,188,10.75
193,27,220,7.148148148148148
228,27,255,8.444444444444445
258,22,280,11.727272727272728
286,20,306,14.3
308,27,335,11.407407407407408
346,96,442,3.6041666666666665
77,558,635,0.1379928315412186
653,326,979,2.003067484662577
1010,312,1322,3.2371794871794872
1342,265,1607,5.064150943396227
1640,417,2057,3.932853717026379
2082,458,2540,4.545851528384279
2569,385,2954,6.672727272727273
47,39,86,1.205128205128205
353,292,645,1.2089041095890412
39,618,657,0.0631067961165048
199,955,1154,0.2083769633507853
1066,429,1495,2.484848484848485
1532,855,2387,1.791812865497076
2426,768,3194,3.1588541666666665
3244,987,4231,3.286727456940223
4236,703,4939,6.025604551920342
4974,948,5922,5.246835443037975
5953,791,6744,7.525916561314792
6776,706,7482,9.59773371104816
77,429,506,0.1794871794871795
91,816,907,0.1115196078431372
261,230,491,1.1347826086956525
522,233,755,2.240343347639485
835,275,1110,3.036363636363636
1276,258,1534,4.945736434108527
1626,253,1879,6.426877470355731
1960,236,2196,8.305084745762711
74,505,579,0.1465346534653465
619,676,1295,0.915680473372781
1346,1005,2351,1.3393034825870649
4,481,485,0.0083160083160083
489,367,856,1.332425068119891
867,647,1514,1.3400309119010818
18,268,286,0.0671641791044776
297,272,569,1.0919117647058822
579,325,904,1.7815384615384615
242,473,715,0.5116279069767442
737,159,896,4.635220125786163
911,403,1314,2.260545905707196
1345,338,1683,3.9792899408284015
1698,311,2009,5.459807073954984
2025,316,2341,6.408227848101266
158,68,226,2.323529411764706
505,71,576,7.112676056338028
681,599,1280,1.1368948247078463
1376,569,1945,2.4182776801405974
2318,747,3065,3.103078982597055
3117,623,3740,5.003210272873194
3760,475,4235,7.91578947368421
4540,511,5051,8.88454011741683
5175,575,5750,9.0
6866,414,7280,16.584541062801932
7415,502,7917,14.770916334661354
20,76,96,0.2631578947368421
163,124,287,1.314516129032258
357,94,451,3.797872340425532
8,3,11,2.6666666666666665
16,116,132,0.1379310344827586
109,378,487,0.2883597883597883
490,383,873,1.279373368146214
876,388,1264,2.2577319587628866
1267,382,1649,3.316753926701571
1652,375,2027,4.405333333333333
2030,384,2414,5.286458333333333
2417,375,2792,6.445333333333333
2795,376,3171,7.433510638297872
3174,362,3536,8.767955801104973
3539,378,3917,9.362433862433862
3920,368,4288,10.652173913043478
4291,379,4670,11.321899736147758
4673,378,5051,12.362433862433862
5054,321,5375,15.744548286604362
5378,296,5674,18.16891891891892
527,231,758,2.281385281385281
786,560,1346,1.4035714285714285
1370,362,1732,3.784530386740332
1749,612,2361,2.857843137254902
63,338,401,0.1863905325443787
409,340,749,1.2029411764705882
757,320,1077,2.365625
1085,349,1434,3.108882521489971
1442,116,1558,12.43103448275862
144,557,701,0.2585278276481149
718,546,1264,1.315018315018315
31,389,420,0.0796915167095115
428,444,872,0.963963963963964
880,413,1293,2.1307506053268765
1301,312,1613,4.169871794871795
1633,750,2383,2.1773333333333333
158,305,463,0.5180327868852459
19,363,382,0.0523415977961432
389,254,643,1.531496062992126
721,111,832,6.495495495495495
1117,315,1432,3.546031746031746
1452,762,2214,1.905511811023622
2445,372,2817,6.57258064516129
2852,527,3379,5.411764705882353
3395,162,3557,20.95679012345679
3572,431,4003,8.287703016241299
4017,303,4320,13.257425742574258
4473,521,4994,8.585412667946256
5001,15,5016,333.4
5172,400,5572,12.93
5582,196,5778,28.47959183673469
5800,330,6130,17.575757575757574
6156,361,6517,17.05263157894737
7109,294,7403,24.18027210884354
7413,338,7751,21.93195266272189
51,313,364,0.1629392971246006
176,843,1019,0.2087781731909845
5157,28,5185,184.17857142857144
5207,62,5269,83.98387096774194
5293,230,5523,23.01304347826087
26,464,490,0.0560344827586206
16,666,682,0.024024024024024
695,738,1433,0.9417344173441734
1496,747,2243,2.002677376171352
2281,791,3072,2.8836915297092287
19,226,245,0.084070796460177
259,304,563,0.8519736842105263
603,391,994,1.5421994884910486
1003,410,1413,2.446341463414634
1467,369,1836,3.975609756097561
1942,579,2521,3.35405872193437
2534,153,2687,16.562091503267975
2774,161,2935,17.229813664596275
2977,268,3245,11.10820895522388
48,700,748,0.0685714285714285
785,793,1578,0.9899117276166456
1614,877,2491,1.8403648802736603
2542,969,3511,2.6233230134158925
3545,743,4288,4.771197846567968
4362,100,4462,43.62
4546,924,5470,4.91991341991342
340,486,826,0.6995884773662552
2339,809,3148,2.8912237330037085
3323,3,3326,1107.6666666666667
17,627,644,0.0271132376395534
672,503,1175,1.3359840954274351
1225,729,1954,1.6803840877914953
10,109,119,0.091743119266055
145,202,347,0.7178217821782178
56,417,473,0.1342925659472422
485,398,883,1.2185929648241205
899,703,1602,1.278805120910384
1621,783,2404,2.070242656449553
2420,420,2840,5.761904761904762
2857,585,3442,4.883760683760684
3460,495,3955,6.98989898989899
3980,487,4467,8.172484599589323
4490,609,5099,7.372742200328407
5119,733,5852,6.98362892223738
5864,843,6707,6.956109134045077
6709,872,7581,7.693807339449541
13,623,636,0.0208667736757624
659,380,1039,1.7342105263157894
1060,547,1607,1.9378427787934187
1617,695,2312,2.3266187050359712
2380,740,3120,3.216216216216216
3129,387,3516,8.085271317829458
3559,174,3733,20.45402298850575
3745,131,3876,28.587786259541986
3896,177,4073,22.01129943502825
38,329,367,0.1155015197568389
377,292,669,1.2910958904109588
709,416,1125,1.7043269230769231
211,527,738,0.4003795066413662
847,354,1201,2.3926553672316384
1302,465,1767,2.8
80,47,127,1.702127659574468
480,43,523,11.16279069767442
995,7,1002,142.14285714285714
1678,19,1697,88.3157894736842
1706,27,1733,63.18518518518518
1788,456,2244,3.9210526315789473
2296,790,3086,2.9063291139240506
3101,514,3615,6.033073929961089
394,794,1188,0.4962216624685138
262,110,372,2.381818181818182
1005,64,1069,15.703125
1075,119,1194,9.033613445378151
1199,210,1409,5.70952380952381
1415,360,1775,3.9305555555555554
1781,476,2257,3.741596638655462
2262,660,2922,3.4272727272727272
2928,671,3599,4.363636363636363
3605,382,3987,9.43717277486911
3993,533,4526,7.49155722326454
4532,295,4827,15.36271186440678
1141,860,2001,1.3267441860465117
2023,412,2435,4.910194174757281
47,93,140,0.5053763440860215
156,385,541,0.4051948051948052
561,177,738,3.169491525423729
762,443,1205,1.7200902934537246
1229,717,1946,1.7140864714086472
1983,804,2787,2.466417910447761
2824,777,3601,3.6344916344916345
3639,815,4454,4.465030674846626
4488,642,5130,6.990654205607477
5189,833,6022,6.229291716686674
6079,813,6892,7.477244772447724
6954,1007,7961,6.90566037735849
139,96,235,1.4479166666666667
251,76,327,3.3026315789473686
341,116,457,2.939655172413793
462,144,606,3.208333333333333
633,138,771,4.586956521739131
783,109,892,7.18348623853211
905,152,1057,5.953947368421052
1076,113,1189,9.52212389380531
1201,181,1382,6.6353591160221
1393,160,1553,8.70625
1569,187,1756,8.390374331550802
65,74,139,0.8783783783783784
251,181,432,1.3867403314917126
527,882,1409,0.5975056689342404
2534,826,3360,3.067796610169492
3364,677,4041,4.9689807976366325
242,473,715,0.5116279069767442
737,159,896,4.635220125786163
911,403,1314,2.260545905707196
1345,338,1683,3.9792899408284015
72,304,376,0.2368421052631578
643,818,1461,0.7860635696821516
1466,634,2100,2.312302839116719
2107,819,2926,2.572649572649573
2931,762,3693,3.8464566929133857
3725,466,4191,7.993562231759657
4364,844,5208,5.170616113744076
5213,717,5930,7.270571827057183
5951,817,6768,7.283965728274174
3933,701,4634,5.61055634807418
4679,344,5023,13.601744186046512
5072,464,5536,10.93103448275862
5615,544,6159,10.321691176470589
6233,685,6918,9.0992700729927
21,443,464,0.0474040632054176
485,525,1010,0.923809523809524
1039,330,1369,3.1484848484848484
206,337,543,0.6112759643916914
51,366,417,0.1393442622950819
425,158,583,2.689873417721519
2539,351,2890,7.233618233618234
2918,478,3396,6.104602510460251
3491,808,4299,4.320544554455446
4441,543,4984,8.178637200736649
68,907,975,0.0749724366041896
985,904,1889,1.0896017699115044
1891,891,2782,2.122334455667789
2784,949,3733,2.933614330874605
3735,952,4687,3.923319327731092
4689,579,5268,8.098445595854923
170,635,805,0.2677165354330709
13,316,329,0.0411392405063291
352,448,800,0.7857142857142857
814,341,1155,2.3870967741935485
1171,230,1401,5.091304347826087
1412,420,1832,3.361904761904762
1855,15,1870,123.66666666666669
1661,363,2024,4.575757575757576
2027,300,2327,6.756666666666667
2330,291,2621,8.006872852233677
2624,233,2857,11.261802575107296
2860,193,3053,14.818652849740932
3056,178,3234,17.168539325842698
3237,238,3475,13.600840336134452
3478,381,3859,9.128608923884514
3862,33,3895,117.03030303030305
4217,297,4514,14.1986531986532
4765,214,4979,22.26635514018692
97,411,508,0.2360097323600973
159,628,787,0.2531847133757962
855,226,1081,3.7831858407079646
1353,386,1739,3.505181347150259
327,755,1082,0.433112582781457
1087,628,1715,1.730891719745223
1720,749,2469,2.2963951935914557
31,675,706,0.0459259259259259
734,264,998,2.7803030303030303
43,387,430,0.1111111111111111
432,435,867,0.993103448275862
651,90,741,7.233333333333333
759,30,789,25.3
806,24,830,33.583333333333336
886,380,1266,2.331578947368421
1289,35,1324,36.82857142857143
1346,86,1432,15.651162790697674
1469,290,1759,5.06551724137931
1796,308,2104,5.831168831168832
2168,420,2588,5.161904761904762
2634,137,2771,19.22627737226277
2829,159,2988,17.79245283018868
3008,127,3135,23.68503937007874
3151,63,3214,50.01587301587302
3310,69,3379,47.971014492753625
3400,79,3479,43.03797468354431
3574,68,3642,52.55882352941177
3657,60,3717,60.95
53,836,889,0.0633971291866028
532,646,1178,0.8235294117647058
69,58,127,1.1896551724137931
163,402,565,0.4054726368159204
573,192,765,2.984375
109,425,534,0.2564705882352941
550,581,1131,0.9466437177280552
1148,534,1682,2.149812734082397
1697,644,2341,2.6350931677018634
23,322,345,0.0714285714285714
376,465,841,0.8086021505376344
12,363,375,0.0330578512396694
388,376,764,1.0319148936170213
771,362,1133,2.1298342541436464
161,47,208,3.425531914893617
215,29,244,7.413793103448276
623,231,854,2.696969696969697
1025,121,1146,8.47107438016529
1171,79,1250,14.822784810126585
1263,144,1407,8.770833333333334
1419,209,1628,6.789473684210527
1654,385,2039,4.296103896103896
2058,413,2471,4.983050847457627
2495,390,2885,6.397435897435898
2890,131,3021,22.06106870229008
3060,406,3466,7.536945812807882
3484,349,3833,9.982808022922637
3882,104,3986,37.32692307692308
4081,258,4339,15.817829457364342
4404,444,4848,9.91891891891892
4895,539,5434,9.081632653061224
5470,680,6150,8.044117647058824
6173,636,6809,9.705974842767295
6850,781,7631,8.770806658130601
7652,250,7902,30.608
70,61,131,1.147540983606557
143,597,740,0.2395309882747068
744,348,1092,2.1379310344827585
1121,417,1538,2.6882494004796165
1598,152,1750,10.513157894736842
1781,351,2132,5.074074074074074
2171,409,2580,5.308068459657702
157,123,280,1.2764227642276422
38,542,580,0.070110701107011
622,652,1274,0.9539877300613496
1383,573,1956,2.413612565445026
2032,574,2606,3.5400696864111496
2665,279,2944,9.551971326164876
2975,307,3282,9.69055374592834
3556,954,4510,3.7274633123689727
4551,666,5217,6.833333333333333
5233,374,5607,13.991978609625669
5618,712,6330,7.890449438202247
6501,878,7379,7.404328018223235
7394,217,7611,34.07373271889401
7628,86,7714,88.69767441860465
7718,29,7747,266.13793103448273
1167,196,1363,5.954081632653061
1389,17,1406,81.70588235294117
536,215,751,2.4930232558139536
1349,400,1749,3.3725
1778,315,2093,5.644444444444445
2107,300,2407,7.023333333333333
2702,492,3194,5.491869918699187
228,247,475,0.9230769230769232
513,520,1033,0.9865384615384616
1068,360,1428,2.966666666666667
1469,791,2260,1.8571428571428568
2293,523,2816,4.384321223709369
52,668,720,0.0778443113772455
729,977,1706,0.7461617195496417
1711,534,2245,3.204119850187266
2254,951,3205,2.370136698212408
3210,642,3852,5.0
3861,995,4856,3.880402010050251
4861,934,5795,5.204496788008566
5804,1004,6808,5.780876494023905
12,87,99,0.1379310344827586
169,174,343,0.971264367816092
393,150,543,2.62
631,189,820,3.3386243386243386
877,235,1112,3.731914893617021
55,56,111,0.9821428571428572
148,609,757,0.2430213464696223
25,683,708,0.0366032210834553
782,842,1624,0.9287410926365796
1633,302,1935,5.4072847682119205
2021,844,2865,2.394549763033176
2872,338,3210,8.497041420118343
3247,845,4092,3.842603550295858
4123,616,4739,6.693181818181818
4780,882,5662,5.419501133786848
5669,598,6267,9.479933110367892
6392,867,7259,7.372549019607843
320,140,460,2.2857142857142856
489,362,851,1.350828729281768
884,359,1243,2.462395543175488
1363,389,1752,3.503856041131105
1754,265,2019,6.618867924528302
2187,384,2571,5.6953125
2577,156,2733,16.51923076923077
2846,370,3216,7.691891891891892
3218,307,3525,10.482084690553746
3538,235,3773,15.05531914893617
3784,232,4016,16.310344827586206
38,593,631,0.0640809443507588
654,351,1005,1.8632478632478635
1072,928,2000,1.1551724137931034
2108,496,2604,4.25
2630,363,2993,7.245179063360881
3004,286,3290,10.503496503496503
3344,415,3759,8.057831325301205
4015,740,4755,5.425675675675675
4883,634,5517,7.701892744479495
5540,784,6324,7.066326530612245
6444,755,7199,8.535099337748344
7214,535,7749,13.48411214953271
7761,334,8095,23.236526946107784
652,548,1200,1.1897810218978102
25,702,727,0.0356125356125356
743,225,968,3.3022222222222224
1003,414,1417,2.422705314009662
1462,704,2166,2.0767045454545454
2227,670,2897,3.323880597014925
2930,558,3488,5.250896057347671
3530,721,4251,4.895977808599167
4309,817,5126,5.274173806609547
5162,599,5761,8.617696160267112
5804,680,6484,8.535294117647059
6515,573,7088,11.369982547993018
35,923,958,0.037919826652221
125,288,413,0.4340277777777778
660,295,955,2.23728813559322
1037,3,1040,345.6666666666667
431,270,701,1.5962962962962963
753,412,1165,1.827669902912621
1219,391,1610,3.117647058823529
1617,430,2047,3.76046511627907
2054,382,2436,5.37696335078534
2443,196,2639,12.464285714285714
53,508,561,0.1043307086614173
41,500,541,0.082
96,700,796,0.1371428571428571
39,261,300,0.1494252873563218
317,479,796,0.6617954070981211
23,234,257,0.0982905982905982
276,304,580,0.9078947368421052
609,269,878,2.2639405204460967
908,347,1255,2.61671469740634
1283,219,1502,5.858447488584475
1515,254,1769,5.964566929133858
1788,281,2069,6.362989323843417
13,85,98,0.1529411764705882
116,347,463,0.3342939481268011
477,302,779,1.5794701986754969
791,419,1210,1.8878281622911692
1710,952,2662,1.796218487394958
2664,669,3333,3.982062780269058
3388,975,4363,3.474871794871795
4370,715,5085,6.111888111888112
31,80,111,0.3875
557,231,788,2.411255411255411
810,29,839,27.93103448275862
1624,3,1627,541.3333333333334
2184,3,2187,728.0
2962,3,2965,987.3333333333334
2989,33,3022,90.57575757575758
3741,3,3744,1247.0
3756,159,3915,23.62264150943396
5818,3,5821,1939.3333333333333
5876,402,6278,14.616915422885572
6337,443,6780,14.304740406320542
6816,424,7240,16.07547169811321
7288,427,7715,17.06791569086651
61,784,845,0.0778061224489796
848,65,913,13.046153846153846
1290,544,1834,2.3713235294117645
1879,336,2215,5.592261904761905
2266,396,2662,5.722222222222222
2713,337,3050,8.050445103857566
3091,387,3478,7.987080103359173
509,437,946,1.1647597254004576
957,446,1403,2.145739910313901
1426,206,1632,6.922330097087379
1644,169,1813,9.727810650887577
1827,157,1984,11.636942675159236
2001,199,2200,10.055276381909549
2206,39,2245,56.56410256410256
67,168,235,0.3988095238095238
262,888,1150,0.295045045045045
1159,492,1651,2.355691056910569
1286,193,1479,6.66321243523316
1490,116,1606,12.844827586206897
1699,213,1912,7.976525821596244
1961,293,2254,6.69283276450512
2310,396,2706,5.833333333333333
2714,250,2964,10.856
2972,310,3282,9.587096774193547
101,2,103,50.5
683,2,685,341.5
1406,2,1408,703.0
2224,2,2226,1112.0
2601,539,3140,4.825602968460111
3154,45,3199,70.08888888888889
3246,38,3284,85.42105263157895
3289,34,3323,96.73529411764706
3492,159,3651,21.9622641509434
3657,149,3806,24.543624161073826
3855,48,3903,80.3125
3906,41,3947,95.26829268292684
3996,44,4040,90.8181818181818
4062,32,4094,126.9375
206,733,939,0.2810368349249659
1440,108,1548,13.333333333333334
2066,181,2247,11.414364640883978
2287,325,2612,7.036923076923077
2681,392,3073,6.839285714285714
3195,337,3532,9.480712166172108
3561,389,3950,9.154241645244216
4542,273,4815,16.63736263736264
17,405,422,0.0419753086419753
436,422,858,1.033175355450237
882,424,1306,2.080188679245283
1318,334,1652,3.946107784431138
1735,412,2147,4.211165048543689
2203,362,2565,6.085635359116022
2591,378,2969,6.854497354497354
2992,375,3367,7.978666666666666
3421,405,3826,8.446913580246914
3835,592,4427,6.47804054054054
4467,543,5010,8.226519337016574
5027,512,5539,9.818359375
5585,536,6121,10.419776119402986
6155,496,6651,12.409274193548388
6685,529,7214,12.637051039697544
7274,472,7746,15.41101694915254
89,889,978,0.1001124859392575
981,734,1715,1.3365122615803815
1736,921,2657,1.8849077090119437
2738,954,3692,2.870020964360587
3767,914,4681,4.121444201312911
4683,512,5195,9.146484375
5454,893,6347,6.107502799552072
6349,409,6758,15.52322738386308
19,683,702,0.027818448023426
118,93,211,1.2688172043010753
767,178,945,4.308988764044944
1112,345,1457,3.2231884057971016
2144,199,2343,10.773869346733669
2432,748,3180,3.251336898395722
3216,643,3859,5.001555209953343
3912,22,3934,177.8181818181818
6109,188,6297,32.494680851063826
6803,461,7264,14.757049891540133
7282,574,7856,12.686411149825783
20,336,356,0.0595238095238095
367,281,648,1.3060498220640568
664,448,1112,1.4821428571428572
1129,483,1612,2.3374741200828155
1624,120,1744,13.533333333333331
1756,604,2360,2.9072847682119205
2373,288,2661,8.239583333333334
2678,492,3170,5.443089430894309
3195,480,3675,6.65625
3707,574,4281,6.458188153310105
4293,328,4621,13.08841463414634
4635,207,4842,22.39130434782609
4864,209,5073,23.272727272727277
5098,357,5455,14.280112044817928
5477,397,5874,13.795969773299747
5913,278,6191,21.269784172661872
6212,371,6583,16.743935309973047
6625,317,6942,20.899053627760253
6952,361,7313,19.25761772853185
7324,601,7925,12.186356073211314
18,41,59,0.4390243902439024
62,46,108,1.3478260869565215
111,50,161,2.22
165,54,219,3.055555555555556
223,64,287,3.484375
296,119,415,2.4873949579831933
419,72,491,5.819444444444445
494,79,573,6.253164556962025
577,87,664,6.632183908045977
668,96,764,6.958333333333333
768,106,874,7.245283018867925
877,114,991,7.692982456140351
994,122,1116,8.147540983606557
1157,48,1205,24.104166666666668
1208,22,1230,54.90909090909091
1234,24,1258,51.41666666666666
1275,96,1371,13.28125
1374,23,1397,59.73913043478261
1400,25,1425,56.0
1432,29,1461,49.37931034482759
1465,24,1489,61.04166666666666
1493,28,1521,53.32142857142857
1525,24,1549,63.54166666666666
1553,22,1575,70.5909090909091
1578,22,1600,71.72727272727273
1603,23,1626,69.69565217391305
1630,27,1657,60.37037037037037
1661,22,1683,75.5
1687,23,1710,73.34782608695652
1714,24,1738,71.41666666666667
1744,30,1774,58.13333333333333
1777,23,1800,77.26086956521739
1803,23,1826,78.3913043478261
1829,24,1853,76.20833333333333
1857,23,1880,80.73913043478261
1884,27,1911,69.77777777777777
1916,27,1943,70.96296296296296
1947,22,1969,88.5
1972,22,1994,89.63636363636364
1998,23,2021,86.8695652173913
2025,24,2049,84.375
2053,42,2095,48.88095238095238
2107,27,2134,78.03703703703704
2139,33,2172,64.81818181818181
2177,31,2208,70.2258064516129
2211,22,2233,100.5
2238,26,2264,86.07692307692308
2269,30,2299,75.63333333333334
2304,37,2341,62.270270270270274
2350,33,2383,71.21212121212122
2386,23,2409,103.7391304347826
2413,22,2435,109.6818181818182
2439,23,2462,106.04347826086956
2465,23,2488,107.17391304347828
2493,27,2520,92.33333333333331
2524,25,2549,100.96
128,735,863,0.1741496598639455
987,973,1960,1.014388489208633
1970,805,2775,2.4472049689441
1063,145,1208,7.3310344827586205
1212,154,1366,7.87012987012987
1370,158,1528,8.670886075949367
1532,151,1683,10.14569536423841
1687,137,1824,12.313868613138686
90,691,781,0.130246020260492
795,454,1249,1.751101321585903
1269,677,1946,1.8744460856720828
43,307,350,0.1400651465798045
365,93,458,3.924731182795699
477,308,785,1.5487012987012987
31,330,361,0.0939393939393939
368,939,1307,0.3919062832800852
18,512,530,0.03515625
552,523,1075,1.0554493307839388
1089,484,1573,2.25
161,901,1062,0.1786903440621531
1069,454,1523,2.354625550660793
462,832,1294,0.5552884615384616
1382,641,2023,2.15600624024961
2061,713,2774,2.8906030855539973
2786,640,3426,4.353125
4844,695,5539,6.96978417266187
5621,686,6307,8.193877551020408
6415,211,6626,30.402843601895736
6665,164,6829,40.64024390243903
6873,692,7565,9.93208092485549
37,407,444,0.0909090909090909
31,375,406,0.0826666666666666
412,306,718,1.34640522875817
92,66,158,1.393939393939394
425,2,427,212.5
944,2,946,472.0
1508,2,1510,754.0
2035,2,2037,1017.5
2503,2,2505,1251.5
2959,2,2961,1479.5
3464,2,3466,1732.0
3949,2,3951,1974.5
4357,205,4562,21.25365853658537
1112,587,1699,1.8943781942078364
9,293,302,0.030716723549488
344,363,707,0.9476584022038568
716,436,1152,1.6422018348623852
1170,299,1469,3.9130434782608696
1481,356,1837,4.160112359550562
1846,229,2075,8.06113537117904
2106,292,2398,7.212328767123288
2409,378,2787,6.373015873015873
2799,396,3195,7.068181818181818
3241,470,3711,6.895744680851064
3715,435,4150,8.540229885057471
4155,443,4598,9.37923250564334
4604,481,5085,9.571725571725572
39,170,209,0.2294117647058823
241,105,346,2.295238095238095
352,134,486,2.626865671641791
530,172,702,3.081395348837209
80,352,432,0.2272727272727272
451,472,923,0.9555084745762712
935,337,1272,2.7744807121661723
1289,335,1624,3.8477611940298506
1645,302,1947,5.447019867549669
1966,338,2304,5.816568047337278
2315,251,2566,9.223107569721115
2800,445,3245,6.292134831460674
3265,436,3701,7.488532110091743
3755,438,4193,8.573059360730594
4212,456,4668,9.236842105263158
4685,250,4935,18.74
5013,456,5469,10.99342105263158
5484,435,5919,12.606896551724136
5925,248,6173,23.891129032258064
6241,391,6632,15.9616368286445
6659,489,7148,13.61758691206544
130,134,264,0.9701492537313432
266,371,637,0.7169811320754716
643,384,1027,1.6744791666666667
1029,436,1465,2.360091743119266
1467,400,1867,3.6675
162,290,452,0.5586206896551724
459,387,846,1.186046511627907
957,876,1833,1.0924657534246576
1854,875,2729,2.1188571428571428
2749,874,3623,3.145308924485126
3694,834,4528,4.429256594724221
4570,266,4836,17.18045112781955
4918,309,5227,15.915857605177994
5279,526,5805,10.036121673003802
329,592,921,0.5557432432432432
956,727,1683,1.314993122420908
29,559,588,0.0518783542039356
611,994,1605,0.6146881287726358
412,939,1351,0.4387646432374867
210,625,835,0.336
850,442,1292,1.9230769230769231
1307,418,1725,3.126794258373206
1740,342,2082,5.087719298245614
2097,406,2503,5.165024630541872
2518,435,2953,5.788505747126437
2968,491,3459,6.044806517311609
3474,528,4002,6.579545454545454
4017,447,4464,8.986577181208053
4479,315,4794,14.219047619047618
4809,419,5228,11.477326968973747
18,73,91,0.2465753424657534
138,169,307,0.8165680473372781
344,154,498,2.2337662337662336
578,199,777,2.9045226130653266
817,132,949,6.1893939393939394
975,194,1169,5.025773195876289
1254,259,1513,4.841698841698841
1530,284,1814,5.387323943661972
1908,282,2190,6.76595744680851
2247,315,2562,7.133333333333334
2589,243,2832,10.65432098765432
2886,372,3258,7.758064516129032
3307,293,3600,11.286689419795222
3636,298,3934,12.201342281879194
3996,247,4243,16.178137651821864
4311,338,4649,12.754437869822484
4708,290,4998,16.23448275862069
420,944,1364,0.4449152542372881
1366,485,1851,2.816494845360825
1876,914,2790,2.052516411378556
2792,250,3042,11.168
3059,221,3280,13.84162895927602
3297,143,3440,23.055944055944057
3462,417,3879,8.302158273381295
3881,455,4336,8.52967032967033
4338,481,4819,9.018711018711018
44,953,997,0.0461699895068205
357,175,532,2.04
896,915,1811,0.9792349726775956
32,502,534,0.0637450199203187
601,420,1021,1.430952380952381
1050,107,1157,9.813084112149532
1229,301,1530,4.083056478405315
1603,418,2021,3.834928229665072
2033,443,2476,4.589164785553048
2522,198,2720,12.737373737373735
2813,491,3304,5.729124236252546
3344,451,3795,7.414634146341464
32,577,609,0.0554592720970537
17,428,445,0.0397196261682243
436,1008,1444,0.4325396825396825
1447,603,2050,2.399668325041459
2053,497,2550,4.130784708249497
2568,736,3304,3.489130434782609
3316,28,3344,118.42857142857144
3353,499,3852,6.719438877755511
3860,729,4589,5.2949245541838135
344,1008,1352,0.3412698412698413
1365,988,2353,1.381578947368421
2366,811,3177,2.917385943279901
3189,413,3602,7.721549636803874
3627,871,4498,4.164179104477612
4522,755,5277,5.989403973509933
35,23,58,1.5217391304347827
3394,17,3411,199.64705882352945
6657,19,6676,350.3684210526316
29,581,610,0.0499139414802065
627,687,1314,0.9126637554585152
1318,571,1889,2.308231173380035
7,596,603,0.011744966442953
622,634,1256,0.9810725552050472
1270,569,1839,2.231985940246046
1858,518,2376,3.586872586872587
2391,470,2861,5.087234042553192
2876,525,3401,5.478095238095238
3432,700,4132,4.902857142857143
4140,61,4201,67.8688524590164
4214,382,4596,11.031413612565444
4608,251,4859,18.358565737051794
4877,492,5369,9.91260162601626
5398,530,5928,10.18490566037736
5940,189,6129,31.428571428571427
6148,378,6526,16.264550264550266
6559,472,7031,13.896186440677964
7037,414,7451,16.997584541062803
7467,477,7944,15.654088050314463
34,5,39,6.8
52,46,98,1.1304347826086956
111,25,136,4.44
150,14,164,10.714285714285714
190,26,216,7.3076923076923075
25,528,553,0.0473484848484848
344,157,501,2.1910828025477707
536,213,749,2.516431924882629
775,697,1472,1.1119081779053084
3878,1021,4899,3.7982370225269344
4970,839,5809,5.923718712753278
64,34,98,1.8823529411764703
103,251,354,0.4103585657370518
30,956,986,0.0313807531380753
1052,693,1745,1.518037518037518
1777,731,2508,2.4309165526675787
2535,692,3227,3.663294797687861
3258,662,3920,4.921450151057402
3936,505,4441,7.794059405940594
892,533,1425,1.673545966228893
1466,521,1987,2.8138195777351247
2053,595,2648,3.450420168067227
2761,599,3360,4.609348914858097
3371,47,3418,71.72340425531915
5396,663,6059,8.138763197586727
6445,846,7291,7.618203309692672
7351,463,7814,15.876889848812096
55,753,808,0.0730411686586985
848,702,1550,1.207977207977208
1569,552,2121,2.842391304347826
2136,364,2500,5.868131868131868
50,702,752,0.0712250712250712
772,879,1651,0.8782707622298066
1685,753,2438,2.237715803452855
2496,235,2731,10.62127659574468
2752,535,3287,5.14392523364486
3326,618,3944,5.381877022653722
3967,793,4760,5.002522068095838
4791,475,5266,10.086315789473684
5287,531,5818,9.95668549905838
5864,684,6548,8.573099415204679
6578,319,6897,20.620689655172413
6913,313,7226,22.08626198083067
7250,440,7690,16.477272727272727
7716,326,8042,23.66871165644172
41,59,100,0.6949152542372882
460,2,462,230.0
743,2,745,371.5
951,2,953,475.5
1010,813,1823,1.2423124231242313
1863,568,2431,3.2799295774647885
3667,227,3894,16.154185022026432
7636,280,7916,27.27142857142857
40,106,146,0.3773584905660377
1819,539,2358,3.3747680890538034
4081,316,4397,12.914556962025316
5853,457,6310,12.807439824945297
379,267,646,1.4194756554307115
72,12,84,6.0
93,9,102,10.333333333333334
171,312,483,0.5480769230769231
491,37,528,13.27027027027027
576,521,1097,1.1055662188099808
1144,263,1407,4.349809885931559
1435,529,1964,2.712665406427221
1967,55,2022,35.763636363636365
2032,19,2051,106.94736842105264
2158,493,2651,4.377281947261663
2766,523,3289,5.288718929254302
3347,435,3782,7.694252873563219
3804,143,3947,26.6013986013986
3979,473,4452,8.412262156448202
4484,414,4898,10.830917874396135
4974,668,5642,7.446107784431137
5658,106,5764,53.37735849056604
5766,52,5818,110.8846153846154
5936,403,6339,14.72952853598015
6528,382,6910,17.089005235602095
6932,36,6968,192.55555555555557
7030,406,7436,17.31527093596059
198,419,617,0.4725536992840095
758,341,1099,2.222873900293255
1064,202,1266,5.267326732673268
23,843,866,0.0272835112692763
20,769,789,0.0260078023407022
465,891,1356,0.5218855218855218
40,942,982,0.0424628450106157
1005,474,1479,2.1202531645569622
1494,597,2091,2.5025125628140703
2101,69,2170,30.44927536231884
2199,330,2529,6.663636363636364
2552,486,3038,5.251028806584362
14,453,467,0.0309050772626931
2013,327,2340,6.155963302752293
2343,379,2722,6.182058047493404
2725,370,3095,7.364864864864865
3098,348,3446,8.902298850574713
3455,389,3844,8.881748071979434
3847,296,4143,12.99662162162162
7,399,406,0.0175438596491228
431,797,1228,0.5407779171894604
13,300,313,0.0433333333333333
58,964,1022,0.0601659751037344
1024,180,1204,5.688888888888889
126,742,868,0.1698113207547169
14,62,76,0.2258064516129032
176,373,549,0.4718498659517426
572,394,966,1.4517766497461928
1258,506,1764,2.486166007905138
57,708,765,0.0805084745762711
1409,236,1645,5.970338983050848
1665,337,2002,4.940652818991098
26,368,394,0.0706521739130434
406,617,1023,0.6580226904376013
1065,717,1782,1.4853556485355648
1807,845,2652,2.1384615384615384
27,660,687,0.0409090909090909
830,71,901,11.690140845070422
2127,86,2213,24.732558139534884
2307,86,2393,26.82558139534884
2413,425,2838,5.6776470588235295
2898,622,3520,4.659163987138264
3590,660,4250,5.4393939393939394
4636,703,5339,6.594594594594595
5786,150,5936,38.57333333333333
6419,166,6585,38.66867469879518
6996,153,7149,45.72549019607843
7217,889,8106,8.118110236220472
15,486,501,0.0308641975308641
184,880,1064,0.209090909090909
1081,185,1266,5.843243243243244
9,64,73,0.140625
87,75,162,1.16
1246,334,1580,3.730538922155689
4802,33,4835,145.5151515151515
23,1008,1031,0.0228174603174603
1033,521,1554,1.982725527831094
1703,699,2402,2.436337625178827
2422,638,3060,3.7962382445141065
3073,790,3863,3.889873417721519
3932,713,4645,5.514726507713885
4693,621,5314,7.557165861513687
5338,485,5823,11.00618556701031
4061,826,4887,4.916464891041162
4896,815,5711,6.007361963190184
6155,584,6739,10.539383561643836
22,575,597,0.0382608695652173
622,660,1282,0.9424242424242424
1295,469,1764,2.7611940298507465
1818,883,2701,2.058890147225368
2740,842,3582,3.2541567695962
3611,749,4360,4.8210947930574095
4410,919,5329,4.798694232861807
57,245,302,0.2326530612244897
343,243,586,1.411522633744856
833,291,1124,2.8625429553264605
1185,242,1427,4.896694214876033
1485,232,1717,6.400862068965517
1906,280,2186,6.807142857142857
2550,355,2905,7.183098591549296
3108,921,4029,3.3745928338762217
4267,965,5232,4.421761658031088
39,682,721,0.0571847507331378
41,687,728,0.0596797671033478
730,630,1360,1.1587301587301588
1362,572,1934,2.3811188811188813
302,75,377,4.026666666666666
53,508,561,0.1043307086614173
626,477,1103,1.3123689727463312
225,806,1031,0.2791563275434243
1039,673,1712,1.5438335809806836
1892,802,2694,2.3591022443890277
2702,809,3511,3.339925834363412
3519,804,4323,4.376865671641791
4328,753,5081,5.747675962815405
5179,833,6012,6.217286914765906
6017,507,6524,11.86785009861933
6574,178,6752,36.93258426966292
6757,809,7566,8.352286773794809
7571,530,8101,14.284905660377358
19,283,302,0.0671378091872791
331,464,795,0.7133620689655172
863,819,1682,1.0537240537240538
1785,677,2462,2.636632200886263
2612,550,3162,4.749090909090909
3222,584,3806,5.517123287671233
11,390,401,0.0282051282051282
422,571,993,0.7390542907180385
26,610,636,0.0426229508196721
644,158,802,4.075949367088608
809,560,1369,1.4446428571428571
1398,693,2091,2.017316017316017
2159,989,3148,2.1830131445904954
4468,1012,5480,4.41501976284585
36,596,632,0.0604026845637583
641,672,1313,0.9538690476190476
1334,469,1803,2.844349680170576
1815,462,2277,3.928571428571429
2285,479,2764,4.77035490605428
2771,503,3274,5.508946322067595
3293,358,3651,9.19832402234637
3665,479,4144,7.651356993736952
4151,488,4639,8.506147540983607
4645,479,5124,9.697286012526096
5148,542,5690,9.498154981549815
5756,982,6738,5.861507128309572
6741,364,7105,18.51923076923077
7118,605,7723,11.765289256198349
88,395,483,0.2227848101265822
510,703,1213,0.7254623044096729
1378,537,1915,2.5661080074487894
1967,238,2205,8.264705882352942
2220,639,2859,3.4741784037558685
2867,647,3514,4.431221020092735
3555,640,4195,5.5546875
4236,683,4919,6.202049780380674
4979,647,5626,7.695517774343122
5653,758,6411,7.45778364116095
6478,734,7212,8.825613079019073
7228,619,7847,11.676898222940226
1729,646,2375,2.676470588235294
2505,957,3462,2.6175548589341693
3465,496,3961,6.985887096774194
150,294,444,0.5102040816326531
457,246,703,1.8577235772357723
3516,282,3798,12.46808510638298
17,235,252,0.0723404255319148
272,279,551,0.974910394265233
577,383,960,1.5065274151436032
989,727,1716,1.360385144429161
1738,212,1950,8.19811320754717
1966,270,2236,7.281481481481482
2266,409,2675,5.540342298288508
2690,461,3151,5.835140997830803
120,440,560,0.2727272727272727
569,221,790,2.574660633484163
47,811,858,0.0579531442663378
869,699,1568,1.2432045779685266
1605,472,2077,3.4004237288135597
34,36,70,0.9444444444444444
1300,290,1590,4.482758620689655
1606,404,2010,3.9752475247524752
47,445,492,0.1056179775280898
544,672,1216,0.8095238095238095
1229,689,1918,1.783744557329463
234,391,625,0.59846547314578
666,661,1327,1.0075642965204237
80,45,125,1.7777777777777777
422,4,426,105.5
1018,4,1022,254.5
3840,4,3844,960.0
3846,365,4211,10.536986301369865
44,845,889,0.0520710059171597
932,1002,1934,0.9301397205588824
35,255,290,0.1372549019607843
214,674,888,0.3175074183976261
972,524,1496,1.8549618320610688
1691,640,2331,2.6421875
2344,54,2398,43.407407407407405
2507,374,2881,6.7032085561497325
2995,111,3106,26.98198198198198
3266,528,3794,6.1856060606060606
3845,662,4507,5.808157099697885
87,492,579,0.1768292682926829
596,544,1140,1.0955882352941178
27,393,420,0.0687022900763358
2,24,26,0.0833333333333333
28,652,680,0.0429447852760736
715,539,1254,1.326530612244898
1284,936,2220,1.3717948717948718
2225,59,2284,37.71186440677966
2299,38,2337,60.5
57,695,752,0.0820143884892086
785,557,1342,1.4093357271095153
126,860,986,0.1465116279069767
994,784,1778,1.2678571428571428
1833,855,2688,2.143859649122807
2696,510,3206,5.286274509803921
3859,97,3956,39.78350515463917
3964,55,4019,72.07272727272728
4024,258,4282,15.5968992248062
4315,466,4781,9.259656652360515
4823,352,5175,13.701704545454543
5182,92,5274,56.32608695652174
5287,533,5820,9.919324577861165
451,911,1362,0.4950603732162459
1364,388,1752,3.515463917525773
87,744,831,0.1169354838709677
862,630,1492,1.3682539682539685
1517,826,2343,1.8365617433414043
2381,413,2794,5.765133171912833
49,184,233,0.266304347826087
269,623,892,0.4317817014446228
949,565,1514,1.679646017699115
1602,328,1930,4.884146341463414
342,386,728,0.8860103626943006
741,402,1143,1.8432835820895523
1156,441,1597,2.621315192743764
1610,363,1973,4.435261707988981
1986,419,2405,4.739856801909308
2418,408,2826,5.926470588235294
3013,840,3853,3.586904761904762
3871,508,4379,7.62007874015748
6876,513,7389,13.403508771929824
7404,679,8083,10.904270986745214
38,593,631,0.0640809443507588
654,351,1005,1.8632478632478635
1072,928,2000,1.1551724137931034
2108,496,2604,4.25
2630,363,2993,7.245179063360881
3004,286,3290,10.503496503496503
3344,415,3759,8.057831325301205
4015,740,4755,5.425675675675675
4883,634,5517,7.701892744479495
5540,784,6324,7.066326530612245
6444,755,7199,8.535099337748344
7214,535,7749,13.48411214953271
7761,334,8095,23.236526946107784
2219,380,2599,5.839473684210526
2608,391,2999,6.670076726342711
3001,503,3504,5.966202783300199
3506,809,4315,4.333745364647713
4317,902,5219,4.786031042128603
5221,771,5992,6.7717250324254215
5994,869,6863,6.897583429228999
6865,724,7589,9.482044198895029
1064,692,1756,1.53757225433526
1765,875,2640,2.0171428571428573
2673,567,3240,4.714285714285714
106,390,496,0.2717948717948718
504,403,907,1.250620347394541
912,539,1451,1.6920222634508348
38,46,84,0.8260869565217391
227,585,812,0.388034188034188
911,5,916,182.2
1428,5,1433,285.6
3160,5,3165,632.0
4489,5,4494,897.8
6692,5,6697,1338.4
8014,5,8019,1602.8
69,67,136,1.0298507462686568
1348,721,2069,1.869625520110957
2215,855,3070,2.590643274853801
3229,881,4110,3.665153234960272
64,787,851,0.0813214739517153
20,326,346,0.0613496932515337
348,314,662,1.10828025477707
664,77,741,8.623376623376624
1496,149,1645,10.04026845637584
1659,77,1736,21.545454545454547
1766,106,1872,16.660377358490567
1890,74,1964,25.54054054054054
1979,43,2022,46.02325581395349
2044,71,2115,28.7887323943662
2127,102,2229,20.852941176470587
2278,680,2958,3.35
2965,58,3023,51.12068965517241
3041,478,3519,6.361924686192468
3522,35,3557,100.62857142857143
4470,296,4766,15.10135135135135
4783,525,5308,9.11047619047619
20,326,346,0.0613496932515337
348,314,662,1.10828025477707
664,77,741,8.623376623376624
1821,820,2641,2.220731707317073
2694,961,3655,2.8033298647242457
3936,704,4640,5.590909090909091
4668,947,5615,4.929250263991552
5634,878,6512,6.416856492027335
17,122,139,0.1393442622950819
143,320,463,0.446875
473,691,1164,0.6845151953690304
122,660,782,0.1848484848484848
1045,570,1615,1.8333333333333333
1674,419,2093,3.995226730310263
13,327,340,0.0397553516819571
57,904,961,0.0630530973451327
963,447,1410,2.1543624161073827
1495,326,1821,4.585889570552148
1904,938,2842,2.029850746268657
2844,939,3783,3.0287539936102235
3843,880,4723,4.367045454545455
4725,880,5605,5.369318181818182
5667,935,6602,6.060962566844919
6604,918,7522,7.193899782135076
270,945,1215,0.2857142857142857
86,390,476,0.2205128205128205
554,147,701,3.7687074829931975
1498,864,2362,1.7337962962962965
4292,903,5195,4.753045404208195
47,383,430,0.1227154046997389
453,126,579,3.595238095238096
133,350,483,0.38
518,418,936,1.2392344497607657
26,907,933,0.0286659316427783
943,739,1682,1.2760487144790258
230,816,1046,0.2818627450980392
27,440,467,0.0613636363636363
497,323,820,1.5386996904024768
838,519,1357,1.6146435452793837
10,143,153,0.0699300699300699
164,452,616,0.3628318584070796
852,522,1374,1.632183908045977
40,483,523,0.082815734989648
268,658,926,0.4072948328267477
944,484,1428,1.950413223140496
19,791,810,0.0240202275600505
29,766,795,0.0378590078328981
30,330,360,0.0909090909090909
373,641,1014,0.5819032761310452
26,362,388,0.0718232044198895
451,386,837,1.1683937823834196
849,380,1229,2.2342105263157896
262,109,371,2.403669724770642
934,103,1037,9.067961165048544
1043,255,1298,4.090196078431372
1304,611,1915,2.134206219312602
1921,785,2706,2.447133757961784
2712,705,3417,3.8468085106382977
3423,962,4385,3.558212058212058
4391,649,5040,6.765793528505393
5046,874,5920,5.773455377574371
5926,759,6685,7.80764163372859
6691,997,7688,6.711133400200602
7694,319,8013,24.11912225705329
38,287,325,0.1324041811846689
563,757,1320,0.7437252311756936
1360,438,1798,3.105022831050228
1819,459,2278,3.962962962962963
315,550,865,0.5727272727272728
884,586,1470,1.5085324232081911
1516,481,1997,3.151767151767152
2030,531,2561,3.822975517890772
141,535,676,0.2635514018691589
6687,766,7453,8.72976501305483
601,508,1109,1.1830708661417322
93,477,570,0.1949685534591195
699,359,1058,1.947075208913649
1089,344,1433,3.1656976744186047
1469,619,2088,2.373182552504039
2098,46,2144,45.60869565217392
37,2,39,18.5
202,158,360,1.2784810126582278
445,50,495,8.9
531,154,685,3.448051948051948
697,527,1224,1.3225806451612905
1238,160,1398,7.7375
365,156,521,2.33974358974359
887,215,1102,4.125581395348838
1743,161,1904,10.826086956521738
2544,162,2706,15.703703703703704
3363,178,3541,18.89325842696629
4181,192,4373,21.776041666666668
380,463,843,0.8207343412526998
115,163,278,0.7055214723926381
300,156,456,1.9230769230769231
32,302,334,0.1059602649006622
348,366,714,0.9508196721311476
758,326,1084,2.3251533742331287
1089,304,1393,3.5822368421052637
1398,245,1643,5.706122448979592
1656,104,1760,15.923076923076923
1788,374,2162,4.780748663101604
2167,257,2424,8.431906614785992
2452,296,2748,8.283783783783784
2762,299,3061,9.237458193979933
3088,348,3436,8.873563218390805
3441,312,3753,11.028846153846152
3788,362,4150,10.464088397790055
4155,241,4396,17.240663900414937
806,59,865,13.66101694915254
213,779,992,0.2734274711168164
1035,739,1774,1.4005412719891746
17,875,892,0.0194285714285714
959,896,1855,1.0703125
1888,892,2780,2.116591928251121
2791,86,2877,32.45348837209303
2909,260,3169,11.18846153846154
3177,375,3552,8.472
166,326,492,0.50920245398773
511,241,752,2.120331950207469
803,283,1086,2.8374558303886928
1199,548,1747,2.187956204379562
1796,529,2325,3.395085066162571
2512,532,3044,4.7218045112781954
3158,546,3704,5.783882783882784
3751,436,4187,8.603211009174313
4210,607,4817,6.9357495881383855
5020,310,5330,16.193548387096776
987,66,1053,14.954545454545457
30,598,628,0.0501672240802675
649,491,1140,1.3217922606924644
273,764,1037,0.3573298429319371
1051,341,1392,3.0821114369501466
1457,306,1763,4.761437908496732
1828,321,2149,5.694704049844237
2289,344,2633,6.65406976744186
2747,393,3140,6.989821882951654
3249,431,3680,7.538283062645012
3708,292,4000,12.6986301369863
4067,292,4359,13.928082191780822
4362,287,4649,15.198606271777004
4652,147,4799,31.64625850340136
86,89,175,0.9662921348314608
182,80,262,2.275
270,74,344,3.6486486486486487
590,142,732,4.154929577464789
947,338,1285,2.801775147928994
1323,342,1665,3.8684210526315783
1909,504,2413,3.787698412698413
2498,792,3290,3.154040404040404
3309,329,3638,10.05775075987842
3696,24,3720,154.0
3923,123,4046,31.89430894308943
4290,226,4516,18.98230088495575
4755,481,5236,9.885654885654883
5332,103,5435,51.76699029126213
5531,120,5651,46.09166666666667
5740,215,5955,26.69767441860465
6059,142,6201,42.66901408450704
6365,131,6496,48.58778625954199
27,827,854,0.0326481257557436
865,400,1265,2.1625
1289,635,1924,2.02992125984252
2020,869,2889,2.324510932105869
2968,795,3763,3.733333333333333
3915,762,4677,5.137795275590551
4782,601,5383,7.956738768718802
5398,721,6119,7.486823855755895
6193,544,6737,11.384191176470589
6756,736,7492,9.179347826086955
50,842,892,0.0593824228028503
8,541,549,0.0147874306839186
559,248,807,2.254032258064516
874,553,1427,1.5804701627486435
1443,532,1975,2.712406015037594
230,619,849,0.3715670436187399
907,715,1622,1.2685314685314686
42,557,599,0.0754039497307001
34,568,602,0.0598591549295774
629,960,1589,0.6552083333333333
320,410,730,0.7804878048780488
764,352,1116,2.1704545454545454
1158,250,1408,4.632
22,557,579,0.0394973070017953
644,532,1176,1.2105263157894737
1196,367,1563,3.258855585831063
1866,705,2571,2.646808510638298
2602,635,3237,4.097637795275591
3300,671,3971,4.918032786885246
4299,893,5192,4.814109742441209
5205,815,6020,6.386503067484663
6032,144,6176,41.888888888888886
6191,895,7086,6.91731843575419
7264,583,7847,12.459691252144085
532,951,1483,0.5594111461619348
1495,269,1764,5.557620817843866
1818,471,2289,3.859872611464968
2302,642,2944,3.585669781931464
3083,508,3591,6.068897637795276
3725,503,4228,7.405566600397615
4391,525,4916,8.363809523809524
5037,455,5492,11.07032967032967
5539,311,5850,17.810289389067524
5885,308,6193,19.107142857142858
6314,506,6820,12.478260869565217
6849,299,7148,22.906354515050168
7197,467,7664,15.411134903640257
1089,749,1838,1.4539385847797062
30,115,145,0.2608695652173913
148,30,178,4.933333333333334
184,22,206,8.363636363636363
208,14,222,14.857142857142858
492,77,569,6.3896103896103895
592,31,623,19.096774193548388
1010,29,1039,34.827586206896555
1413,34,1447,41.55882352941177
1720,34,1754,50.588235294117645
2123,30,2153,70.76666666666667
2416,27,2443,89.48148148148148
2456,197,2653,12.467005076142131
3011,30,3041,100.36666666666666
3059,302,3361,10.129139072847682
3374,344,3718,9.80813953488372
3736,253,3989,14.766798418972332
4014,391,4405,10.265984654731458
4443,438,4881,10.143835616438356
4895,381,5276,12.847769028871392
120,407,527,0.2948402948402948
113,435,548,0.2597701149425287
550,502,1052,1.095617529880478
1107,904,2011,1.2245575221238938
2034,679,2713,2.995581737849779
2750,197,2947,13.959390862944163
2966,162,3128,18.30864197530864
3136,167,3303,18.77844311377245
3312,406,3718,8.157635467980295
3778,734,4512,5.147138964577657
4536,763,5299,5.944954128440367
5351,63,5414,84.93650793650794
5493,35,5528,156.94285714285715
10,444,454,0.0225225225225225
469,611,1080,0.7675941080196399
1095,493,1588,2.2210953346855984
1593,599,2192,2.659432387312187
2199,734,2933,2.995912806539509
2938,195,3133,15.066666666666666
3141,374,3515,8.398395721925134
3522,710,4232,4.96056338028169
4241,591,4832,7.175972927241963
4840,714,5554,6.778711484593837
5562,878,6440,6.334851936218679
6444,404,6848,15.950495049504951
6876,621,7497,11.07246376811594
7513,534,8047,14.069288389513108
47,632,679,0.0743670886075949
18,279,297,0.064516129032258
312,270,582,1.1555555555555554
41,519,560,0.0789980732177264
656,115,771,5.7043478260869565
36,503,539,0.0715705765407554
2262,394,2656,5.741116751269035
2664,428,3092,6.224299065420561
3100,446,3546,6.95067264573991
3554,475,4029,7.482105263157894
4102,498,4600,8.236947791164658
4608,475,5083,9.701052631578948
5091,424,5515,12.007075471698114
6922,926,7848,7.475161987041036
50,361,411,0.1385041551246537
447,477,924,0.9371069182389936
18,887,905,0.020293122886133
1390,439,1829,3.1662870159453305
1847,868,2715,2.127880184331797
2796,257,3053,10.879377431906615
3075,237,3312,12.974683544303796
3326,456,3782,7.293859649122807
17,167,184,0.1017964071856287
204,219,423,0.9315068493150684
523,310,833,1.6870967741935483
859,277,1136,3.101083032490975
1143,410,1553,2.7878048780487803
1572,204,1776,7.705882352941177
1850,418,2268,4.425837320574162
2327,303,2630,7.67986798679868
2653,326,2979,8.13803680981595
3064,368,3432,8.326086956521738
3542,295,3837,12.00677966101695
3866,308,4174,12.551948051948052
4200,262,4462,16.03053435114504
4522,331,4853,13.661631419939576
4895,317,5212,15.441640378548897
5245,215,5460,24.3953488372093
5475,207,5682,26.44927536231884
5747,231,5978,24.87878787878788
5995,347,6342,17.276657060518733
6447,333,6780,19.36036036036036
6786,50,6836,135.72
6850,66,6916,103.78787878787878
10,370,380,0.027027027027027
513,402,915,1.2761194029850746
923,393,1316,2.3486005089058524
22,340,362,0.0647058823529411
51,158,209,0.3227848101265823
843,733,1576,1.150068212824011
1844,727,2571,2.536451169188445
2598,718,3316,3.618384401114206
130,532,662,0.244360902255639
172,359,531,0.479108635097493
646,566,1212,1.1413427561837457
1229,183,1412,6.715846994535519
1660,537,2197,3.091247672253259
2202,353,2555,6.237960339943343
2570,639,3209,4.021909233176839
3227,289,3516,11.166089965397925
3523,319,3842,11.043887147335424
3850,480,4330,8.020833333333334
4335,188,4523,23.05851063829787
4531,429,4960,10.56177156177156
63,508,571,0.124015748031496
682,480,1162,1.4208333333333334
1263,410,1673,3.080487804878049
1770,425,2195,4.1647058823529415
2216,80,2296,27.7
2432,530,2962,4.588679245283019
3081,475,3556,6.486315789473684
3581,436,4017,8.213302752293577
4061,450,4511,9.024444444444445
4537,178,4715,25.48876404494382
4738,330,5068,14.357575757575756
5089,415,5504,12.26265060240964
5536,367,5903,15.084468664850135
6530,311,6841,20.9967845659164
6877,243,7120,28.300411522633745
7123,66,7189,107.92424242424242
7259,179,7438,40.55307262569833
485,3,488,161.66666666666666
374,989,1363,0.378159757330637
1415,467,1882,3.0299785867237685
1993,1023,3016,1.948191593352884
3086,1002,4088,3.0798403193612773
231,597,828,0.3869346733668342
906,776,1682,1.1675257731958764
1742,787,2529,2.2134688691232527
2534,647,3181,3.9165378670788256
3277,708,3985,4.628531073446328
4080,645,4725,6.325581395348837
4915,779,5694,6.309370988446727
5746,555,6301,10.353153153153151
242,479,721,0.5052192066805845
742,703,1445,1.0554765291607398
1467,249,1716,5.891566265060241
1764,707,2471,2.495049504950495
2509,1008,3517,2.4890873015873014
3622,866,4488,4.182448036951501
3004,385,3389,7.802597402597403
171,89,260,1.9213483146067416
1929,379,2308,5.089709762532982
2310,207,2517,11.159420289855072
2519,201,2720,12.532338308457712
2897,222,3119,13.04954954954955
3259,388,3647,8.399484536082474
101,447,548,0.2259507829977628
21,513,534,0.0409356725146198
549,501,1050,1.095808383233533
1064,285,1349,3.733333333333333
1369,373,1742,3.670241286863271
1752,265,2017,6.611320754716981
21,553,574,0.0379746835443038
824,980,1804,0.8408163265306122
5076,741,5817,6.850202429149798
312,15,327,20.8
655,98,753,6.683673469387755
1083,780,1863,1.3884615384615384
1884,780,2664,2.4153846153846152
2683,448,3131,5.988839285714286
3179,275,3454,11.56
3494,332,3826,10.524096385542167
3934,425,4359,9.256470588235294
4385,647,5032,6.777434312210201
5121,891,6012,5.747474747474747
6021,18,6039,334.5
6052,877,6929,6.900798175598632
6935,870,7805,7.971264367816092
923,11,934,83.9090909090909
994,51,1045,19.49019607843137
2035,31,2066,65.64516129032258
3455,49,3504,70.51020408163265
3530,238,3768,14.831932773109244
3871,777,4648,4.981981981981982
4697,501,5198,9.375249500998004
5248,269,5517,19.5092936802974
5539,619,6158,8.948303715670436
6179,876,7055,7.05365296803653
7080,962,8042,7.35966735966736
655,437,1092,1.4988558352402743
1094,432,1526,2.5324074074074074
22,818,840,0.0268948655256723
87,516,603,0.1686046511627907
2010,463,2473,4.341252699784017
2497,476,2973,5.245798319327731
2997,651,3648,4.6036866359447
3735,553,4288,6.754068716094032
206,23,229,8.956521739130435
336,530,866,0.6339622641509434
872,564,1436,1.546099290780142
1442,540,1982,2.6703703703703705
1989,556,2545,3.577338129496403
2552,542,3094,4.708487084870849
3101,561,3662,5.527629233511586
3669,544,4213,6.744485294117647
4220,553,4773,7.631103074141048
4780,553,5333,8.64376130198915
5340,536,5876,9.962686567164178
39,862,901,0.0452436194895591
903,705,1608,1.2808510638297872
163,420,583,0.3880952380952381
599,130,729,4.607692307692307
18,588,606,0.0306122448979591
621,695,1316,0.8935251798561151
1339,833,2172,1.6074429771908765
3233,736,3969,4.392663043478261
3995,875,4870,4.565714285714286
4909,583,5492,8.420240137221269
5531,629,6160,8.793322734499204
1056,595,1651,1.7747899159663865
1690,955,2645,1.7696335078534031
2672,180,2852,14.844444444444443
2862,895,3757,3.197765363128492
3781,930,4711,4.065591397849462
4714,188,4902,25.074468085106385
4973,261,5234,19.05363984674329
5251,169,5420,31.071005917159763
5460,215,5675,25.3953488372093
5696,296,5992,19.24324324324324
6036,344,6380,17.546511627906977
6413,317,6730,20.23028391167193
7020,515,7535,13.631067961165048
7583,140,7723,54.16428571428571
98,548,646,0.1788321167883211
793,534,1327,1.4850187265917605
1453,527,1980,2.757115749525617
2028,490,2518,4.1387755102040815
2667,518,3185,5.148648648648648
3355,426,3781,7.875586854460094
3867,190,4057,20.352631578947367
4074,194,4268,21.0
4299,121,4420,35.52892561983471
4433,243,4676,18.242798353909464
43,404,447,0.1064356435643564
470,598,1068,0.7859531772575251
1086,568,1654,1.9119718309859155
1670,662,2332,2.5226586102719035
2358,769,3127,3.0663198959687907
12,706,718,0.0169971671388102
733,813,1546,0.90159901599016
1564,604,2168,2.589403973509934
1331,343,1674,3.880466472303207
1680,115,1795,14.608695652173912
1803,233,2036,7.738197424892704
2044,170,2214,12.023529411764706
2223,191,2414,11.638743455497382
4006,279,4285,14.3584229390681
4333,189,4522,22.925925925925927
4536,160,4696,28.35
4715,179,4894,26.34078212290503
4913,185,5098,26.556756756756755
5138,167,5305,30.766467065868262
5411,64,5475,84.546875
5482,134,5616,40.91044776119403
5654,160,5814,35.3375
7015,451,7466,15.554323725055433
7501,198,7699,37.88383838383838
7768,221,7989,35.14932126696833
408,414,822,0.9855072463768116
831,344,1175,2.4156976744186047
13,364,377,0.0357142857142857
389,76,465,5.118421052631579
471,70,541,6.728571428571429
545,178,723,3.061797752808989
21,475,496,0.0442105263157894
192,377,569,0.5092838196286472
798,645,1443,1.2372093023255817
56,426,482,0.1314553990610328
491,202,693,2.43069306930693
51,314,365,0.1624203821656051
417,420,837,0.9928571428571428
156,928,1084,0.168103448275862
1117,660,1777,1.6924242424242424
1964,947,2911,2.073917634635692
2964,794,3758,3.732997481108312
3780,894,4674,4.228187919463087
9,878,887,0.010250569476082
923,669,1592,1.379671150971599
7,149,156,0.046979865771812
199,267,466,0.7453183520599251
492,267,759,1.8426966292134832
816,193,1009,4.227979274611399
1056,346,1402,3.052023121387283
1472,264,1736,5.575757575757576
1752,205,1957,8.546341463414635
80,8,88,10.0
280,866,1146,0.3233256351039261
1168,201,1369,5.810945273631841
1401,231,1632,6.064935064935065
1648,867,2515,1.90080738177624
206,46,252,4.478260869565218
953,906,1859,1.0518763796909492
1867,611,2478,3.055646481178396
816,695,1511,1.1741007194244604
65,207,272,0.3140096618357488
295,292,587,1.0102739726027397
617,317,934,1.946372239747634
546,408,954,1.338235294117647
956,159,1115,6.012578616352202
1138,343,1481,3.317784256559767
1483,348,1831,4.261494252873563
26,205,231,0.1268292682926829
240,562,802,0.4270462633451957
814,418,1232,1.947368421052632
1245,695,1940,1.79136690647482
1956,160,2116,12.225
2132,268,2400,7.955223880597015
57,254,311,0.2244094488188976
119,436,555,0.2729357798165137
663,426,1089,1.556338028169014
1201,427,1628,2.812646370023419
1694,488,2182,3.471311475409836
2218,522,2740,4.24904214559387
2757,511,3268,5.395303326810176
3391,467,3858,7.261241970021413
3886,115,4001,33.791304347826085
4052,856,4908,4.733644859813084
4968,729,5697,6.814814814814815
5745,993,6738,5.785498489425982
6740,383,7123,17.597911227154047
7140,489,7629,14.60122699386503
13,465,478,0.0279569892473118
528,632,1160,0.8354430379746836
1205,558,1763,2.1594982078853047
3954,156,4110,25.346153846153847
5227,152,5379,34.38815789473684
570,733,1303,0.7776261937244202
141,1024,1165,0.1376953125
1219,765,1984,1.5934640522875816
2024,897,2921,2.2564102564102564
49,148,197,0.3310810810810811
206,312,518,0.6602564102564102
534,253,787,2.110671936758893
798,264,1062,3.022727272727273
1070,124,1194,8.629032258064516
1204,310,1514,3.883870967741936
1554,316,1870,4.917721518987341
1896,324,2220,5.851851851851852
2265,301,2566,7.524916943521594
2572,164,2736,15.682926829268292
2752,120,2872,22.933333333333334
2938,111,3049,26.46846846846847
13,689,702,0.0188679245283018
707,783,1490,0.9029374201787996
1501,632,2133,2.375
2142,638,2780,3.3573667711598745
985,275,1260,3.581818181818182
1930,187,2117,10.320855614973262
3301,250,3551,13.204
5,996,1001,0.0050200803212851
66,294,360,0.2244897959183673
386,409,795,0.9437652811735942
837,204,1041,4.102941176470588
1133,176,1309,6.4375
1355,258,1613,5.251937984496124
1710,438,2148,3.904109589041096
2166,369,2535,5.869918699186992
19,802,821,0.0236907730673316
34,339,373,0.1002949852507374
430,789,1219,0.5449936628643853
1229,117,1346,10.504273504273504
1358,72,1430,18.86111111111111
1490,72,1562,20.694444444444443
1625,258,1883,6.2984496124031
1948,252,2200,7.73015873015873
2287,350,2637,6.534285714285715
2705,141,2846,19.18439716312057
2859,24,2883,119.125
37,811,848,0.0456226880394574
855,1019,1874,0.8390578999018645
15,208,223,0.0721153846153846
237,320,557,0.740625
605,400,1005,1.5125
1223,502,1725,2.4362549800796813
1838,521,2359,3.527831094049904
2413,470,2883,5.134042553191489
2897,200,3097,14.485
3160,257,3417,12.295719844357976
3468,540,4008,6.422222222222223
4144,967,5111,4.285418821096174
6094,537,6631,11.348230912476724
30,191,221,0.1570680628272251
846,17,863,49.76470588235294
22,702,724,0.0313390313390313
761,771,1532,0.987029831387808
1578,581,2159,2.716006884681584
2183,871,3054,2.5063145809414467
3102,931,4033,3.3319011815252417
4066,561,4627,7.24777183600713
4633,447,5080,10.364653243847874
5096,591,5687,8.622673434856177
94,140,234,0.6714285714285714
263,835,1098,0.3149700598802395
1168,1001,2169,1.1668331668331668
2174,534,2708,4.071161048689139
2712,122,2834,22.229508196721312
2902,849,3751,3.4181389870435805
3822,967,4789,3.952430196483971
4860,859,5719,5.657741559953434
5761,893,6654,6.451287793952967
6709,893,7602,7.512877939529675
47,58,105,0.8103448275862069
2568,3,2571,856.0
2582,2,2584,1291.0
3066,3,3069,1022.0
3080,2,3082,1540.0
3722,3,3725,1240.6666666666667
4851,3,4854,1617.0
5230,3,5233,1743.3333333333333
6468,3,6471,2156.0
6588,781,7369,8.435339308578746
7432,676,8108,10.994082840236686
18,7,25,2.571428571428572
30,99,129,0.303030303030303
31,47,78,0.6595744680851063
99,50,149,1.98
963,683,1646,1.4099560761347
1815,341,2156,5.32258064516129
2174,503,2677,4.3220675944334
2714,126,2840,21.53968253968254
2860,550,3410,5.2
3421,207,3628,16.52657004830918
3635,384,4019,9.466145833333334
4054,350,4404,11.582857142857144
4420,473,4893,9.3446088794926
4906,572,5478,8.576923076923077
5500,76,5576,72.36842105263158
5599,89,5688,62.91011235955056
5705,123,5828,46.38211382113821
5836,60,5896,97.26666666666668
5907,157,6064,37.62420382165605
6074,234,6308,25.95726495726496
6321,169,6490,37.40236686390533
6518,657,7175,9.920852359208524
409,521,930,0.7850287907869482
139,421,560,0.3301662707838479
254,900,1154,0.2822222222222222
1166,401,1567,2.907730673316708
668,549,1217,1.2167577413479054
1333,656,1989,2.0320121951219514
2264,822,3086,2.7542579075425797
138,987,1125,0.1398176291793313
1131,512,1643,2.208984375
1675,661,2336,2.534039334341906
2358,995,3353,2.369849246231156
3361,617,3978,5.447325769854133
4027,960,4987,4.194791666666666
30,643,673,0.046656298600311
696,609,1305,1.1428571428571428
1340,881,2221,1.5209988649262205
2259,930,3189,2.4290322580645163
4300,464,4764,9.267241379310343
4862,501,5363,9.704590818363274
5365,751,6116,7.143808255659121
328,375,703,0.8746666666666667
706,358,1064,1.9720670391061448
1067,251,1318,4.250996015936255
36,699,735,0.0515021459227467
739,394,1133,1.8756345177664973
1151,710,1861,1.6211267605633803
1865,580,2445,3.2155172413793105
62,358,420,0.1731843575418994
51,53,104,0.9622641509433962
116,167,283,0.6946107784431138
302,286,588,1.055944055944056
690,310,1000,2.225806451612903
1013,278,1291,3.643884892086331
1323,85,1408,15.56470588235294
1456,818,2274,1.7799511002444988
2286,47,2333,48.63829787234042
2378,319,2697,7.454545454545454
2714,48,2762,56.54166666666666
2793,318,3111,8.783018867924529
3133,54,3187,58.01851851851852
3191,30,3221,106.36666666666666
41,194,235,0.211340206185567
79,844,923,0.0936018957345971
934,638,1572,1.463949843260188
644,391,1035,1.6470588235294117
3529,2,3531,1764.5
3614,123,3737,29.38211382113821
155,571,726,0.2714535901926445
21,506,527,0.0415019762845849
3722,791,4513,4.70543615676359
52,444,496,0.1171171171171171
679,40,719,16.975
85,460,545,0.1847826086956521
760,776,1536,0.979381443298969
28,212,240,0.1320754716981132
41,179,220,0.2290502793296089
275,246,521,1.1178861788617886
253,281,534,0.900355871886121
16,857,873,0.0186697782963827
880,342,1222,2.573099415204678
1227,471,1698,2.605095541401274
220,145,365,1.5172413793103448
375,79,454,4.746835443037975
109,378,487,0.2883597883597883
490,383,873,1.279373368146214
876,388,1264,2.2577319587628866
1267,382,1649,3.316753926701571
1652,375,2027,4.405333333333333
2030,384,2414,5.286458333333333
2417,375,2792,6.445333333333333
2795,376,3171,7.433510638297872
3174,362,3536,8.767955801104973
3539,378,3917,9.362433862433862
3920,368,4288,10.652173913043478
4291,379,4670,11.321899736147758
4673,378,5051,12.362433862433862
5054,321,5375,15.744548286604362
5378,296,5674,18.16891891891892
27,580,607,0.046551724137931
616,536,1152,1.1492537313432836
1163,558,1721,2.084229390681004
1751,570,2321,3.0719298245614035
2327,766,3093,3.037859007832898
3163,811,3974,3.900123304562269
3984,771,4755,5.167315175097277
4792,50,4842,95.84
4849,548,5397,8.848540145985401
5413,46,5459,117.67391304347828
5479,297,5776,18.447811447811446
97,657,754,0.1476407914764079
825,520,1345,1.5865384615384617
1357,327,1684,4.149847094801223
93,575,668,0.1617391304347826
685,662,1347,1.0347432024169183
1352,586,1938,2.3071672354948807
1947,512,2459,3.802734375
2475,674,3149,3.672106824925816
3178,713,3891,4.457223001402524
70,141,211,0.4964539007092198
289,790,1079,0.3658227848101266
527,86,613,6.127906976744186
88,356,444,0.247191011235955
451,292,743,1.5445205479452055
2142,342,2484,6.2631578947368425
32,496,528,0.064516129032258
15,419,434,0.035799522673031
452,582,1034,0.7766323024054983
50,579,629,0.0863557858376511
10,561,571,0.017825311942959
9,86,95,0.1046511627906976
104,285,389,0.3649122807017544
406,451,857,0.9002217294900222
864,385,1249,2.244155844155844
1264,539,1803,2.345083487940631
1808,945,2753,1.9132275132275127
72,56,128,1.2857142857142858
131,54,185,2.425925925925926
192,68,260,2.823529411764706
262,65,327,4.030769230769231
329,65,394,5.061538461538461
440,82,522,5.365853658536586
27,711,738,0.0379746835443038
755,284,1039,2.658450704225352
1057,398,1455,2.6557788944723617
97,906,1003,0.1070640176600441
1024,194,1218,5.278350515463917
2305,265,2570,8.69811320754717
2601,412,3013,6.313106796116505
3036,248,3284,12.241935483870968
130,71,201,1.8309859154929575
219,103,322,2.1262135922330097
231,481,712,0.4802494802494803
734,395,1129,1.8582278481012655
1137,415,1552,2.7397590361445783
78,687,765,0.1135371179039301
172,453,625,0.379690949227373
628,429,1057,1.4638694638694638
1060,382,1442,2.774869109947644
1445,378,1823,3.822751322751323
1826,350,2176,5.217142857142857
2222,330,2552,6.733333333333333
2555,255,2810,10.019607843137257
2813,395,3208,7.121518987341772
3211,365,3576,8.797260273972602
3599,374,3973,9.622994652406415
3976,421,4397,9.44418052256532
4400,350,4750,12.571428571428571
4753,383,5136,12.409921671018276
5184,321,5505,16.149532710280372
5508,381,5889,14.456692913385826
5892,365,6257,16.14246575342466
6260,360,6620,17.38888888888889
6623,426,7049,15.546948356807512
7090,261,7351,27.164750957854405
7393,259,7652,28.544401544401545
7655,375,8030,20.41333333333333
1029,88,1117,11.693181818181818
47,750,797,0.0626666666666666
816,728,1544,1.120879120879121
18,455,473,0.0395604395604395
949,1009,1958,0.9405351833498512
2162,990,3152,2.183838383838384
3175,985,4160,3.2233502538071064
4286,254,4540,16.874015748031496
4682,106,4788,44.16981132075472
4800,364,5164,13.186813186813186
5209,343,5552,15.186588921282798
5624,696,6320,8.080459770114942
6418,678,7096,9.466076696165192
7120,300,7420,23.73333333333333
35,53,88,0.660377358490566
376,464,840,0.8103448275862069
15,212,227,0.070754716981132
240,435,675,0.5517241379310345
687,478,1165,1.4372384937238494
12,579,591,0.0207253886010362
607,553,1160,1.0976491862567812
1220,868,2088,1.4055299539170507
2172,644,2816,3.372670807453416
9,452,461,0.0199115044247787
481,571,1052,0.8423817863397548
1070,451,1521,2.3725055432372506
1577,510,2087,3.092156862745098
671,436,1107,1.538990825688073
46,466,512,0.0987124463519313
555,464,1019,1.1961206896551724
1507,50,1557,30.14
2027,153,2180,13.248366013071896
2671,181,2852,14.756906077348066
3301,245,3546,13.473469387755102
4187,319,4506,13.12539184952978
94,513,607,0.1832358674463937
639,283,922,2.257950530035336
943,643,1586,1.4665629860031104
1591,269,1860,5.91449814126394
1873,541,2414,3.4621072088724585
2428,375,2803,6.474666666666667
1255,528,1783,2.3768939393939394
1844,567,2411,3.252204585537919
2445,385,2830,6.35064935064935
2875,410,3285,7.012195121951219
3530,299,3829,11.806020066889632
42,42,84,1.0
119,45,164,2.6444444444444444
413,474,887,0.8713080168776371
1172,535,1707,2.1906542056074767
2115,747,2862,2.8313253012048194
3258,726,3984,4.487603305785124
156,388,544,0.4020618556701031
592,372,964,1.5913978494623655
217,35,252,6.2
321,36,357,8.916666666666666
383,35,418,10.942857142857145
456,37,493,12.324324324324325
606,129,735,4.697674418604652
769,41,810,18.75609756097561
836,33,869,25.33333333333333
895,37,932,24.18918918918919
1004,98,1102,10.244897959183673
794,2,796,397.0
1563,2,1565,781.5
3257,2,3259,1628.5
5015,2,5017,2507.5
6691,2,6693,3345.5
8141,2,8143,4070.5
189,513,702,0.3684210526315789
717,851,1568,0.8425381903642774
13,416,429,0.03125
735,386,1121,1.9041450777202076
1137,201,1338,5.656716417910448
1346,160,1506,8.4125
1518,249,1767,6.096385542168675
1784,257,2041,6.941634241245136
2063,390,2453,5.28974358974359
2467,263,2730,9.38022813688213
4137,370,4507,11.18108108108108
4523,153,4676,29.562091503267972
4688,205,4893,22.86829268292683
4930,198,5128,24.8989898989899
5188,203,5391,25.55665024630542
5424,173,5597,31.352601156069365
5616,168,5784,33.42857142857143
5839,247,6086,23.639676113360323
6103,325,6428,18.77846153846154
6479,212,6691,30.56132075471698
6703,246,6949,27.247967479674795
879,343,1222,2.56268221574344
1246,427,1673,2.918032786885246
1699,548,2247,3.1003649635036497
2277,748,3025,3.044117647058824
3056,918,3974,3.328976034858388
4006,434,4440,9.23041474654378
4458,577,5035,7.726169844020797
5100,685,5785,7.445255474452555
5816,491,6307,11.84521384928717
6320,240,6560,26.33333333333333
6610,355,6965,18.61971830985916
7023,320,7343,21.946875
28,597,625,0.0469011725293132
641,381,1022,1.6824146981627297
1042,721,1763,1.4452149791955615
1771,266,2037,6.657894736842105
175,6,181,29.166666666666668
695,943,1638,0.7370095440084835
2822,883,3705,3.1959229898074746
4919,525,5444,9.369523809523807
46,661,707,0.0695915279878971
260,101,361,2.5742574257425743
109,501,610,0.217564870259481
629,429,1058,1.4662004662004662
1183,506,1689,2.3379446640316206
1723,424,2147,4.063679245283019
2163,450,2613,4.806666666666667
31,80,111,0.3875
557,231,788,2.411255411255411
810,29,839,27.93103448275862
1624,3,1627,541.3333333333334
2184,3,2187,728.0
2962,3,2965,987.3333333333334
2989,33,3022,90.57575757575758
3741,3,3744,1247.0
3756,159,3915,23.62264150943396
5818,3,5821,1939.3333333333333
5876,402,6278,14.616915422885572
6337,443,6780,14.304740406320542
11,470,481,0.0234042553191489
126,161,287,0.782608695652174
10,55,65,0.1818181818181818
644,307,951,2.0977198697068404
1012,173,1185,5.84971098265896
3259,152,3411,21.44078947368421
3570,311,3881,11.479099678456592
3893,387,4280,10.059431524547804
139,927,1066,0.1499460625674218
1096,860,1956,1.2744186046511627
2258,596,2854,3.7885906040268456
2880,469,3349,6.140724946695096
3406,582,3988,5.852233676975945
4008,973,4981,4.1192189105858175
4983,193,5176,25.81865284974093
5191,983,6174,5.280773143438454
6177,775,6952,7.970322580645162
7433,226,7659,32.889380530973455
55,499,554,0.1102204408817635
582,484,1066,1.2024793388429753
111,641,752,0.1731669266770671
203,908,1111,0.2235682819383259
1119,609,1728,1.8374384236453205
2511,912,3423,2.7532894736842106
3431,884,4315,3.8812217194570136
4321,855,5176,5.053801169590643
5392,909,6301,5.931793179317932
6309,958,7267,6.585594989561587
12,361,373,0.0332409972299169
409,458,867,0.8930131004366813
894,476,1370,1.8781512605042017
11,503,514,0.0218687872763419
527,420,947,1.2547619047619047
962,291,1253,3.305841924398625
1299,373,1672,3.482573726541555
1815,591,2406,3.071065989847716
251,326,577,0.7699386503067485
40,619,659,0.0646203554119547
699,623,1322,1.1219903691813804
1132,65,1197,17.415384615384614
1819,553,2372,3.2893309222423146
2383,122,2505,19.5327868852459
3430,473,3903,7.251585623678647
20,522,542,0.0383141762452107
570,714,1284,0.7983193277310925
1293,667,1960,1.938530734632684
1199,418,1617,2.8684210526315788
1653,536,2189,3.083955223880597
2206,469,2675,4.70362473347548
2692,478,3170,5.631799163179917
3187,487,3674,6.544147843942505
3691,489,4180,7.548057259713701
4197,548,4745,7.658759124087592
4762,558,5320,8.53405017921147
5337,671,6008,7.9538002980625935
6025,453,6478,13.300220750551876
6514,585,7099,11.135042735042736
7144,550,7694,12.989090909090908
141,224,365,0.6294642857142857
534,337,871,1.5845697329376855
1016,561,1577,1.8110516934046343
1684,567,2251,2.9700176366843034
14,871,885,0.0160734787600459
898,837,1735,1.0728793309438471
2789,477,3266,5.846960167714885
19,194,213,0.0979381443298969
251,541,792,0.4639556377079482
820,688,1508,1.191860465116279
217,469,686,0.4626865671641791
693,696,1389,0.9956896551724138
1396,706,2102,1.9773371104815864
2109,716,2825,2.945530726256983
27,853,880,0.0316529894490035
907,867,1774,1.0461361014994233
2503,499,3002,5.0160320641282565
3028,874,3902,3.4645308924485128
5562,935,6497,5.948663101604278
6513,909,7422,7.1650165016501655
66,885,951,0.0745762711864406
257,317,574,0.8107255520504731
656,354,1010,1.8531073446327684
1015,369,1384,2.750677506775068
1469,287,1756,5.118466898954704
1768,381,2149,4.640419947506562
2241,374,2615,5.991978609625669
2654,327,2981,8.116207951070336
664,478,1142,1.389121338912134
1161,308,1469,3.76948051948052
34,323,357,0.1052631578947368
367,474,841,0.7742616033755274
857,876,1733,0.978310502283105
1769,632,2401,2.7990506329113924
2421,957,3378,2.529780564263323
3396,1000,4396,3.396
4405,419,4824,10.513126491646778
4830,489,5319,9.877300613496931
5339,338,5677,15.79585798816568
5703,972,6675,5.867283950617284
6700,360,7060,18.61111111111111
7075,669,7744,10.575485799701047
18,734,752,0.0245231607629427
111,684,795,0.1622807017543859
815,289,1104,2.820069204152249
3084,357,3441,8.638655462184873
3444,467,3911,7.374732334047109
3914,363,4277,10.782369146005507
4280,184,4464,23.26086956521739
18,105,123,0.1714285714285714
146,490,636,0.2979591836734694
713,435,1148,1.639080459770115
1179,70,1249,16.84285714285714
1282,431,1713,2.9744779582366587
1759,994,2753,1.7696177062374243
2774,372,3146,7.456989247311828
3171,316,3487,10.03481012658228
3538,954,4492,3.708595387840671
4517,252,4769,17.924603174603174
4791,307,5098,15.60586319218241
273,523,796,0.5219885277246654
236,567,803,0.4162257495590828
864,643,1507,1.343701399688958
1516,83,1599,18.26506024096385
1612,248,1860,6.5
39,30,69,1.3
98,716,814,0.1368715083798882
832,525,1357,1.5847619047619048
1371,983,2354,1.3947100712105798
2368,351,2719,6.746438746438747
3784,270,4054,14.014814814814814
3025,596,3621,5.075503355704698
3684,172,3856,21.41860465116279
4038,154,4192,26.22077922077922
4305,299,4604,14.397993311036789
4625,130,4755,35.57692307692308
5548,333,5881,16.66066066066066
5913,217,6130,27.24884792626728
6147,303,6450,20.287128712871286
6746,281,7027,24.00711743772242
32,56,88,0.5714285714285714
110,113,223,0.9734513274336284
233,54,287,4.314814814814815
294,336,630,0.875
642,300,942,2.14
955,43,998,22.209302325581397
1011,88,1099,11.488636363636363
1113,445,1558,2.501123595505618
1574,591,2165,2.663282571912013
2179,55,2234,39.61818181818182
2246,68,2314,33.029411764705884
2328,54,2382,43.11111111111112
2404,176,2580,13.659090909090908
2592,529,3121,4.899810964083176
3125,39,3164,80.12820512820512
3174,427,3601,7.433255269320843
3606,151,3757,23.880794701986755
3770,125,3895,30.16
3908,218,4126,17.926605504587155
4142,106,4248,39.075471698113205
4267,108,4375,39.50925925925926
4385,118,4503,37.16101694915254
4512,48,4560,94.0
4612,531,5143,8.685499058380413
5155,449,5604,11.48106904231626
5617,179,5796,31.379888268156424
5808,209,6017,27.789473684210527
6025,483,6508,12.474120082815736
16,364,380,0.0439560439560439
27,153,180,0.1764705882352941
18,333,351,0.054054054054054
370,231,601,1.6017316017316017
632,467,1099,1.3533190578158458
81,176,257,0.4602272727272727
348,621,969,0.5603864734299517
985,539,1524,1.8274582560296848
1545,587,2132,2.6320272572402046
209,659,868,0.3171471927162367
1050,367,1417,2.861035422343324
35,691,726,0.0506512301013024
779,372,1151,2.0940860215053765
1170,274,1444,4.2700729927007295
1447,388,1835,3.729381443298969
1838,478,2316,3.845188284518828
2321,15,2336,154.73333333333332
2347,463,2810,5.069114470842333
2834,296,3130,9.574324324324325
3133,226,3359,13.86283185840708
3389,373,3762,9.0857908847185
3766,55,3821,68.47272727272727
3883,35,3918,110.94285714285714
3963,270,4233,14.677777777777775
4238,255,4493,16.619607843137256
4499,128,4627,35.1484375
4863,280,5143,17.367857142857144
5154,228,5382,22.605263157894736
5388,487,5875,11.063655030800822
5885,25,5910,235.4
5915,172,6087,34.38953488372093
6096,193,6289,31.585492227979277
6311,526,6837,11.99809885931559
6865,424,7289,16.191037735849058
7306,35,7341,208.74285714285716
105,882,987,0.119047619047619
1022,498,1520,2.0522088353413657
1528,811,2339,1.884093711467324
16,549,565,0.029143897996357
578,537,1115,1.0763500931098695
2602,774,3376,3.3617571059431524
4613,676,5289,6.82396449704142
22,405,427,0.0543209876543209
39,371,410,0.105121293800539
31,893,924,0.0347144456886898
2086,1008,3094,2.0694444444444446
129,640,769,0.2015625
798,137,935,5.824817518248175
1034,450,1484,2.2977777777777777
1627,130,1757,12.515384615384615
1810,401,2211,4.513715710723192
2438,406,2844,6.004926108374384
2858,681,3539,4.196769456681351
3600,609,4209,5.911330049261084
5310,485,5795,10.948453608247425
5812,705,6517,8.243971631205675
14,437,451,0.0320366132723112
480,425,905,1.1294117647058823
908,282,1190,3.219858156028369
185,513,698,0.3606237816764132
709,851,1560,0.8331374853113983
65,40,105,1.625
116,51,167,2.2745098039215685
179,15,194,11.933333333333334
197,31,228,6.354838709677419
60,151,211,0.3973509933774834
224,144,368,1.5555555555555556
377,156,533,2.4166666666666665
570,155,725,3.6774193548387095
746,168,914,4.440476190476191
934,42,976,22.23809523809524
985,275,1260,3.581818181818182
1279,268,1547,4.772388059701493
154,579,733,0.2659758203799655
743,526,1269,1.4125475285171103
1296,542,1838,2.3911439114391144
1863,554,2417,3.362815884476534
28,22,50,1.2727272727272727
2410,339,2749,7.109144542772861
2752,349,3101,7.885386819484241
3123,322,3445,9.698757763975156
81,751,832,0.1078561917443408
896,828,1724,1.0821256038647342
1752,824,2576,2.1262135922330097
2588,620,3208,4.174193548387096
80,736,816,0.108695652173913
23,586,609,0.0392491467576791
89,628,717,0.1417197452229299
38,865,903,0.0439306358381502
916,926,1842,0.9892008639308856
71,70,141,1.0142857142857142
335,523,858,0.6405353728489483
888,505,1393,1.7584158415841584
1437,819,2256,1.7545787545787546
2301,951,3252,2.419558359621451
66,178,244,0.3707865168539326
266,582,848,0.4570446735395189
758,672,1430,1.1279761904761905
1449,86,1535,16.848837209302324
1547,257,1804,6.019455252918288
1818,136,1954,13.367647058823527
1965,124,2089,15.846774193548388
2098,108,2206,19.425925925925927
2219,105,2324,21.133333333333333
2334,348,2682,6.706896551724138
2709,366,3075,7.401639344262295
3113,449,3562,6.933184855233853
3574,168,3742,21.27380952380953
3771,308,4079,12.243506493506494
4093,284,4377,14.411971830985916
4396,241,4637,18.240663900414937
4661,342,5003,13.628654970760234
5042,313,5355,16.108626198083066
5387,556,5943,9.68884892086331
5958,508,6466,11.728346456692911
6482,373,6855,17.378016085790886
6896,349,7245,19.759312320916905
7255,319,7574,22.74294670846395
7585,219,7804,34.63470319634703
532,827,1359,0.6432889963724304
1374,664,2038,2.069277108433735
1334,896,2230,1.4888392857142858
2232,589,2821,3.789473684210526
2823,420,3243,6.721428571428572
583,537,1120,1.085661080074488
270,945,1215,0.2857142857142857
1244,467,1711,2.663811563169165
495,569,1064,0.8699472759226714
41,534,575,0.0767790262172284
591,541,1132,1.0924214417744915
1176,624,1800,1.8846153846153848
1818,485,2303,3.748453608247423
2316,693,3009,3.341991341991342
3035,510,3545,5.950980392156863
3560,722,4282,4.930747922437673
4296,769,5065,5.586475942782835
5082,573,5655,8.86910994764398
5670,475,6145,11.93684210526316
6161,523,6684,11.780114722753346
435,23,458,18.91304347826087
552,453,1005,1.218543046357616
1214,709,1923,1.7122708039492245
1931,737,2668,2.620081411126187
2730,544,3274,5.018382352941177
3282,449,3731,7.309576837416481
3739,841,4580,4.44589774078478
143,738,881,0.1937669376693767
912,778,1690,1.1722365038560412
1720,34,1754,50.588235294117645
1776,766,2542,2.318537859007833
378,945,1323,0.4
1339,912,2251,1.468201754385965
2267,714,2981,3.1750700280112043
24,536,560,0.044776119402985
579,524,1103,1.1049618320610688
1214,524,1738,2.316793893129771
1762,210,1972,8.39047619047619
2064,321,2385,6.429906542056075
2415,288,2703,8.385416666666666
3115,475,3590,6.557894736842106
3608,293,3901,12.313993174061434
3916,113,4029,34.65486725663717
4054,471,4525,8.607218683651805
4546,536,5082,8.48134328358209
5112,285,5397,17.936842105263157
5431,495,5926,10.971717171717172
5957,461,6418,12.921908893709327
6436,634,7070,10.151419558359622
7546,424,7970,17.797169811320753
64,737,801,0.0868385345997286
847,354,1201,2.3926553672316384
1221,428,1649,2.852803738317757
213,335,548,0.6358208955223881
557,314,871,1.7738853503184713
102,877,979,0.1163055872291904
987,773,1760,1.2768434670116429
34,495,529,0.0686868686868686
540,323,863,1.671826625386997
869,471,1340,1.845010615711253
4694,199,4893,23.587939698492463
7663,72,7735,106.43055555555556
41,438,479,0.093607305936073
494,70,564,7.057142857142857
589,110,699,5.354545454545455
708,80,788,8.85
797,150,947,5.3133333333333335
968,342,1310,2.8304093567251463
806,391,1197,2.061381074168798
1302,406,1708,3.206896551724138
1710,417,2127,4.100719424460432
2137,224,2361,9.540178571428571
2363,202,2565,11.698019801980198
2567,198,2765,12.964646464646464
2767,210,2977,13.176190476190476
2979,166,3145,17.94578313253012
3163,345,3508,9.168115942028985
3510,346,3856,10.144508670520231
3868,180,4048,21.488888888888887
4072,137,4209,29.72262773722628
4211,17,4228,247.7058823529412
20,401,421,0.0498753117206982
436,458,894,0.9519650655021834
910,714,1624,1.2745098039215683
1636,904,2540,1.8097345132743363
2542,532,3074,4.7781954887218046
142,89,231,1.595505617977528
316,510,826,0.6196078431372549
880,389,1269,2.2622107969151672
1516,723,2239,2.0968188105117567
69,67,136,1.0298507462686568
1348,721,2069,1.869625520110957
2215,855,3070,2.590643274853801
3229,881,4110,3.665153234960272
4119,701,4820,5.875891583452211
4995,996,5991,5.015060240963855
6011,753,6764,7.98273572377158
6786,502,7288,13.51792828685259
7300,597,7897,12.22780569514238
58,332,390,0.1746987951807229
410,3,413,136.66666666666666
2130,1015,3145,2.0985221674876846
28,705,733,0.0397163120567375
767,505,1272,1.5188118811881188
1312,554,1866,2.368231046931408
1936,461,2397,4.199566160520607
2427,354,2781,6.8559322033898304
115,989,1104,0.1162790697674418
1109,438,1547,2.5319634703196345
50,415,465,0.1204819277108433
101,753,854,0.1341301460823373
985,628,1613,1.5684713375796178
1633,231,1864,7.06926406926407
9,55,64,0.1636363636363636
133,73,206,1.821917808219178
208,80,288,2.6
324,104,428,3.1153846153846154
500,55,555,9.090909090909092
557,39,596,14.282051282051285
598,41,639,14.585365853658535
687,78,765,8.807692307692308
789,61,850,12.934426229508198
860,143,1003,6.013986013986014
1154,89,1243,12.96629213483146
1314,256,1570,5.1328125
1578,143,1721,11.034965034965037
1804,49,1853,36.81632653061224
1904,62,1966,30.70967741935484
2075,53,2128,39.15094339622642
2183,385,2568,5.67012987012987
2580,55,2635,46.90909090909091
2670,71,2741,37.6056338028169
2816,163,2979,17.2760736196319
3044,477,3521,6.381551362683438
3531,149,3680,23.697986577181208
3691,32,3723,115.34375
3733,32,3765,116.65625
3812,181,3993,21.060773480662984
4003,28,4031,142.96428571428572
4044,66,4110,61.27272727272727
4118,515,4633,7.996116504854369
4660,525,5185,8.876190476190477
5198,86,5284,60.44186046511628
5294,109,5403,48.56880733944954
5424,315,5739,17.21904761904762
5763,299,6062,19.2742474916388
6074,180,6254,33.74444444444445
116,397,513,0.2921914357682619
515,352,867,1.463068181818182
869,302,1171,2.877483443708609
1182,227,1409,5.20704845814978
1491,351,1842,4.247863247863248
1865,517,2382,3.607350096711799
2412,403,2815,5.9851116625310175
21,631,652,0.0332805071315372
687,588,1275,1.1683673469387754
1355,569,1924,2.381370826010545
1951,710,2661,2.747887323943662
2684,505,3189,5.314851485148515
3294,666,3960,4.945945945945946
4159,599,4758,6.943238731218698
50,692,742,0.0722543352601156
775,788,1563,0.983502538071066
1583,421,2004,3.760095011876485
2021,403,2424,5.014888337468983
163,420,583,0.3880952380952381
71,916,987,0.0775109170305676
1033,611,1644,1.690671031096563
1692,817,2509,2.0709914320685434
2546,826,3372,3.082324455205811
3409,645,4054,5.285271317829458
18,856,874,0.0210280373831775
882,399,1281,2.210526315789474
1309,886,2195,1.4774266365688489
2218,400,2618,5.545
2641,599,3240,4.409015025041736
3254,865,4119,3.7618497109826583
26,842,868,0.0308788598574821
12,353,365,0.0339943342776204
367,259,626,1.416988416988417
645,209,854,3.0861244019138754
867,80,947,10.8375
959,205,1164,4.678048780487805
21,378,399,0.0555555555555555
401,352,753,1.1392045454545454
755,159,914,4.748427672955975
960,377,1337,2.546419098143236
1339,167,1506,8.017964071856287
1513,339,1852,4.463126843657817
1854,172,2026,10.77906976744186
113,435,548,0.2597701149425287
550,502,1052,1.095617529880478
1107,904,2011,1.2245575221238938
796,485,1281,1.6412371134020618
1360,627,1987,2.1690590111642742
777,249,1026,3.1204819277108435
18,53,71,0.3396226415094339
3811,574,4385,6.639372822299651
4454,955,5409,4.663874345549738
6524,653,7177,9.99081163859112
49,681,730,0.0719530102790014
819,373,1192,2.195710455764075
1325,322,1647,4.114906832298137
1763,275,2038,6.410909090909091
2155,22,2177,97.95454545454544
2411,771,3182,3.127107652399481
3229,938,4167,3.442430703624733
4170,519,4689,8.034682080924856
4731,877,5608,5.394526795895097
5611,857,6468,6.547257876312719
6471,342,6813,18.92105263157895
6855,866,7721,7.915704387990762
2010,900,2910,2.2333333333333334
2912,593,3505,4.9106239460371
239,315,554,0.7587301587301587
584,609,1193,0.9589490968801314
1211,632,1843,1.916139240506329
1860,723,2583,2.5726141078838176
24,276,300,0.0869565217391304
396,322,718,1.2298136645962734
726,337,1063,2.1543026706231454
1071,340,1411,3.15
1419,323,1742,4.393188854489164
1750,329,2079,5.319148936170213
2087,328,2415,6.362804878048781
2423,236,2659,10.266949152542374
2887,313,3200,9.22364217252396
3208,281,3489,11.416370106761564
3497,284,3781,12.31338028169014
33,102,135,0.3235294117647059
310,774,1084,0.4005167958656331
1094,152,1246,7.197368421052632
17,210,227,0.0809523809523809
235,157,392,1.4968152866242035
417,438,855,0.952054794520548
1250,547,1797,2.2851919561243146
1859,471,2330,3.94692144373673
3470,665,4135,5.2180451127819545
5332,54,5386,98.74074074074076
5412,530,5942,10.21132075471698
7391,212,7603,34.863207547169814
8,233,241,0.0343347639484978
254,285,539,0.8912280701754386
548,396,944,1.383838383838384
965,430,1395,2.244186046511628
1418,443,1861,3.200902934537246
1872,500,2372,3.744
2390,271,2661,8.819188191881919
2714,147,2861,18.462585034013607
2886,119,3005,24.252100840336134
3038,85,3123,35.74117647058824
3177,622,3799,5.107717041800643
3822,654,4476,5.844036697247707
4498,617,5115,7.290113452188007
5256,883,6139,5.9524348810872025
6141,704,6845,8.723011363636363
6875,869,7744,7.9113924050632916
167,32,199,5.21875
237,157,394,1.5095541401273886
8,20,28,0.4
174,209,383,0.8325358851674641
444,199,643,2.2311557788944723
161,57,218,2.824561403508772
3611,16,3627,225.6875
354,1015,1369,0.3487684729064039
229,479,708,0.4780793319415449
26,524,550,0.049618320610687
562,435,997,1.2919540229885058
16,332,348,0.0481927710843373
79,944,1023,0.0836864406779661
106,106,212,1.0
225,223,448,1.0089686098654709
455,429,884,1.0606060606060606
888,377,1265,2.3554376657824934
1285,202,1487,6.361386138613861
1505,333,1838,4.51951951951952
1852,957,2809,1.93521421107628
2812,775,3587,3.6283870967741936
3590,571,4161,6.287215411558669
4175,245,4420,17.040816326530614
4426,319,4745,13.87460815047022
4816,401,5217,12.00997506234414
5241,110,5351,47.64545454545455
5354,372,5726,14.39247311827957
5730,486,6216,11.790123456790123
6221,537,6758,11.584729981378024
6772,264,7036,25.651515151515152
7070,472,7542,14.978813559322036
7545,356,7901,21.1938202247191
5,53,58,0.0943396226415094
98,679,777,0.1443298969072164
861,778,1639,1.1066838046272494
1676,789,2465,2.124207858048162
2588,832,3420,3.110576923076923
3557,888,4445,4.00563063063063
4463,563,5026,7.927175843694494
5035,22,5057,228.8636363636364
5065,40,5105,126.625
6020,617,6637,9.756888168557536
73,614,687,0.1188925081433224
728,433,1161,1.6812933025404158
1187,522,1709,2.273946360153257
1752,575,2327,3.0469565217391303
2346,738,3084,3.178861788617886
3107,552,3659,5.628623188405797
3676,517,4193,7.110251450676983
4214,583,4797,7.228130360205831
4831,805,5636,6.0012422360248445
5651,864,6515,6.54050925925926
6538,438,6976,14.926940639269406
6985,511,7496,13.669275929549904
7518,423,7941,17.77304964539007
10,382,392,0.0261780104712041
457,407,864,1.1228501228501229
318,305,623,1.042622950819672
634,379,1013,1.6728232189973615
1024,367,1391,2.790190735694823
1402,345,1747,4.063768115942029
1758,143,1901,12.293706293706292
1915,96,2011,19.947916666666668
2037,284,2321,7.172535211267606
2352,267,2619,8.808988764044944
2634,114,2748,23.105263157894736
2875,338,3213,8.505917159763314
3224,342,3566,9.42690058479532
3577,274,3851,13.054744525547443
3868,331,4199,11.685800604229607
4210,345,4555,12.202898550724637
4597,312,4909,14.73397435897436
4920,278,5198,17.697841726618705
5201,369,5570,14.094850948509484
54,5,59,10.8
129,9,138,14.333333333333334
159,39,198,4.076923076923077
223,7,230,31.857142857142858
247,48,295,5.145833333333333
118,396,514,0.2979797979797979
536,503,1039,1.065606361829026
1052,374,1426,2.8128342245989306
1457,387,1844,3.764857881136951
125,55,180,2.272727272727273
192,29,221,6.620689655172414
484,706,1190,0.6855524079320113
1329,620,1949,2.143548387096774
1984,52,2036,38.15384615384615
2136,772,2908,2.766839378238342
2952,736,3688,4.010869565217392
368,56,424,6.571428571428571
3702,491,4193,7.539714867617108
4208,531,4739,7.9246704331450095
4742,519,5261,9.136801541425818
5336,246,5582,21.691056910569102
5750,438,6188,13.127853881278538
6205,398,6603,15.590452261306533
6619,867,7486,7.6343713956170705
57,859,916,0.0663562281722933
218,717,935,0.304044630404463
1095,522,1617,2.0977011494252875
1659,650,2309,2.5523076923076924
2673,780,3453,3.4269230769230767
4724,656,5380,7.201219512195122
5406,837,6243,6.458781362007168
142,89,231,1.595505617977528
316,510,826,0.6196078431372549
880,389,1269,2.2622107969151672
1669,502,2171,3.324701195219124
25,535,560,0.0467289719626168
575,150,725,3.8333333333333335
731,523,1254,1.3977055449330784
1277,804,2081,1.5883084577114428
10,442,452,0.0226244343891402
467,607,1074,0.7693574958813838
1089,489,1578,2.226993865030675
1583,599,2182,2.642737896494157
2189,734,2923,2.982288828337875
2928,191,3119,15.329842931937172
3127,374,3501,8.36096256684492
3508,710,4218,4.940845070422535
4227,591,4818,7.152284263959391
4826,714,5540,6.759103641456583
5548,878,6426,6.318906605922551
6430,404,6834,15.915841584158416
87,726,813,0.1198347107438016
876,595,1471,1.4722689075630253
1521,991,2512,1.5348133198789102
2548,596,3144,4.275167785234899
384,669,1053,0.5739910313901345
1216,692,1908,1.7572254335260116
2077,787,2864,2.639135959339263
3001,834,3835,3.5983213429256597
3875,746,4621,5.194369973190349
4718,468,5186,10.08119658119658
5534,822,6356,6.732360097323601
6833,698,7531,9.789398280802292
377,392,769,0.9617346938775512
786,193,979,4.072538860103627
1362,958,2320,1.4217118997912317
2334,472,2806,4.944915254237288
2827,691,3518,4.091172214182344
3604,761,4365,4.735873850197109
4377,756,5133,5.78968253968254
889,481,1370,1.8482328482328485
22,339,361,0.0648967551622418
428,380,808,1.1263157894736842
821,276,1097,2.9746376811594204
1119,480,1599,2.33125
1627,455,2082,3.575824175824176
154,736,890,0.2092391304347826
421,888,1309,0.4740990990990991
560,525,1085,1.0666666666666669
1140,635,1775,1.795275590551181
752,4,756,188.0
845,876,1721,0.9646118721461188
1727,763,2490,2.2634338138925294
2604,866,3470,3.0069284064665127
3476,412,3888,8.436893203883495
175,292,467,0.5993150684931506
469,345,814,1.3594202898550725
816,347,1163,2.351585014409222
1165,239,1404,4.874476987447698
1418,296,1714,4.79054054054054
1716,358,2074,4.793296089385475
2076,201,2277,10.328358208955224
2299,327,2626,7.030581039755352
2628,384,3012,6.84375
3029,3,3032,1009.6666666666666
32,616,648,0.0519480519480519
716,751,1467,0.9533954727030626
1504,652,2156,2.3067484662576687
2249,18,2267,124.94444444444444
2277,17,2294,133.94117647058823
2380,738,3118,3.224932249322493
3178,54,3232,58.851851851851855
3255,289,3544,11.262975778546712
3654,605,4259,6.039669421487603
1841,549,2390,3.3533697632058286
2420,419,2839,5.7756563245823385
2899,616,3515,4.706168831168832
3552,670,4222,5.3014925373134325
4306,867,5173,4.966551326412918
20,727,747,0.0275103163686382
824,642,1466,1.2834890965732086
23,855,878,0.0269005847953216
880,460,1340,1.9130434782608696
1132,940,2072,1.2042553191489362
13,501,514,0.0259481037924151
524,880,1404,0.5954545454545455
115,804,919,0.1430348258706467
927,792,1719,1.1704545454545454
1727,817,2544,2.1138310893512853
2552,293,2845,8.709897610921502
2965,763,3728,3.885976408912189
3736,617,4353,6.055105348460292
4477,799,5276,5.603254067584481
5284,554,5838,9.537906137184116
5964,813,6777,7.3357933579335795
6785,524,7309,12.948473282442748
132,291,423,0.4536082474226804
429,350,779,1.2257142857142858
793,223,1016,3.5560538116591927
2612,563,3175,4.63943161634103
46,594,640,0.0774410774410774
140,58,198,2.413793103448276
203,40,243,5.075
2304,76,2380,30.31578947368421
3346,67,3413,49.940298507462686
6280,80,6360,78.5
7794,2,7796,3897.0
54,169,223,0.3195266272189349
254,251,505,1.0119521912350598
528,256,784,2.0625
820,985,1805,0.8324873096446701
1806,53,1859,34.075471698113205
1912,970,2882,1.9711340206185568
2949,668,3617,4.414670658682635
997,253,1250,3.940711462450593
1300,335,1635,3.880597014925373
1703,387,2090,4.4005167958656335
2135,280,2415,7.625
2451,588,3039,4.168367346938775
3584,315,3899,11.377777777777778
3937,135,4072,29.16296296296296
4111,671,4782,6.126676602086438
4828,316,5144,15.278481012658228
5193,415,5608,12.513253012048192
6518,112,6630,58.19642857142857
6679,494,7173,13.520242914979756
7215,174,7389,41.46551724137931
7434,161,7595,46.17391304347826
31,653,684,0.0474732006125574
734,707,1441,1.0381895332390385
1465,465,1930,3.150537634408602
1944,417,2361,4.661870503597123
2387,501,2888,4.764471057884232
2896,524,3420,5.526717557251908
3432,577,4009,5.948006932409013
4083,946,5029,4.316067653276956
107,331,438,0.323262839879154
453,293,746,1.546075085324232
799,316,1115,2.528481012658228
1139,251,1390,4.53784860557769
76,603,679,0.1260364842454394
813,567,1380,1.433862433862434
1393,619,2012,2.250403877221325
2070,530,2600,3.9056603773584895
2613,629,3242,4.154213036565978
3255,459,3714,7.091503267973856
3726,619,4345,6.019386106623586
4358,490,4848,8.893877551020408
4861,544,5405,8.935661764705882
152,54,206,2.814814814814815
227,588,815,0.3860544217687074
834,75,909,11.12
947,471,1418,2.010615711252654
458,364,822,1.2582417582417582
54,755,809,0.071523178807947
845,475,1320,1.7789473684210526
1346,894,2240,1.505592841163311
27,325,352,0.083076923076923
387,426,813,0.908450704225352
844,350,1194,2.4114285714285715
1202,278,1480,4.323741007194244
1512,3,1515,504.0
481,674,1155,0.7136498516320475
1170,406,1576,2.8817733990147785
1614,217,1831,7.43778801843318
25,342,367,0.0730994152046783
389,273,662,1.424908424908425
679,553,1232,1.2278481012658229
1250,352,1602,3.551136363636364
1614,710,2324,2.2732394366197184
2351,343,2694,6.854227405247814
2704,89,2793,30.382022471910112
1009,2,1011,504.5
2198,2,2200,1099.0
3387,2,3389,1693.5
4576,2,4578,2288.0
6520,2,6522,3260.0
6531,293,6824,22.2901023890785
6885,395,7280,17.430379746835442
7305,726,8031,10.06198347107438
254,354,608,0.7175141242937854
616,358,974,1.7206703910614525
982,323,1305,3.040247678018576
1313,247,1560,5.315789473684211
1568,284,1852,5.52112676056338
1860,340,2200,5.470588235294118
101,963,1064,0.1048805815160955
1140,423,1563,2.695035460992908
9,312,321,0.0288461538461538
325,154,479,2.1103896103896105
498,187,685,2.663101604278075
692,405,1097,1.708641975308642
1170,467,1637,2.505353319057816
1672,789,2461,2.119138149556401
2492,989,3481,2.519716885743175
3496,224,3720,15.607142857142858
3774,961,4735,3.927159209157128
606,904,1510,0.6703539823008849
1518,498,2016,3.048192771084337
2596,921,3517,2.818675352877307
3956,958,4914,4.129436325678497
4922,844,5766,5.831753554502369
5779,191,5970,30.2565445026178
6141,762,6903,8.059055118110237
7139,699,7838,10.213161659513592
186,243,429,0.7654320987654321
448,233,681,1.92274678111588
706,295,1001,2.393220338983051
1038,443,1481,2.3431151241534987
21,717,738,0.0292887029288702
758,126,884,6.015873015873016
903,637,1540,1.4175824175824177
1563,644,2207,2.4270186335403725
123,470,593,0.2617021276595744
629,518,1147,1.2142857142857142
1159,783,1942,1.4802043422733078
1969,989,2958,1.9908998988877653
2977,629,3606,4.732909379968204
3628,905,4533,4.008839779005525
11,72,83,0.1527777777777778
93,228,321,0.4078947368421052
343,189,532,1.8148148148148149
557,198,755,2.813131313131313
818,455,1273,1.797802197802198
1340,439,1779,3.052391799544419
1792,173,1965,10.358381502890174
2004,319,2323,6.282131661442007
2408,520,2928,4.630769230769231
2966,210,3176,14.123809523809523
3188,197,3385,16.18274111675127
48,882,930,0.0544217687074829
251,191,442,1.3141361256544504
506,454,960,1.1145374449339207
962,455,1417,2.1142857142857143
1438,607,2045,2.3690280065897857
2055,421,2476,4.881235154394299
41,163,204,0.2515337423312883
224,194,418,1.154639175257732
2141,706,2847,3.03257790368272
2870,860,3730,3.3372093023255816
3744,855,4599,4.378947368421053
4611,880,5491,5.239772727272728
5503,957,6460,5.750261233019854
6486,983,7469,6.598168870803662
96,579,675,0.1658031088082901
694,201,895,3.45273631840796
906,299,1205,3.0301003344481607
1214,232,1446,5.232758620689655
2398,483,2881,4.9648033126294
2894,753,3647,3.8432934926958833
3660,582,4242,6.288659793814433
4254,482,4736,8.825726141078839
40,781,821,0.0512163892445582
79,378,457,0.2089947089947089
247,178,425,1.3876404494382022
444,175,619,2.537142857142857
905,191,1096,4.738219895287958
1136,32,1168,35.5
1251,41,1292,30.51219512195122
1309,43,1352,30.44186046511628
1373,12,1385,114.41666666666669
1393,13,1406,107.15384615384616
1443,25,1468,57.72
1477,25,1502,59.08
1517,32,1549,47.40625
1555,32,1587,48.59375
1613,326,1939,4.947852760736196
1965,253,2218,7.766798418972332
2456,112,2568,21.928571428571427
2606,13,2619,200.46153846153845
18,333,351,0.054054054054054
370,231,601,1.6017316017316017
632,467,1099,1.3533190578158458
1123,1017,2140,1.104228121927237
2176,567,2743,3.837742504409171
2777,1014,3791,2.738658777120316
3837,345,4182,11.121739130434785
1830,357,2187,5.126050420168068
2236,582,2818,3.8419243986254297
85,66,151,1.2878787878787878
176,627,803,0.2807017543859649
384,348,732,1.103448275862069
735,390,1125,1.8846153846153848
1128,226,1354,4.991150442477876
78,858,936,0.0909090909090909
981,574,1555,1.7090592334494774
1564,1003,2567,1.5593220338983051
3018,1008,4026,2.994047619047619
4048,412,4460,9.8252427184466
4483,642,5125,6.982866043613707
5140,352,5492,14.602272727272728
5501,414,5915,13.28743961352657
5939,470,6409,12.636170212765958
6455,862,7317,7.488399071925754
239,283,522,0.8445229681978799
528,303,831,1.7425742574257426
837,322,1159,2.599378881987578
99,758,857,0.1306068601583113
912,637,1549,1.4317111459968603
432,383,815,1.1279373368146215
820,357,1177,2.296918767507002
1182,386,1568,3.062176165803109
1586,334,1920,4.748502994011976
1927,283,2210,6.809187279151944
2350,349,2699,6.73352435530086
2706,330,3036,8.2
3100,352,3452,8.806818181818182
3479,25,3504,139.16
3625,378,4003,9.58994708994709
4008,290,4298,13.820689655172414
4308,384,4692,11.21875
4694,215,4909,21.83255813953488
5348,409,5757,13.075794621026894
5770,332,6102,17.379518072289155
17,539,556,0.0315398886827458
3003,211,3214,14.23222748815166
6828,266,7094,25.669172932330827
19,185,204,0.1027027027027027
260,564,824,0.4609929078014184
152,291,443,0.5223367697594502
599,454,1053,1.3193832599118942
1216,122,1338,9.9672131147541
1503,93,1596,16.161290322580644
1758,45,1803,39.06666666666667
1967,454,2421,4.332599118942731
2596,587,3183,4.422487223168655
3380,528,3908,6.401515151515151
4109,596,4705,6.894295302013423
4913,596,5509,8.243288590604028
5719,396,6115,14.441919191919192
6145,929,7074,6.614639397201292
7103,580,7683,12.24655172413793
1255,528,1783,2.3768939393939394
1844,567,2411,3.252204585537919
2445,385,2830,6.35064935064935
2875,410,3285,7.012195121951219
3530,299,3829,11.806020066889632
3933,701,4634,5.61055634807418
1160,558,1718,2.078853046594982
1740,585,2325,2.9743589743589745
2365,799,3164,2.959949937421777
4017,996,5013,4.033132530120482
714,803,1517,0.8891656288916563
1532,24,1556,63.833333333333336
1660,624,2284,2.66025641025641
2436,704,3140,3.460227272727273
3158,80,3238,39.475
3244,86,3330,37.72093023255814
3362,69,3431,48.72463768115942
3463,587,4050,5.899488926746167
4065,56,4121,72.58928571428571
4138,67,4205,61.76119402985075
1339,675,2014,1.983703703703704
2019,62,2081,32.564516129032256
22,122,144,0.180327868852459
163,514,677,0.3171206225680933
730,512,1242,1.42578125
1245,602,1847,2.068106312292359
1868,884,2752,2.1131221719457014
2780,798,3578,3.4837092731829573
5542,174,5716,31.85057471264368
5749,447,6196,12.861297539149888
6212,767,6979,8.099087353324641
6991,668,7659,10.465568862275449
29,168,197,0.1726190476190476
494,504,998,0.98015873015873
13,342,355,0.0380116959064327
382,601,983,0.6356073211314476
20,470,490,0.0425531914893617
500,557,1057,0.8976660682226212
1080,597,1677,1.809045226130653
46,466,512,0.0987124463519313
548,461,1009,1.1887201735357915
51,336,387,0.1517857142857142
1464,481,1945,3.043659043659044
2948,314,3262,9.388535031847134
3671,329,4000,11.1580547112462
4039,295,4334,13.691525423728814
4497,330,4827,13.627272727272729
4895,284,5179,17.235915492957748
5224,439,5663,11.899772209567198
5891,409,6300,14.403422982885086
6343,306,6649,20.72875816993464
6677,217,6894,30.76958525345622
6993,317,7310,22.05993690851735
7361,357,7718,20.61904761904762
60,61,121,0.9836065573770492
288,364,652,0.7912087912087912
980,506,1486,1.9367588932806323
296,374,670,0.7914438502673797
684,319,1003,2.144200626959248
1022,392,1414,2.607142857142857
1589,362,1951,4.389502762430939
1961,504,2465,3.890873015873016
2475,531,3006,4.661016949152542
3041,593,3634,5.128161888701518
3748,243,3991,15.423868312757202
4049,182,4231,22.247252747252748
4250,362,4612,11.740331491712707
4666,270,4936,17.28148148148148
4944,291,5235,16.989690721649485
5244,470,5714,11.157446808510638
5768,236,6004,24.440677966101696
6017,389,6406,15.467866323907456
6446,543,6989,11.871086556169429
7011,431,7442,16.26682134570766
7559,346,7905,21.846820809248555
33,863,896,0.0382387022016222
976,762,1738,1.2808398950131237
35,271,306,0.1291512915129151
2619,430,3049,6.090697674418605
3068,682,3750,4.498533724340176
3759,11,3770,341.72727272727275
3811,681,4492,5.596182085168869
4509,672,5181,6.709821428571429
5194,677,5871,7.672082717872969
5898,752,6650,7.843085106382978
6659,628,7287,10.603503184713375
7289,15,7304,485.9333333333333
7468,5,7473,1493.6
20,286,306,0.0699300699300699
342,999,1341,0.3423423423423423
678,525,1203,1.2914285714285714
1302,171,1473,7.614035087719298
1668,343,2011,4.862973760932944
2107,401,2508,5.254364089775561
2703,87,2790,31.06896551724138
788,75,863,10.506666666666666
876,109,985,8.036697247706423
1037,308,1345,3.366883116883117
1355,284,1639,4.77112676056338
1642,317,1959,5.17981072555205
258,562,820,0.4590747330960854
830,610,1440,1.360655737704918
58,387,445,0.1498708010335917
461,206,667,2.237864077669903
696,572,1268,1.2167832167832169
1290,429,1719,3.006993006993007
1744,490,2234,3.559183673469388
2249,577,2826,3.897746967071057
2837,619,3456,4.583198707592892
24,629,653,0.0381558028616852
1061,357,1418,2.9719887955182074
4444,260,4704,17.092307692307692
5364,396,5760,13.545454545454543
5766,513,6279,11.239766081871345
128,72,200,1.7777777777777777
215,70,285,3.071428571428572
289,64,353,4.515625
357,236,593,1.5127118644067796
15,665,680,0.0225563909774436
103,729,832,0.1412894375857339
840,610,1450,1.3770491803278688
1591,818,2409,1.9449877750611249
2417,259,2676,9.332046332046332
2823,879,3702,3.21160409556314
3710,463,4173,8.012958963282937
4313,827,5140,5.215235792019347
5148,260,5408,19.8
5550,858,6408,6.468531468531468
6416,469,6885,13.680170575692964
7036,828,7864,8.497584541062801
56,283,339,0.1978798586572438
162,409,571,0.3960880195599022
453,446,899,1.015695067264574
901,242,1143,3.723140495867769
1189,601,1790,1.978369384359401
95,538,633,0.1765799256505576
728,537,1265,1.355679702048417
1362,590,1952,2.3084745762711862
1989,919,2908,2.16430903155604
2947,810,3757,3.638271604938272
3811,824,4635,4.625
4744,1011,5755,4.692383778437191
5864,1015,6879,5.777339901477832
906,488,1394,1.8565573770491803
2302,100,2402,23.02
5333,321,5654,16.613707165109034
6582,292,6874,22.54109589041096
120,433,553,0.277136258660508
564,635,1199,0.8881889763779528
1223,675,1898,1.811851851851852
1963,554,2517,3.5433212996389893
2530,282,2812,8.97163120567376
2826,627,3453,4.507177033492823
3501,151,3652,23.18543046357616
3684,259,3943,14.223938223938225
3977,235,4212,16.92340425531915
162,290,452,0.5586206896551724
459,387,846,1.186046511627907
957,876,1833,1.0924657534246576
1854,875,2729,2.1188571428571428
20,338,358,0.059171597633136
393,165,558,2.381818181818182
585,32,617,18.28125
632,79,711,8.0
728,56,784,13.0
799,158,957,5.056962025316456
999,330,1329,3.027272727272728
1351,140,1491,9.65
1523,361,1884,4.218836565096953
1906,146,2052,13.054794520547944
36,290,326,0.1241379310344827
338,326,664,1.0368098159509205
666,28,694,23.785714285714285
47,961,1008,0.0489073881373569
1016,608,1624,1.6710526315789471
1778,970,2748,1.8329896907216492
2858,954,3812,2.9958071278826
3820,505,4325,7.564356435643564
60,88,148,0.6818181818181818
231,76,307,3.039473684210526
343,58,401,5.913793103448276
403,433,836,0.930715935334873
1547,682,2229,2.268328445747801
2596,955,3551,2.718324607329843
4918,317,5235,15.514195583596214
32,190,222,0.1684210526315789
49,738,787,0.0663956639566395
839,398,1237,2.108040201005025
33,309,342,0.1067961165048543
360,286,646,1.2587412587412588
17,251,268,0.0677290836653386
26,534,560,0.048689138576779
587,126,713,4.658730158730159
1458,363,1821,4.016528925619835
2627,344,2971,7.636627906976744
3267,391,3658,8.35549872122762
4389,287,4676,15.292682926829269
4757,184,4941,25.85326086956522
4970,449,5419,11.069042316258352
5440,362,5802,15.027624309392266
5826,244,6070,23.87704918032787
6093,516,6609,11.80813953488372
6711,566,7277,11.856890459363958
7319,484,7803,15.12190082644628
79,165,244,0.4787878787878787
252,689,941,0.3657474600870827
962,395,1357,2.435443037974684
22,504,526,0.0436507936507936
543,921,1464,0.5895765472312704
1484,1010,2494,1.4693069306930693
3621,812,4433,4.45935960591133
4452,684,5136,6.508771929824562
6240,1018,7258,6.129666011787819
11,696,707,0.0158045977011494
123,653,776,0.1883614088820827
811,957,1768,0.8474399164054337
1882,706,2588,2.6657223796033995
3387,600,3987,5.645
5756,570,6326,10.098245614035088
6384,639,7023,9.990610328638498
7280,820,8100,8.878048780487806
45,81,126,0.5555555555555556
155,639,794,0.2425665101721439
241,694,935,0.3472622478386167
954,685,1639,1.392700729927007
1580,318,1898,4.968553459119497
1932,647,2579,2.9860896445131377
2642,706,3348,3.742209631728045
3428,873,4301,3.926689576174112
4304,307,4611,14.019543973941367
4648,700,5348,6.64
5363,668,6031,8.028443113772456
6053,874,6927,6.925629290617849
6930,630,7560,11.0
157,16,173,9.8125
248,133,381,1.8646616541353385
487,84,571,5.797619047619048
2306,146,2452,15.794520547945206
2456,50,2506,49.12
3224,174,3398,18.528735632183903
3503,161,3664,21.75776397515528
34,495,529,0.0686868686868686
540,323,863,1.671826625386997
869,471,1340,1.845010615711253
1348,147,1495,9.170068027210885
1508,429,1937,3.515151515151515
1962,631,2593,3.109350237717908
51,933,984,0.0546623794212218
1059,802,1861,1.3204488778054864
1900,978,2878,1.9427402862985683
3045,649,3694,4.691833590138675
4005,993,4998,4.033232628398792
6438,442,6880,14.565610859728508
6954,256,7210,27.1640625
64,682,746,0.093841642228739
776,385,1161,2.015584415584416
1446,640,2086,2.259375
3064,856,3920,3.5794392523364484
1509,261,1770,5.781609195402299
1775,338,2113,5.2514792899408285
2118,255,2373,8.305882352941177
2412,230,2642,10.486956521739131
2657,310,2967,8.570967741935483
3418,311,3729,10.990353697749196
3734,311,4045,12.006430868167202
4050,311,4361,13.02250803858521
4366,323,4689,13.51702786377709
4694,279,4973,16.82437275985663
5071,302,5373,16.79139072847682
5378,275,5653,19.556363636363635
5658,225,5883,25.14666666666667
5960,356,6316,16.741573033707866
6321,324,6645,19.50925925925926
1468,62,1530,23.677419354838708
1566,700,2266,2.237142857142857
1723,139,1862,12.39568345323741
1872,208,2080,9.0
8,15,23,0.5333333333333333
532,984,1516,0.540650406504065
1518,241,1759,6.298755186721992
1775,992,2767,1.7893145161290325
2769,220,2989,12.586363636363636
20,984,1004,0.0203252032520325
1013,562,1575,1.802491103202847
1683,965,2648,1.744041450777202
20,338,358,0.059171597633136
393,165,558,2.381818181818182
284,1008,1292,0.2817460317460317
1300,993,2293,1.309164149043303
2346,752,3098,3.11968085106383
3126,521,3647,6.0
4694,462,5156,10.16017316017316
5190,765,5955,6.784313725490196
5995,765,6760,7.836601307189542
6800,939,7739,7.24174653887114
35,398,433,0.0879396984924623
480,571,1051,0.840630472854641
1087,763,1850,1.424639580602883
33,188,221,0.175531914893617
249,137,386,1.8175182481751824
419,403,822,1.0397022332506205
827,386,1213,2.1424870466321244
556,233,789,2.3862660944206007
857,407,1264,2.1056511056511056
1283,379,1662,3.3852242744063323
1695,293,1988,5.784982935153583
2017,272,2289,7.415441176470588
2306,392,2698,5.88265306122449
2715,858,3573,3.164335664335664
3612,761,4373,4.746386333771354
4382,810,5192,5.409876543209877
5208,97,5305,53.69072164948454
5309,922,6231,5.758134490238612
6243,662,6905,9.430513595166165
664,654,1318,1.0152905198776758
1385,461,1846,3.004338394793926
1858,474,2332,3.919831223628692
554,696,1250,0.7959770114942529
1324,328,1652,4.036585365853658
1748,842,2590,2.0760095011876483
2593,84,2677,30.86904761904762
41,790,831,0.0518987341772151
858,443,1301,1.9367945823927768
1326,414,1740,3.2028985507246377
1763,412,2175,4.279126213592233
2196,449,2645,4.89086859688196
2711,390,3101,6.951282051282052
3118,576,3694,5.413194444444445
3801,547,4348,6.948811700182816
4384,461,4845,9.509761388286334
4913,958,5871,5.12839248434238
5886,493,6379,11.939148073022311
6395,343,6738,18.644314868804663
6752,678,7430,9.958702064896755
106,22,128,4.818181818181818
233,330,563,0.706060606060606
576,225,801,2.56
842,341,1183,2.469208211143695
1192,244,1436,4.885245901639344
1700,322,2022,5.279503105590062
2029,312,2341,6.503205128205129
2344,309,2653,7.585760517799352
2666,89,2755,29.95505617977528
2762,13,2775,212.46153846153845
14,191,205,0.0732984293193717
229,136,365,1.6838235294117647
145,105,250,1.380952380952381
253,89,342,2.842696629213483
345,67,412,5.149253731343284
415,79,494,5.253164556962025
497,74,571,6.716216216216216
574,173,747,3.3179190751445087
766,115,881,6.660869565217391
884,50,934,17.68
949,90,1039,10.544444444444444
1042,65,1107,16.03076923076923
1129,96,1225,11.760416666666666
1228,53,1281,23.16981132075472
1295,87,1382,14.885057471264368
1385,48,1433,28.854166666666668
1435,75,1510,19.133333333333333
1521,87,1608,17.482758620689655
1631,215,1846,7.586046511627907
1871,135,2006,13.85925925925926
2024,288,2312,7.027777777777778
13,715,728,0.0181818181818181
755,560,1315,1.3482142857142858
3474,584,4058,5.948630136986301
6,93,99,0.064516129032258
133,403,536,0.3300248138957816
351,603,954,0.582089552238806
967,590,1557,1.6389830508474577
1575,689,2264,2.285921625544267
3364,567,3931,5.932980599647267
3948,843,4791,4.683274021352313
87,906,993,0.0960264900662251
897,279,1176,3.21505376344086
2343,245,2588,9.56326530612245
3599,311,3910,11.572347266881028
4452,481,4933,9.255717255717256
4983,652,5635,7.642638036809816
6008,336,6344,17.88095238095238
7194,707,7901,10.175388967468177
1392,900,2292,1.5466666666666666
2398,813,3211,2.949569495694957
30,745,775,0.0402684563758389
83,988,1071,0.0840080971659919
1079,500,1579,2.158
191,586,777,0.325938566552901
810,767,1577,1.0560625814863105
1624,726,2350,2.236914600550964
2398,947,3345,2.53220696937698
3475,892,4367,3.895739910313901
4388,440,4828,9.972727272727273
4864,436,5300,11.155963302752294
36,802,838,0.0448877805486284
90,781,871,0.115236875800256
882,485,1367,1.818556701030928
3,16,19,0.1875
29,44,73,0.6590909090909091
82,70,152,1.1714285714285717
710,505,1215,1.405940594059406
1218,223,1441,5.461883408071749
1444,492,1936,2.934959349593496
1986,105,2091,18.914285714285715
2677,874,3551,3.062929061784897
60,52,112,1.1538461538461535
118,96,214,1.2291666666666667
223,215,438,1.0372093023255815
444,276,720,1.608695652173913
727,278,1005,2.615107913669065
1012,195,1207,5.18974358974359
1222,387,1609,3.157622739018088
1621,467,2088,3.4710920770877944
2112,563,2675,3.751332149200711
29,523,552,0.0554493307839388
601,751,1352,0.800266311584554
1377,668,2045,2.061377245508982
2067,452,2519,4.573008849557522
2545,600,3145,4.241666666666666
301,55,356,5.472727272727273
374,76,450,4.921052631578948
459,70,529,6.557142857142857
538,73,611,7.36986301369863
620,78,698,7.948717948717949
706,73,779,9.67123287671233
787,89,876,8.842696629213483
985,72,1057,13.680555555555555
1066,79,1145,13.49367088607595
1169,79,1248,14.79746835443038
1256,73,1329,17.205479452054796
1337,70,1407,19.1
1415,73,1488,19.383561643835616
1496,73,1569,20.493150684931507
1577,73,1650,21.6027397260274
1658,89,1747,18.629213483146067
126,596,722,0.2114093959731543
743,307,1050,2.420195439739414
1077,627,1704,1.7177033492822966
1715,589,2304,2.9117147707979627
2332,778,3110,2.9974293059125965
3116,49,3165,63.59183673469388
15,191,206,0.0785340314136125
43,429,472,0.1002331002331002
491,458,949,1.0720524017467248
374,1001,1375,0.3736263736263736
1402,931,2333,1.505907626208378
114,32,146,3.5625
818,304,1122,2.6907894736842106
1154,275,1429,4.196363636363636
1656,351,2007,4.717948717948718
2019,28,2047,72.10714285714286
2668,404,3072,6.603960396039604
3092,393,3485,7.867684478371501
3510,468,3978,7.5
4021,431,4452,9.329466357308585
4479,416,4895,10.766826923076923
5198,442,5640,11.760180995475114
5689,495,6184,11.492929292929292
6198,49,6247,126.48979591836736
10,265,275,0.0377358490566037
689,764,1453,0.9018324607329844
2142,82,2224,26.121951219512194
2533,391,2924,6.478260869565218
2963,160,3123,18.51875
3134,440,3574,7.122727272727273
4158,30,4188,138.6
4222,751,4973,5.621837549933422
4990,488,5478,10.225409836065571
5487,632,6119,8.681962025316455
6134,938,7072,6.539445628997868
7083,187,7270,37.87700534759358
21,631,652,0.0332805071315372
687,588,1275,1.1683673469387754
1355,569,1924,2.381370826010545
1951,710,2661,2.747887323943662
2684,505,3189,5.314851485148515
19,456,475,0.0416666666666666
520,440,960,1.181818181818182
102,389,491,0.2622107969151671
13,370,383,0.0351351351351351
403,8,411,50.375
417,302,719,1.380794701986755
733,106,839,6.915094339622642
846,372,1218,2.274193548387097
1221,299,1520,4.083612040133779
617,4,621,154.25
1211,529,1740,2.2892249527410207
1822,308,2130,5.915584415584416
2178,75,2253,29.04
2424,443,2867,5.471783295711061
55,509,564,0.1080550098231827
648,510,1158,1.2705882352941176
60,73,133,0.821917808219178
556,547,1103,1.016453382084095
32,61,93,0.5245901639344263
133,515,648,0.258252427184466
730,661,1391,1.1043872919818456
2576,954,3530,2.70020964360587
3545,518,4063,6.843629343629344
4086,198,4284,20.63636363636364
4305,989,5294,4.3528816986855405
5316,340,5656,15.635294117647058
5713,175,5888,32.645714285714284
5950,616,6566,9.659090909090908
6594,483,7077,13.652173913043478
7108,501,7609,14.187624750499
7622,434,8056,17.56221198156682
24,636,660,0.0377358490566037
691,687,1378,1.0058224163027656
1408,582,1990,2.419243986254296
2006,240,2246,8.358333333333333
2272,532,2804,4.270676691729324
2826,740,3566,3.818918918918919
3574,390,3964,9.164102564102564
3987,274,4261,14.55109489051095
5059,305,5364,16.58688524590164
5383,137,5520,39.29197080291971
6170,85,6255,72.58823529411765
6272,130,6402,48.246153846153845
6453,225,6678,28.68
6698,229,6927,29.24890829694323
6963,183,7146,38.04918032786885
7174,170,7344,42.2
7360,179,7539,41.11731843575419
9,610,619,0.0147540983606557
639,607,1246,1.0527182866556837
1257,429,1686,2.93006993006993
3997,533,4530,7.49906191369606
7439,480,7919,15.497916666666669
47,405,452,0.1160493827160493
72,147,219,0.4897959183673469
226,80,306,2.825
312,194,506,1.6082474226804124
1381,189,1570,7.306878306878307
1594,202,1796,7.891089108910891
144,466,610,0.3090128755364807
645,411,1056,1.5693430656934306
125,446,571,0.2802690582959641
43,861,904,0.0499419279907084
922,724,1646,1.2734806629834254
72,79,151,0.9113924050632912
904,363,1267,2.490358126721763
1287,65,1352,19.8
3034,351,3385,8.643874643874645
3404,53,3457,64.22641509433963
12,267,279,0.0449438202247191
306,413,719,0.7409200968523002
774,439,1213,1.7630979498861048
1255,557,1812,2.253141831238779
1874,422,2296,4.440758293838862
2320,780,3100,2.9743589743589745
3143,596,3739,5.273489932885906
3801,545,4346,6.9743119266055045
4370,427,4797,10.234192037470724
4843,229,5072,21.148471615720524
25,565,590,0.0442477876106194
606,380,986,1.5947368421052632
991,440,1431,2.2522727272727274
84,709,793,0.1184767277856135
934,471,1405,1.9830148619957535
1408,452,1860,3.1150442477876106
2052,582,2634,3.525773195876289
2741,596,3337,4.598993288590604
3450,427,3877,8.079625292740047
3880,308,4188,12.597402597402596
4290,630,4920,6.809523809523809
5022,640,5662,7.846875
5760,645,6405,8.930232558139535
6490,555,7045,11.693693693693694
7156,617,7773,11.59805510534846
41,855,896,0.047953216374269
909,11,920,82.63636363636364
1546,766,2312,2.0182767624020888
172,403,575,0.4267990074441687
34,290,324,0.1172413793103448
356,620,976,0.5741935483870968
1004,583,1587,1.7221269296740995
31,769,800,0.0403120936280884
812,240,1052,3.3833333333333333
1071,574,1645,1.8658536585365852
85,58,143,1.4655172413793105
2480,904,3384,2.743362831858407
3396,592,3988,5.736486486486487
4003,634,4637,6.313880126182966
5198,1021,6219,5.091087169441724
180,364,544,0.4945054945054945
546,84,630,6.5
644,163,807,3.950920245398773
822,165,987,4.9818181818181815
1011,377,1388,2.6816976127320955
17,393,410,0.0432569974554707
422,529,951,0.7977315689981096
962,584,1546,1.6472602739726028
418,56,474,7.464285714285714
512,365,877,1.4027397260273973
927,403,1330,2.300248138957816
1352,380,1732,3.557894736842105
233,822,1055,0.2834549878345498
1073,503,1576,2.1332007952286283
1595,430,2025,3.7093023255813953
2041,642,2683,3.1791277258566977
3742,571,4313,6.553415061295972
67,831,898,0.0806257521058965
946,926,1872,1.0215982721382288
1916,718,2634,2.668523676880223
4000,918,4918,4.357298474945534
4938,898,5836,5.498886414253898
33,565,598,0.0584070796460177
72,318,390,0.2264150943396226
405,287,692,1.411149825783972
707,249,956,2.8393574297188757
1078,323,1401,3.337461300309597
1416,311,1727,4.553054662379421
1799,322,2121,5.586956521739131
2136,342,2478,6.245614035087719
2493,94,2587,26.52127659574468
2847,275,3122,10.352727272727272
3137,270,3407,11.61851851851852
3489,242,3731,14.417355371900827
3741,320,4061,11.690625
4322,162,4484,26.679012345679013
4532,147,4679,30.829931972789115
5113,329,5442,15.541033434650457
5452,204,5656,26.725490196078432
5910,292,6202,20.23972602739726
6212,163,6375,38.11042944785276
6409,50,6459,128.18
6620,289,6909,22.906574394463668
6919,146,7065,47.39041095890411
7161,303,7464,23.633663366336634
7626,304,7930,25.085526315789476
50,971,1021,0.0514933058702368
1035,987,2022,1.0486322188449848
17,402,419,0.0422885572139303
435,482,917,0.9024896265560166
932,502,1434,1.8565737051792828
1445,548,1993,2.636861313868613
2014,624,2638,3.227564102564102
1192,418,1610,2.851674641148325
1652,485,2137,3.406185567010309
2230,703,2933,3.1721194879089616
4046,1021,5067,3.962781586679726
5088,1000,6088,5.088
6118,1019,7137,6.003925417075564
36,322,358,0.1118012422360248
369,214,583,1.7242990654205608
5,26,31,0.1923076923076923
90,786,876,0.1145038167938931
893,967,1860,0.9234746639089968
1915,529,2444,3.620037807183365
2471,386,2857,6.401554404145077
2891,417,3308,6.932853717026379
90,747,837,0.1204819277108433
355,916,1271,0.3875545851528384
19,332,351,0.0572289156626506
409,1017,1426,0.4021632251720747
1528,728,2256,2.098901098901099
2389,624,3013,3.828525641025641
1190,534,1724,2.2284644194756558
3539,2,3541,1769.5
3602,256,3858,14.0703125
3931,278,4209,14.140287769784171
4281,8,4289,535.125
4366,199,4565,21.939698492462316
4638,8,4646,579.75
4711,211,4922,22.32701421800948
24,973,997,0.0246659815005138
56,699,755,0.0801144492131616
2782,366,3148,7.601092896174864
17,852,869,0.0199530516431924
902,20,922,45.1
91,113,204,0.8053097345132744
321,513,834,0.6257309941520468
871,513,1384,1.6978557504873295
419,623,1042,0.6725521669341894
1059,616,1675,1.719155844155844
1701,536,2237,3.173507462686567
2279,636,2915,3.583333333333333
2950,584,3534,5.051369863013699
3566,537,4103,6.640595903165735
4131,496,4627,8.328629032258064
4657,616,5273,7.560064935064935
5287,378,5665,13.986772486772487
5670,562,6232,10.088967971530248
6281,502,6783,12.51195219123506
6799,483,7282,14.076604554865424
7332,610,7942,12.01967213114754
17,30,47,0.5666666666666667
204,309,513,0.6601941747572816
548,305,853,1.79672131147541
860,343,1203,2.507288629737609
1241,313,1554,3.9648562300319488
1564,377,1941,4.148541114058356
198,533,731,0.3714821763602251
149,1010,1159,0.1475247524752475
10,829,839,0.0120627261761158
876,676,1552,1.2958579881656804
1560,980,2540,1.5918367346938775
2632,343,2975,7.673469387755102
3011,541,3552,5.565619223659889
3569,982,4551,3.634419551934827
4560,614,5174,7.426710097719869
5205,959,6164,5.427528675703858
6189,831,7020,7.447653429602888
7040,809,7849,8.702101359703338
262,115,377,2.2782608695652176
997,83,1080,12.012048192771084
1086,121,1207,8.975206611570249
1213,311,1524,3.90032154340836
1530,463,1993,3.304535637149028
1999,530,2529,3.771698113207547
2535,880,3415,2.8806818181818183
3421,836,4257,4.092105263157895
4263,436,4699,9.777522935779816
4705,725,5430,6.489655172413793
5436,1004,6440,5.414342629482071
6451,407,6858,15.85012285012285
6864,298,7162,23.033557046979865
38,250,288,0.152
555,330,885,1.681818181818182
906,243,1149,3.728395061728395
1165,371,1536,3.140161725067385
12,900,912,0.0133333333333333
914,858,1772,1.0652680652680653
1774,932,2706,1.9034334763948495
2708,883,3591,3.066817667044168
3604,861,4465,4.185830429732869
85,821,906,0.1035322777101096
916,996,1912,0.9196787148594378
2310,341,2651,6.774193548387097
2687,48,2735,55.97916666666666
2757,136,2893,20.272058823529413
2901,81,2982,35.81481481481482
2990,247,3237,12.105263157894736
3248,728,3976,4.461538461538462
4275,174,4449,24.56896551724138
4467,183,4650,24.40983606557377
4662,213,4875,21.88732394366197
4928,385,5313,12.8
5338,115,5453,46.417391304347824
5465,229,5694,23.8646288209607
5754,442,6196,13.018099547511312
6515,341,6856,19.10557184750733
7568,252,7820,30.03174603174603
96,700,796,0.1371428571428571
8,43,51,0.1860465116279069
60,349,409,0.1719197707736389
464,498,962,0.931726907630522
1025,285,1310,3.5964912280701755
1335,436,1771,3.061926605504587
1788,475,2263,3.7642105263157895
2347,513,2860,4.57504873294347
2933,428,3361,6.852803738317757
3397,464,3861,7.321120689655173
3980,456,4436,8.728070175438596
4515,596,5111,7.575503355704698
5147,196,5343,26.26020408163265
5387,262,5649,20.56106870229008
5674,194,5868,29.24742268041237
5901,680,6581,8.677941176470588
6582,48,6630,137.125
59,622,681,0.0948553054662379
714,644,1358,1.108695652173913
1428,669,2097,2.1345291479820627
2123,970,3093,2.188659793814433
3096,649,3745,4.770416024653313
3759,42,3801,89.5
30,759,789,0.0395256916996047
798,788,1586,1.012690355329949
26,614,640,0.0423452768729641
22,403,425,0.0545905707196029
510,981,1491,0.5198776758409785
1620,890,2510,1.820224719101124
2528,209,2737,12.095693779904304
2764,37,2801,74.70270270270271
40,435,475,0.0919540229885057
504,558,1062,0.9032258064516128
1082,517,1599,2.09284332688588
1617,480,2097,3.36875
2119,483,2602,4.387163561076605
3668,565,4233,6.4920353982300885
4258,983,5241,4.331637843336725
5261,335,5596,15.704477611940298
5619,649,6268,8.657935285053929
6364,757,7121,8.406869220607662
7152,560,7712,12.771428571428572
8,815,823,0.0098159509202454
119,804,923,0.1480099502487562
935,792,1727,1.1805555555555556
1739,817,2556,2.128518971848225
2568,293,2861,8.764505119453926
2985,763,3748,3.9121887287024895
3760,617,4377,6.094003241491086
4505,799,5304,5.638297872340425
5316,554,5870,9.5956678700361
6000,813,6813,7.380073800738008
6825,524,7349,13.024809160305344
21,456,477,0.0460526315789473
26,145,171,0.1793103448275862
17,342,359,0.0497076023391812
381,302,683,1.2615894039735098
725,164,889,4.420731707317073
926,141,1067,6.567375886524823
1113,234,1347,4.756410256410256
1363,333,1696,4.093093093093093
1778,226,2004,7.867256637168142
358,232,590,1.543103448275862
600,143,743,4.195804195804196
750,97,847,7.731958762886598
857,126,983,6.801587301587301
994,95,1089,10.463157894736842
1100,115,1215,9.565217391304348
1224,163,1387,7.50920245398773
1398,133,1531,10.51127819548872
1542,156,1698,9.884615384615383
1706,105,1811,16.247619047619047
1819,141,1960,12.900709219858156
1972,139,2111,14.18705035971223
2122,129,2251,16.449612403100776
161,47,208,3.425531914893617
215,29,244,7.413793103448276
623,231,854,2.696969696969697
1025,121,1146,8.47107438016529
1171,79,1250,14.822784810126585
1263,144,1407,8.770833333333334
1419,209,1628,6.789473684210527
1654,385,2039,4.296103896103896
2058,413,2471,4.983050847457627
2495,390,2885,6.397435897435898
2890,131,3021,22.06106870229008
3060,406,3466,7.536945812807882
3484,349,3833,9.982808022922637
3882,104,3986,37.32692307692308
4081,258,4339,15.817829457364342
4404,444,4848,9.91891891891892
4895,539,5434,9.081632653061224
5470,680,6150,8.044117647058824
6173,636,6809,9.705974842767295
6850,781,7631,8.770806658130601
7652,250,7902,30.608
39,383,422,0.1018276762402088
458,438,896,1.0456621004566211
146,100,246,1.46
78,620,698,0.1258064516129032
795,565,1360,1.407079646017699
499,556,1055,0.8974820143884892
592,626,1218,0.9456869009584664
23,318,341,0.0723270440251572
26,73,99,0.3561643835616438
115,71,186,1.619718309859155
209,57,266,3.6666666666666665
537,705,1242,0.7617021276595745
1730,737,2467,2.3473541383989147
2521,754,3275,3.343501326259947
3315,621,3936,5.338164251207729
2019,397,2416,5.085642317380352
2473,449,2922,5.507795100222717
2981,332,3313,8.978915662650602
3820,389,4209,9.820051413881748
4211,309,4520,13.627831715210355
4581,368,4949,12.44836956521739
5003,418,5421,11.9688995215311
6005,409,6414,14.682151589242054
6461,364,6825,17.75
6889,428,7317,16.095794392523363
7319,328,7647,22.3140243902439
7722,358,8080,21.56983240223464
20,606,626,0.033003300330033
631,619,1250,1.0193861066235863
1266,464,1730,2.728448275862069
1738,472,2210,3.6822033898305087
2256,50,2306,45.12
2312,315,2627,7.339682539682539
2693,227,2920,11.863436123348018
2928,146,3074,20.054794520547944
2762,4,2766,690.5
2823,177,3000,15.94915254237288
3072,268,3340,11.462686567164178
3357,436,3793,7.699541284403669
79,531,610,0.1487758945386064
671,273,944,2.457875457875458
983,384,1367,2.559895833333333
1705,480,2185,3.552083333333333
2270,373,2643,6.085790884718499
2687,305,2992,8.809836065573771
20,478,498,0.0418410041841004
549,351,900,1.564102564102564
241,608,849,0.3963815789473684
922,300,1222,3.0733333333333333
1224,379,1603,3.229551451187335
1658,564,2222,2.9397163120567376
2236,618,2854,3.618122977346278
3087,664,3751,4.649096385542169
3804,692,4496,5.497109826589595
4507,738,5245,6.107046070460704
5277,732,6009,7.209016393442623
6027,661,6688,9.118003025718608
6720,805,7525,8.347826086956522
98,803,901,0.1220423412204234
27,580,607,0.046551724137931
616,536,1152,1.1492537313432836
1163,558,1721,2.084229390681004
1751,570,2321,3.0719298245614035
2327,766,3093,3.037859007832898
3163,811,3974,3.900123304562269
3984,771,4755,5.167315175097277
4792,50,4842,95.84
4849,548,5397,8.848540145985401
5413,46,5459,117.67391304347828
5479,297,5776,18.447811447811446
5785,223,6008,25.94170403587444
41,647,688,0.0633693972179289
699,831,1530,0.8411552346570397
1545,983,2528,1.5717192268565616
2555,576,3131,4.435763888888889
3147,374,3521,8.414438502673796
3537,639,4176,5.535211267605634
4223,346,4569,12.205202312138727
4619,241,4860,19.16597510373444
4956,956,5912,5.184100418410042
7007,331,7338,21.169184290030213
7385,220,7605,33.56818181818182
7651,200,7851,38.255
16,598,614,0.0267558528428093
630,569,1199,1.1072056239015815
911,218,1129,4.178899082568807
134,526,660,0.2547528517110266
710,399,1109,1.7794486215538847
34,34,68,1.0
112,790,902,0.1417721518987341
921,422,1343,2.1824644549763037
1362,609,1971,2.2364532019704435
1990,547,2537,3.6380255941499087
23,814,837,0.0282555282555282
1403,947,2350,1.4815205913410772
4692,981,5673,4.782874617737003
5789,954,6743,6.068134171907757
6795,953,7748,7.130115424973767
51,225,276,0.2266666666666666
424,313,737,1.354632587859425
760,33,793,23.03030303030303
801,224,1025,3.575892857142857
1074,163,1237,6.588957055214724
1286,139,1425,9.251798561151078
1870,655,2525,2.854961832061069
2567,728,3295,3.526098901098901
3310,134,3444,24.70149253731343
3479,930,4409,3.7408602150537633
4433,144,4577,30.78472222222222
535,290,825,1.8448275862068968
434,939,1373,0.4621938232161874
1401,657,2058,2.132420091324201
31,631,662,0.0491283676703645
1180,1022,2202,1.1545988258317026
2232,941,3173,2.3719447396386824
7398,587,7985,12.603066439522998
35,686,721,0.0510204081632653
744,658,1402,1.1306990881458967
1413,601,2014,2.35108153078203
83,193,276,0.4300518134715025
411,469,880,0.8763326226012793
881,360,1241,2.4472222222222224
1242,341,1583,3.642228739002933
1584,371,1955,4.269541778975741
1956,356,2312,5.49438202247191
2313,406,2719,5.697044334975369
2720,314,3034,8.662420382165605
1159,817,1976,1.4186046511627908
34,340,374,0.1
381,366,747,1.040983606557377
64,654,718,0.0978593272171253
747,685,1432,1.0905109489051097
1475,774,2249,1.905684754521964
2320,847,3167,2.739079102715466
411,161,572,2.5527950310559007
591,92,683,6.423913043478261
701,147,848,4.7687074829931975
863,372,1235,2.3198924731182795
1250,93,1343,13.440860215053764
1364,36,1400,37.888888888888886
1425,25,1450,57.0
22,770,792,0.0285714285714285
1906,819,2725,2.3272283272283274
2744,619,3363,4.432956381260097
32,872,904,0.036697247706422
1427,331,1758,4.311178247734139
1764,824,2588,2.1407766990291264
12,556,568,0.0215827338129496
579,276,855,2.097826086956522
26,538,564,0.0483271375464684
20,286,306,0.0699300699300699
342,999,1341,0.3423423423423423
1365,465,1830,2.935483870967742
1855,421,2276,4.406175771971497
2313,955,3268,2.4219895287958115
3308,958,4266,3.453027139874739
4347,961,5308,4.523413111342352
5328,364,5692,14.637362637362637
5712,419,6131,13.632458233890215
8,43,51,0.1860465116279069
60,221,281,0.2714932126696832
284,25,309,11.36
79,134,213,0.5895522388059702
253,115,368,2.2
262,308,570,0.8506493506493507
586,98,684,5.979591836734694
704,339,1043,2.0766961651917404
802,748,1550,1.072192513368984
246,573,819,0.4293193717277487
999,681,1680,1.4669603524229076
1744,832,2576,2.0961538461538463
2607,801,3408,3.254681647940075
3554,776,4330,4.579896907216495
4369,603,4972,7.245439469320066
106,583,689,0.1818181818181818
721,571,1292,1.2626970227670753
1303,568,1871,2.2940140845070425
1888,569,2457,3.3181019332161688
98,368,466,0.266304347826087
485,198,683,2.4494949494949494
26,183,209,0.1420765027322404
222,268,490,0.8283582089552238
504,355,859,1.419718309859155
870,227,1097,3.8325991189427313
53,877,930,0.0604332953249714
273,868,1141,0.314516129032258
1421,818,2239,1.7371638141809291
2249,64,2313,35.140625
3547,907,4454,3.910694597574421
4467,720,5187,6.204166666666667
5197,57,5254,91.17543859649123
5257,56,5313,93.875
5330,64,5394,83.28125
5432,30,5462,181.06666666666663
5550,89,5639,62.35955056179776
6052,823,6875,7.353584447144593
6881,530,7411,12.983018867924528
222,970,1192,0.2288659793814433
1210,921,2131,1.3137893593919652
2161,976,3137,2.214139344262295
3624,631,4255,5.743264659270999
4681,776,5457,6.032216494845361
6610,361,6971,18.310249307479225
7152,309,7461,23.145631067961165
7471,85,7556,87.89411764705882
7567,329,7896,23.0
87,801,888,0.1086142322097378
912,640,1552,1.425
1566,423,1989,3.702127659574468
2002,429,2431,4.666666666666667
2449,526,2975,4.655893536121673
2988,580,3568,5.151724137931034
3582,480,4062,7.4625
4103,588,4691,6.977891156462585
60,375,435,0.16
49,118,167,0.4152542372881356
1723,416,2139,4.141826923076923
2170,179,2349,12.12290502793296
2358,328,2686,7.189024390243903
2723,109,2832,24.98165137614679
2865,353,3218,8.11614730878187
3235,178,3413,18.174157303370787
3426,229,3655,14.960698689956333
3682,381,4063,9.664041994750656
4071,189,4260,21.53968253968254
4278,259,4537,16.517374517374517
4553,228,4781,19.969298245614038
4798,233,5031,20.59227467811159
5039,258,5297,19.531007751937985
5321,164,5485,32.44512195121951
5494,228,5722,24.09649122807017
5732,249,5981,23.02008032128514
5997,320,6317,18.740625
6358,328,6686,19.384146341463413
6701,414,7115,16.185990338164252
7148,274,7422,26.087591240875916
7435,272,7707,27.334558823529413
7741,260,8001,29.773076923076925
49,436,485,0.1123853211009174
573,731,1304,0.7838577291381669
2407,571,2978,4.215411558669002
2988,350,3338,8.537142857142857
4501,259,4760,17.37837837837838
4795,834,5629,5.749400479616307
5684,703,6387,8.085348506401138
7537,54,7591,139.57407407407408
27,79,106,0.3417721518987341
140,414,554,0.3381642512077294
594,340,934,1.7470588235294118
1024,541,1565,1.8927911275415896
1611,806,2417,1.998759305210918
82,435,517,0.1885057471264367
920,204,1124,4.509803921568627
1145,352,1497,3.252840909090909
112,788,900,0.1421319796954314
190,11,201,17.272727272727273
17,41,58,0.4146341463414634
463,592,1055,0.7820945945945946
1093,600,1693,1.8216666666666668
1722,786,2508,2.1908396946564888
2529,107,2636,23.635514018691588
2664,237,2901,11.240506329113924
1,10,11,0.1
79,345,424,0.2289855072463768
449,398,847,1.128140703517588
869,369,1238,2.355013550135501
1258,425,1683,2.96
1712,247,1959,6.931174089068826
1975,232,2207,8.512931034482758
2219,6,2225,369.8333333333333
2251,414,2665,5.43719806763285
2815,254,3069,11.082677165354331
3171,96,3267,33.03125
3304,268,3572,12.328358208955224
3677,9,3686,408.55555555555554
4012,9,4021,445.77777777777777
4039,369,4408,10.94579945799458
4427,20,4447,221.35
4463,24,4487,185.95833333333331
4509,279,4788,16.161290322580644
4816,246,5062,19.577235772357724
5093,88,5181,57.875
5198,286,5484,18.174825174825173
5508,310,5818,17.767741935483873
5855,379,6234,15.448548812664908
6258,266,6524,23.526315789473685
6565,314,6879,20.90764331210191
6907,249,7156,27.73895582329317
7180,368,7548,19.51086956521739
7571,318,7889,23.80817610062893
48,635,683,0.0755905511811023
696,628,1324,1.10828025477707
1331,622,1953,2.139871382636656
1560,528,2088,2.9545454545454546
239,69,308,3.463768115942029
502,332,834,1.5120481927710845
1038,277,1315,3.747292418772563
1492,230,1722,6.48695652173913
1732,288,2020,6.013888888888889
2203,183,2386,12.03825136612022
2561,132,2693,19.401515151515152
84,106,190,0.7924528301886793
284,47,331,6.042553191489362
559,289,848,1.934256055363322
877,42,919,20.88095238095238
2896,907,3803,3.1929437706725468
3822,380,4202,10.057894736842105
4225,256,4481,16.50390625
4503,140,4643,32.16428571428571
4668,369,5037,12.65040650406504
5069,37,5106,137.0
5451,689,6140,7.911465892597968
6155,54,6209,113.98148148148148
6234,312,6546,19.98076923076923
6571,319,6890,20.598746081504704
6915,317,7232,21.81388012618297
7257,320,7577,22.678125
7608,278,7886,27.366906474820144
7896,37,7933,213.40540540540545
74,193,267,0.3834196891191709
269,371,640,0.7250673854447439
642,167,809,3.844311377245509
839,314,1153,2.671974522292994
1198,287,1485,4.174216027874564
1507,329,1836,4.580547112462006
1862,259,2121,7.1891891891891895
2134,288,2422,7.409722222222222
2465,185,2650,13.324324324324325
2652,164,2816,16.170731707317074
2818,160,2978,17.6125
2998,163,3161,18.392638036809817
3163,349,3512,9.063037249283669
3531,370,3901,9.543243243243245
3963,260,4223,15.242307692307692
4235,169,4404,25.05917159763313
25,505,530,0.0495049504950495
17,561,578,0.0303030303030303
598,595,1193,1.005042016806723
1234,705,1939,1.750354609929078
1995,831,2826,2.4007220216606497
2847,863,3710,3.298957126303592
36,496,532,0.0725806451612903
144,497,641,0.289738430583501
17,922,939,0.0184381778741865
3630,501,4131,7.245508982035928
4167,386,4553,10.795336787564766
925,273,1198,3.388278388278388
1212,340,1552,3.5647058823529414
1569,245,1814,6.404081632653061
450,465,915,0.967741935483871
1007,769,1776,1.3094928478543564
1807,806,2613,2.2419354838709675
2693,352,3045,7.650568181818182
3895,816,4711,4.77328431372549
4763,219,4982,21.748858447488583
5470,299,5769,18.294314381270905
7462,640,8102,11.659375
38,376,414,0.101063829787234
439,286,725,1.534965034965035
751,345,1096,2.1768115942028987
999,601,1600,1.6622296173044926
53,45,98,1.1777777777777778
113,38,151,2.973684210526316
885,411,1296,2.153284671532847
1596,167,1763,9.55688622754491
1973,139,2112,14.194244604316546
2359,131,2490,18.00763358778626
2711,148,2859,18.31756756756757
2860,40,2900,71.5
3540,379,3919,9.34036939313984
4080,148,4228,27.56756756756757
4381,146,4527,30.006849315068493
4686,101,4787,46.3960396039604
4987,131,5118,38.06870229007634
5814,47,5861,123.70212765957449
5981,18,5999,332.27777777777777
6010,245,6255,24.53061224489796
6966,398,7364,17.502512562814072
7374,30,7404,245.8
7550,129,7679,58.52713178294574
7712,35,7747,220.3428571428572
14,420,434,0.0333333333333333
454,527,981,0.8614800759013282
44,63,107,0.6984126984126984
181,850,1031,0.2129411764705882
2497,60,2557,41.61666666666667
4610,884,5494,5.214932126696833
5496,886,6382,6.203160270880361
6384,900,7284,7.093333333333334
1070,349,1419,3.0659025787965617
3648,267,3915,13.662921348314606
3938,269,4207,14.639405204460967
18,900,918,0.02
971,555,1526,1.7495495495495494
98,705,803,0.1390070921985815
828,502,1330,1.649402390438247
1351,751,2102,1.7989347536617843
2156,894,3050,2.411633109619687
3079,280,3359,10.996428571428572
3390,371,3761,9.137466307277627
32,372,404,0.086021505376344
809,130,939,6.223076923076923
2952,30,2982,98.4
2991,270,3261,11.077777777777778
3288,245,3533,13.420408163265304
3643,147,3790,24.782312925170068
3825,151,3976,25.33112582781457
6050,258,6308,23.449612403100776
6507,428,6935,15.203271028037385
6958,345,7303,20.168115942028987
7315,348,7663,21.020114942528732
1055,875,1930,1.2057142857142855
1969,825,2794,2.3866666666666667
2796,825,3621,3.389090909090909
101,133,234,0.7593984962406015
296,179,475,1.6536312849162011
490,224,714,2.1875
811,98,909,8.275510204081632
922,174,1096,5.298850574712644
284,590,874,0.4813559322033898
931,66,997,14.106060606060606
1072,316,1388,3.392405063291139
1398,265,1663,5.275471698113208
1671,276,1947,6.054347826086956
2047,340,2387,6.020588235294118
684,673,1357,1.0163447251114412
1505,662,2167,2.273413897280967
2243,654,2897,3.429663608562691
2973,588,3561,5.056122448979592
3637,643,4280,5.656298600311042
4356,654,5010,6.660550458715596
5130,578,5708,8.875432525951558
5828,718,6546,8.116991643454039
6666,716,7382,9.310055865921788
18,120,138,0.15
172,355,527,0.4845070422535211
658,532,1190,1.236842105263158
578,624,1202,0.9262820512820512
17,405,422,0.0419753086419753
436,422,858,1.033175355450237
882,424,1306,2.080188679245283
1318,334,1652,3.946107784431138
1735,412,2147,4.211165048543689
2203,362,2565,6.085635359116022
2591,378,2969,6.854497354497354
2992,375,3367,7.978666666666666
3421,405,3826,8.446913580246914
3835,592,4427,6.47804054054054
4467,543,5010,8.226519337016574
5027,512,5539,9.818359375
5585,536,6121,10.419776119402986
6155,496,6651,12.409274193548388
6685,529,7214,12.637051039697544
7274,472,7746,15.41101694915254
80,333,413,0.2402402402402402
462,655,1117,0.7053435114503817
1148,473,1621,2.427061310782241
1650,801,2451,2.059925093632959
2168,193,2361,11.23316062176166
2390,571,2961,4.185639229422066
3041,989,4030,3.0748230535894843
4033,725,4758,5.562758620689655
4795,268,5063,17.89179104477612
11,727,738,0.015130674002751
164,87,251,1.885057471264368
261,144,405,1.8125
426,111,537,3.8378378378378377
576,86,662,6.697674418604652
686,86,772,7.976744186046512
792,129,921,6.1395348837209305
928,122,1050,7.60655737704918
110,428,538,0.2570093457943925
23,636,659,0.0361635220125786
148,484,632,0.3057851239669421
643,692,1335,0.9291907514450868
14,858,872,0.0163170163170163
891,383,1274,2.3263707571801566
1277,257,1534,4.968871595330739
1554,392,1946,3.9642857142857135
1949,152,2101,12.822368421052632
2172,467,2639,4.650963597430406
2642,292,2934,9.047945205479452
2958,388,3346,7.623711340206185
3366,354,3720,9.508474576271189
3757,363,4120,10.349862258953168
47,919,966,0.0511425462459194
969,155,1124,6.251612903225807
1266,668,1934,1.8952095808383236
2123,786,2909,2.7010178117048347
3071,709,3780,4.331452750352609
3991,730,4721,5.467123287671233
4893,711,5604,6.881856540084388
5762,724,6486,7.958563535911602
6567,871,7438,7.539609644087256
7441,92,7533,80.8804347826087
116,397,513,0.2921914357682619
515,352,867,1.463068181818182
869,302,1171,2.877483443708609
1182,227,1409,5.20704845814978
1491,351,1842,4.247863247863248
1865,517,2382,3.607350096711799
2412,403,2815,5.9851116625310175
43,165,208,0.2606060606060606
256,125,381,2.048
417,42,459,9.928571428571429
508,220,728,2.309090909090909
766,379,1145,2.021108179419525
1255,541,1796,2.319778188539741
2016,488,2504,4.131147540983607
2681,540,3221,4.964814814814815
3405,474,3879,7.1835443037974684
3961,602,4563,6.579734219269103
86,912,998,0.094298245614035
575,74,649,7.77027027027027
908,516,1424,1.7596899224806202
199,323,522,0.6160990712074303
840,432,1272,1.9444444444444444
1422,467,1889,3.044967880085653
1984,166,2150,11.951807228915662
2181,653,2834,3.339969372128637
2915,817,3732,3.567931456548348
3780,580,4360,6.517241379310345
4489,435,4924,10.319540229885057
5057,644,5701,7.85248447204969
5856,588,6444,9.959183673469388
85,59,144,1.4406779661016949
1685,402,2087,4.191542288557214
20,537,557,0.037243947858473
599,583,1182,1.0274442538593482
1234,894,2128,1.3803131991051454
2130,291,2421,7.319587628865979
2475,677,3152,3.655834564254062
3203,687,3890,4.662299854439593
3948,756,4704,5.222222222222222
4771,796,5567,5.993718592964824
5624,593,6217,9.483979763912313
83,850,933,0.0976470588235294
1019,1021,2040,0.9980411361410382
2216,807,3023,2.745972738537794
3120,853,3973,3.65767878077374
4115,849,4964,4.846878680800942
5349,877,6226,6.099201824401368
6308,880,7188,7.168181818181818
7212,148,7360,48.729729729729726
1215,306,1521,3.9705882352941178
130,346,476,0.3757225433526011
481,383,864,1.2558746736292428
867,317,1184,2.7350157728706623
1203,220,1423,5.468181818181818
168,209,377,0.8038277511961722
488,270,758,1.8074074074074076
904,758,1662,1.1926121372031662
54,948,1002,0.0569620253164556
50,476,526,0.1050420168067226
562,338,900,1.6627218934911243
942,309,1251,3.0485436893203883
1375,719,2094,1.9123783031988872
2154,98,2252,21.97959183673469
2349,797,3146,2.9473023839397743
3195,766,3961,4.171018276762402
4128,830,4958,4.973493975903614
5110,922,6032,5.542299349240781
6183,955,7138,6.47434554973822
7164,365,7529,19.627397260273973
10,411,421,0.024330900243309
444,597,1041,0.7437185929648241
1071,691,1762,1.5499276410998553
1788,743,2531,2.4064602960969044
2535,451,2986,5.6208425720620845
3017,742,3759,4.066037735849057
3763,555,4318,6.78018018018018
4386,763,5149,5.748361730013106
5153,492,5645,10.473577235772357
5671,790,6461,7.178481012658228
6465,637,7102,10.149136577708006
47,39,86,1.205128205128205
93,127,220,0.7322834645669292
59,271,330,0.2177121771217712
353,303,656,1.165016501650165
686,295,981,2.3254237288135595
1032,325,1357,3.1753846153846155
89,688,777,0.129360465116279
841,552,1393,1.5235507246376812
1436,166,1602,8.650602409638553
1631,106,1737,15.38679245283019
1776,266,2042,6.676691729323308
2083,444,2527,4.691441441441442
2591,179,2770,14.474860335195531
2896,317,3213,9.13564668769716
3308,264,3572,12.530303030303031
3631,438,4069,8.289954337899543
4119,229,4348,17.986899563318776
4359,82,4441,53.15853658536585
4504,388,4892,11.608247422680412
4921,89,5010,55.29213483146067
5046,142,5188,35.53521126760563
5217,393,5610,13.274809160305344
5654,116,5770,48.741379310344826
1286,981,2267,1.3109072375127422
2275,489,2764,4.652351738241308
4124,814,4938,5.066339066339066
5295,809,6104,6.545117428924598
6394,973,7367,6.571428571428571
34,34,68,1.0
112,790,902,0.1417721518987341
921,422,1343,2.1824644549763037
1362,609,1971,2.2364532019704435
1990,547,2537,3.6380255941499087
15,570,585,0.0263157894736842
600,442,1042,1.3574660633484164
1063,674,1737,1.5771513353115727
1758,625,2383,2.8128
189,555,744,0.3405405405405405
771,274,1045,2.8138686131386863
1066,894,1960,1.192393736017897
1983,395,2378,5.020253164556962
2400,682,3082,3.5190615835777126
3162,512,3674,6.17578125
3690,346,4036,10.664739884393065
4077,398,4475,10.243718592964823
4487,933,5420,4.809217577706324
307,454,761,0.6762114537444934
777,593,1370,1.3102866779089375
1380,318,1698,4.339622641509434
1706,500,2206,3.412
2216,906,3122,2.445916114790287
3138,127,3265,24.708661417322837
3272,149,3421,21.95973154362416
3459,199,3658,17.381909547738694
17,698,715,0.0243553008595988
725,668,1393,1.0853293413173652
1406,760,2166,1.85
2177,814,2991,2.6744471744471743
3005,875,3880,3.434285714285714
3891,502,4393,7.750996015936255
4412,609,5021,7.244663382594417
5035,755,5790,6.66887417218543
5804,909,6713,6.385038503850385
6727,898,7625,7.491091314031181
80,582,662,0.1374570446735395
664,31,695,21.41935483870968
8,569,577,0.0140597539543057
593,848,1441,0.6992924528301887
1444,435,1879,3.3195402298850576
1881,501,2382,3.754491017964072
2384,664,3048,3.5903614457831323
3050,649,3699,4.699537750385208
3701,557,4258,6.644524236983842
23,843,866,0.0272835112692763
29,49,78,0.5918367346938775
91,38,129,2.3947368421052637
788,26,814,30.307692307692307
3184,265,3449,12.015094339622642
3485,186,3671,18.736559139784948
3695,641,4336,5.764430577223089
4364,779,5143,5.602053915275995
5170,791,5961,6.536030341340076
5992,22,6014,272.3636363636364
20,108,128,0.1851851851851851
141,65,206,2.169230769230769
314,960,1274,0.3270833333333333
1277,691,1968,1.8480463096960928
21,355,376,0.0591549295774647
390,445,835,0.8764044943820225
161,901,1062,0.1786903440621531
1069,454,1523,2.354625550660793
1560,264,1824,5.909090909090909
1847,374,2221,4.938502673796791
26,432,458,0.0601851851851851
472,430,902,1.0976744186046512
915,411,1326,2.2262773722627736
1329,390,1719,3.407692307692308
43,329,372,0.1306990881458966
380,476,856,0.7983193277310925
864,461,1325,1.8741865509761388
25,536,561,0.0466417910447761
570,481,1051,1.185031185031185
1074,365,1439,2.9424657534246577
1448,51,1499,28.392156862745097
1515,118,1633,12.83898305084746
1646,125,1771,13.168
1792,145,1937,12.358620689655172
1951,195,2146,10.005128205128203
2151,149,2300,14.436241610738255
2315,150,2465,15.433333333333334
2480,182,2662,13.626373626373626
2704,198,2902,13.656565656565656
2920,210,3130,13.904761904761903
3139,238,3377,13.1890756302521
3421,217,3638,15.764976958525343
3656,377,4033,9.697612732095491
4047,463,4510,8.740820734341252
4522,268,4790,16.87313432835821
4823,219,5042,22.022831050228312
87,615,702,0.1414634146341463
845,702,1547,1.2037037037037035
1581,807,2388,1.9591078066914496
2409,499,2908,4.8276553106212425
2925,393,3318,7.442748091603053
3349,518,3867,6.4652509652509655
3890,544,4434,7.150735294117647
4453,733,5186,6.075034106412005
5208,385,5593,13.527272727272727
5624,110,5734,51.127272727272725
82,445,527,0.1842696629213483
542,339,881,1.59882005899705
900,743,1643,1.2113055181695829
9,831,840,0.0108303249097472
853,465,1318,1.8344086021505377
1328,888,2216,1.4954954954954955
2229,832,3061,2.6790865384615383
3104,983,4087,3.157680569684639
4098,802,4900,5.109725685785536
4914,978,5892,5.024539877300613
5910,668,6578,8.847305389221557
6591,684,7275,9.635964912280702
95,88,183,1.0795454545454546
217,70,287,3.1
305,121,426,2.520661157024793
218,337,555,0.6468842729970327
575,301,876,1.910299003322259
882,298,1180,2.959731543624161
1201,277,1478,4.335740072202166
1483,95,1578,15.610526315789471
1591,196,1787,8.11734693877551
1855,326,2181,5.690184049079755
4341,329,4670,13.19452887537994
4672,84,4756,55.61904761904762
4769,148,4917,32.222972972972975
5028,117,5145,42.97435897435897
6329,281,6610,22.523131672597867
7072,263,7335,26.88973384030418
7372,251,7623,29.37051792828685
7742,102,7844,75.90196078431373
23,97,120,0.2371134020618556
142,78,220,1.8205128205128205
238,178,416,1.3370786516853932
430,172,602,2.5
615,123,738,5.0
761,108,869,7.046296296296297
911,141,1052,6.460992907801418
1099,123,1222,8.934959349593496
1241,167,1408,7.431137724550898
52,689,741,0.0754716981132075
8,43,51,0.1860465116279069
60,349,409,0.1719197707736389
464,498,962,0.931726907630522
1025,285,1310,3.5964912280701755
1335,436,1771,3.061926605504587
1788,475,2263,3.7642105263157895
2347,513,2860,4.57504873294347
2933,428,3361,6.852803738317757
3397,464,3861,7.321120689655173
3980,456,4436,8.728070175438596
4515,596,5111,7.575503355704698
5147,196,5343,26.26020408163265
5387,262,5649,20.56106870229008
5652,29,5681,194.89655172413796
311,580,891,0.5362068965517242
905,532,1437,1.7011278195488722
38,733,771,0.0518417462482946
809,568,1377,1.4242957746478873
1389,927,2316,1.4983818770226538
2331,354,2685,6.584745762711864
2354,1001,3355,2.351648351648352
3357,346,3703,9.702312138728324
96,408,504,0.2352941176470588
525,293,818,1.7918088737201363
822,484,1306,1.6983471074380163
1312,353,1665,3.71671388101983
51,570,621,0.0894736842105263
124,943,1067,0.1314952279957582
1069,959,2028,1.1147028154327423
2039,302,2341,6.751655629139073
170,588,758,0.2891156462585034
800,367,1167,2.1798365122615806
592,102,694,5.803921568627451
739,4,743,184.75
807,741,1548,1.0890688259109311
1561,612,2173,2.5506535947712417
2262,894,3156,2.530201342281879
34,232,266,0.146551724137931
276,323,599,0.8544891640866873
618,311,929,1.9871382636655948
4064,55,4119,73.89090909090909
4129,617,4746,6.692058346839546
4886,503,5389,9.713717693836978
5522,440,5962,12.55
6013,168,6181,35.791666666666664
6204,110,6314,56.4
6326,530,6856,11.935849056603772
6885,342,7227,20.13157894736842
7378,327,7705,22.56269113149847
7715,291,8006,26.512027491408936
16,811,827,0.0197287299630086
878,962,1840,0.9126819126819128
1870,746,2616,2.506702412868633
2658,746,3404,3.5630026809651474
162,748,910,0.2165775401069518
111,190,301,0.5842105263157895
311,186,497,1.6720430107526882
517,136,653,3.801470588235294
102,450,552,0.2266666666666666
555,472,1027,1.1758474576271187
1036,424,1460,2.443396226415094
1463,447,1910,3.272930648769575
1913,221,2134,8.656108597285067
15,997,1012,0.0150451354062186
1022,360,1382,2.838888888888889
1398,721,2119,1.938973647711512
2251,349,2600,6.449856733524356
2626,512,3138,5.12890625
3155,321,3476,9.828660436137072
3490,682,4172,5.117302052785924
4197,685,4882,6.127007299270073
5032,930,5962,5.410752688172043
5970,853,6823,6.998827667057444
6869,684,7553,10.042397660818713
88,293,381,0.3003412969283277
391,231,622,1.6926406926406927
651,284,935,2.2922535211267605
980,306,1286,3.2026143790849675
1300,90,1390,14.444444444444445
1404,43,1447,32.65116279069768
1471,61,1532,24.114754098360656
1537,37,1574,41.54054054054054
1435,21,1456,68.33333333333333
1476,448,1924,3.294642857142857
1927,409,2336,4.711491442542787
2337,328,2665,7.125
2668,361,3029,7.390581717451523
3032,319,3351,9.504702194357368
3354,318,3672,10.547169811320757
3675,355,4030,10.352112676056338
4033,317,4350,12.722397476340694
4353,313,4666,13.9073482428115
4669,232,4901,20.125
4904,358,5262,13.69832402234637
5265,359,5624,14.665738161559888
5627,365,5992,15.416438356164385
5995,333,6328,18.003003003003002
6331,312,6643,20.291666666666668
6646,299,6945,22.22742474916388
6948,349,7297,19.908309455587396
7300,400,7700,18.25
7703,335,8038,22.99402985074627
82,396,478,0.207070707070707
60,508,568,0.1181102362204724
87,382,469,0.2277486910994764
472,752,1224,0.6276595744680851
1315,791,2106,1.6624525916561317
2117,867,2984,2.4417531718569783
3089,935,4024,3.3037433155080214
4027,456,4483,8.831140350877194
4500,975,5475,4.615384615384615
5486,460,5946,11.92608695652174
5961,453,6414,13.158940397350994
6426,359,6785,17.899721448467968
6796,480,7276,14.158333333333331
7296,258,7554,28.27906976744186
7574,266,7840,28.473684210526315
277,431,708,0.642691415313225
715,479,1194,1.4926931106471817
1197,438,1635,2.732876712328767
7,122,129,0.0573770491803278
277,555,832,0.4990990990990991
28,618,646,0.0453074433656957
655,463,1118,1.4146868250539957
1129,439,1568,2.571753986332574
1600,455,2055,3.5164835164835164
218,891,1109,0.244668911335578
1139,285,1424,3.996491228070176
148,150,298,0.9866666666666668
1761,451,2212,3.9046563192904657
2266,262,2528,8.648854961832061
7496,434,7930,17.27188940092166
85,66,151,1.2878787878787878
176,627,803,0.2807017543859649
881,409,1290,2.154034229828851
1354,331,1685,4.090634441087613
1755,166,1921,10.572289156626503
1999,619,2618,3.22940226171244
2672,288,2960,9.27777777777778
3018,400,3418,7.545
3492,365,3857,9.567123287671231
833,3,836,277.6666666666667
38,480,518,0.0791666666666666
55,404,459,0.1361386138613861
469,371,840,1.2641509433962264
854,435,1289,1.9632183908045977
1301,414,1715,3.142512077294686
1732,289,2021,5.993079584775087
2032,361,2393,5.628808864265928
2412,235,2647,10.263829787234044
2665,478,3143,5.575313807531381
3156,290,3446,10.882758620689655
3470,414,3884,8.381642512077295
28,625,653,0.0448
691,438,1129,1.5776255707762556
16,452,468,0.0353982300884955
30,917,947,0.0327153762268266
248,498,746,0.4979919678714859
296,500,796,0.592
3885,735,4620,5.285714285714286
4632,207,4839,22.3768115942029
4856,301,5157,16.132890365448507
5287,664,5951,7.962349397590361
6832,867,7699,7.880046136101499
88,707,795,0.1244695898161244
846,774,1620,1.0930232558139534
173,995,1168,0.1738693467336683
1209,511,1720,2.3659491193737767
1743,137,1880,12.722627737226276
1962,1000,2962,1.962
4113,66,4179,62.31818181818182
4250,946,5196,4.4926004228329806
5252,220,5472,23.87272727272727
5511,510,6021,10.805882352941175
6081,365,6446,16.660273972602738
6477,359,6836,18.04178272980501
6874,691,7565,9.947901591895803
7587,309,7896,24.553398058252423
103,451,554,0.2283813747228381
561,276,837,2.032608695652174
845,133,978,6.353383458646617
998,362,1360,2.7569060773480665
286,515,801,0.5553398058252427
863,459,1322,1.8801742919389977
1386,700,2086,1.98
2107,203,2310,10.379310344827584
2346,636,2982,3.688679245283019
3029,241,3270,12.568464730290456
3513,295,3808,11.908474576271187
4001,342,4343,11.698830409356724
4536,1015,5551,4.468965517241379
5631,279,5910,20.18279569892473
5961,293,6254,20.34470989761092
1086,648,1734,1.6759259259259258
49,435,484,0.1126436781609195
523,61,584,8.573770491803279
633,488,1121,1.2971311475409837
1680,57,1737,29.473684210526315
1783,465,2248,3.8344086021505377
2524,240,2764,10.516666666666667
2773,47,2820,59.0
43,70,113,0.6142857142857143
29,292,321,0.0993150684931506
526,81,607,6.493827160493828
708,512,1220,1.3828125
1276,606,1882,2.1056105610561056
1913,620,2533,3.085483870967742
2574,641,3215,4.015600624024961
15,541,556,0.0277264325323475
574,635,1209,0.9039370078740158
1242,615,1857,2.0195121951219512
1877,634,2511,2.9605678233438484
2593,717,3310,3.616457461645746
3482,731,4213,4.763337893296853
54,386,440,0.1398963730569948
55,730,785,0.0753424657534246
73,747,820,0.0977242302543507
847,486,1333,1.742798353909465
1360,637,1997,2.135007849293564
2041,628,2669,3.25
8,455,463,0.0175824175824175
479,630,1109,0.7603174603174603
1126,627,1753,1.79585326953748
98,598,696,0.1638795986622073
242,64,306,3.78125
2262,556,2818,4.068345323741007
2855,433,3288,6.593533487297922
3300,340,3640,9.705882352941176
33,627,660,0.0526315789473684
718,890,1608,0.8067415730337079
1634,729,2363,2.241426611796982
2380,667,3047,3.568215892053973
3065,712,3777,4.304775280898877
3797,52,3849,73.01923076923077
114,811,925,0.1405672009864365
970,706,1676,1.3739376770538243
107,331,438,0.323262839879154
453,293,746,1.546075085324232
799,316,1115,2.528481012658228
104,433,537,0.2401847575057736
541,211,752,2.5639810426540284
42,915,957,0.0459016393442622
960,504,1464,1.9047619047619049
1631,869,2500,1.8768699654775605
2521,731,3252,3.4487004103967167
3292,542,3834,6.07380073800738
3880,503,4383,7.713717693836978
4437,531,4968,8.35593220338983
2050,321,2371,6.386292834890965
65,770,835,0.0844155844155844
155,53,208,2.9245283018867925
382,852,1234,0.448356807511737
1247,780,2027,1.5987179487179488
165,807,972,0.2044609665427509
15,534,549,0.0280898876404494
560,662,1222,0.8459214501510574
2240,881,3121,2.542565266742338
3123,127,3250,24.590551181102363
3257,663,3920,4.912518853695325
4353,498,4851,8.740963855421686
6753,614,7367,10.998371335504888
27,436,463,0.0619266055045871
494,473,967,1.0443974630021142
8,132,140,0.0606060606060606
170,145,315,1.1724137931034482
333,226,559,1.4734513274336285
38,2,40,19.0
165,500,665,0.33
13,445,458,0.0292134831460674
480,212,692,2.2641509433962264
63,84,147,0.75
159,73,232,2.1780821917808217
246,200,446,1.23
461,156,617,2.9551282051282053
679,58,737,11.70689655172414
766,126,892,6.079365079365079
69,67,136,1.0298507462686568
1348,721,2069,1.869625520110957
2215,855,3070,2.590643274853801
3229,881,4110,3.665153234960272
4119,701,4820,5.875891583452211
4995,996,5991,5.015060240963855
6011,753,6764,7.98273572377158
6786,502,7288,13.51792828685259
7300,597,7897,12.22780569514238
100,101,201,0.99009900990099
1313,520,1833,2.525
1943,509,2452,3.817288801571709
2648,534,3182,4.9588014981273405
3287,521,3808,6.309021113243762
3901,394,4295,9.901015228426395
4400,343,4743,12.82798833819242
4800,290,5090,16.551724137931036
5187,179,5366,28.97765363128492
5405,305,5710,17.721311475409838
61,353,414,0.1728045325779036
416,417,833,0.9976019184652278
835,418,1253,1.9976076555023925
1255,383,1638,3.2767624020887727
1640,419,2059,3.9140811455847255
2061,369,2430,5.585365853658536
2432,222,2654,10.954954954954957
1441,45,1486,32.022222222222226
1501,60,1561,25.016666666666666
3310,968,4278,3.419421487603306
712,498,1210,1.429718875502008
1218,53,1271,22.9811320754717
99,14,113,7.071428571428571
1144,702,1846,1.6296296296296295
536,215,751,2.4930232558139536
1349,400,1749,3.3725
1778,315,2093,5.644444444444445
2107,300,2407,7.023333333333333
59,521,580,0.1132437619961612
8,41,49,0.1951219512195122
446,592,1038,0.7533783783783784
1067,600,1667,1.778333333333333
1688,786,2474,2.1475826972010177
42,719,761,0.0584144645340751
836,423,1259,1.9763593380614657
1273,421,1694,3.02375296912114
1708,389,2097,4.390745501285347
10,35,45,0.2857142857142857
187,802,989,0.2331670822942643
991,218,1209,4.545871559633028
1240,124,1364,10.0
3530,617,4147,5.721231766612642
4171,566,4737,7.369257950530035
5988,496,6484,12.07258064516129
6552,233,6785,28.120171673819744
6903,338,7241,20.423076923076923
7289,458,7747,15.914847161572052
61,784,845,0.0778061224489796
848,65,913,13.046153846153846
1290,544,1834,2.3713235294117645
1879,336,2215,5.592261904761905
2266,396,2662,5.722222222222222
2713,337,3050,8.050445103857566
3091,387,3478,7.987080103359173
4147,611,4758,6.787234042553192
4809,391,5200,12.29923273657289
150,780,930,0.1923076923076923
981,624,1605,1.5721153846153846
1621,693,2314,2.339105339105339
2341,448,2789,5.225446428571429
2847,670,3517,4.249253731343283
3545,177,3722,20.028248587570623
3758,151,3909,24.88741721854305
3921,64,3985,61.265625
4025,412,4437,9.769417475728156
24,427,451,0.0562060889929742
456,427,883,1.0679156908665106
888,763,1651,1.163826998689384
984,197,1181,4.99492385786802
1857,262,2119,7.087786259541985
3309,256,3565,12.92578125
3628,187,3815,19.40106951871658
33,584,617,0.0565068493150684
628,286,914,2.195804195804196
31,792,823,0.0391414141414141
906,408,1314,2.2205882352941178
1626,295,1921,5.511864406779661
1935,596,2531,3.2466442953020134
2840,381,3221,7.454068241469816
3250,546,3796,5.9523809523809526
4238,486,4724,8.720164609053498
4793,297,5090,16.13804713804714
5367,305,5672,17.59672131147541
6065,405,6470,14.975308641975309
27,709,736,0.0380818053596615
757,821,1578,0.9220462850182704
1603,424,2027,3.7806603773584895
2070,965,3035,2.145077720207254
262,104,366,2.519230769230769
994,124,1118,8.016129032258064
1124,164,1288,6.853658536585366
1294,447,1741,2.894854586129754
1747,489,2236,3.572597137014315
2242,761,3003,2.946123521681997
3009,750,3759,4.012
3765,397,4162,9.483627204030226
4168,674,4842,6.183976261127596
4848,719,5567,6.742698191933241
5573,215,5788,25.92093023255814
142,875,1017,0.1622857142857142
40,419,459,0.0954653937947494
506,933,1439,0.5423365487674169
1441,782,2223,1.8427109974424551
34,843,877,0.0403321470937129
1039,642,1681,1.618380062305296
1732,790,2522,2.19240506329114
2565,860,3425,2.982558139534884
3465,907,4372,3.820286659316428
4380,935,5315,4.684491978609626
5577,930,6507,5.996774193548387
6571,943,7514,6.968186638388123
47,177,224,0.2655367231638418
58,673,731,0.0861812778603269
779,390,1169,1.9974358974358972
1192,731,1923,1.6306429548563612
1930,917,2847,2.104689203925845
2174,571,2745,3.807355516637478
3866,837,4703,4.618876941457587
53,944,997,0.0561440677966101
1016,223,1239,4.556053811659193
1295,583,1878,2.221269296740995
1911,1017,2928,1.87905604719764
4033,667,4700,6.04647676161919
5845,1022,6867,5.719178082191781
6915,1011,7926,6.839762611275964
22,921,943,0.023887079261672
980,830,1810,1.180722891566265
1842,681,2523,2.7048458149779737
2597,518,3115,5.013513513513513
3149,758,3907,4.154353562005277
3935,762,4697,5.164041994750656
4739,584,5323,8.11472602739726
5881,630,6511,9.334920634920636
6539,606,7145,10.790429042904291
7200,604,7804,11.920529801324504
207,876,1083,0.2363013698630137
1090,449,1539,2.4276169265033407
10,485,495,0.0206185567010309
521,853,1374,0.6107854630715123
1404,852,2256,1.647887323943662
2264,477,2741,4.746331236897275
2762,549,3311,5.030965391621129
3351,704,4055,4.759943181818182
4144,338,4482,12.2603550295858
4598,874,5472,5.260869565217392
5480,347,5827,15.792507204610953
5854,902,6756,6.490022172949002
6779,796,7575,8.516331658291458
388,316,704,1.2278481012658229
707,350,1057,2.02
1059,286,1345,3.702797202797203
1375,335,1710,4.104477611940299
1721,187,1908,9.203208556149733
262,122,384,2.1475409836065573
943,68,1011,13.867647058823527
1017,166,1183,6.126506024096385
1189,234,1423,5.081196581196581
1429,622,2051,2.297427652733119
2057,745,2802,2.761073825503356
2808,546,3354,5.142857142857143
3360,792,4152,4.242424242424242
4158,517,4675,8.042553191489361
4681,690,5371,6.784057971014493
5377,612,5989,8.7859477124183
5995,914,6909,6.559080962800875
6915,247,7162,27.995951417004047
31,334,365,0.092814371257485
391,126,517,3.1031746031746037
670,191,861,3.507853403141361
908,252,1160,3.6031746031746033
1276,72,1348,17.72222222222222
1385,475,1860,2.9157894736842107
1874,193,2067,9.709844559585491
2085,175,2260,11.914285714285716
193,8,201,24.125
224,94,318,2.382978723404255
1852,213,2065,8.694835680751174
2154,578,2732,3.726643598615917
135,657,792,0.2054794520547945
813,334,1147,2.434131736526946
1185,533,1718,2.223264540337711
347,962,1309,0.3607068607068607
1635,906,2541,1.804635761589404
629,760,1389,0.8276315789473684
1846,429,2275,4.303030303030303
4,626,630,0.0063897763578274
1134,448,1582,2.53125
1610,575,2185,2.8
35,824,859,0.0424757281553398
888,872,1760,1.018348623853211
1775,870,2645,2.0402298850574714
2675,981,3656,2.726809378185525
3664,474,4138,7.729957805907173
4173,854,5027,4.886416861826698
10,599,609,0.01669449081803
640,926,1566,0.6911447084233261
1613,760,2373,2.122368421052632
3623,628,4251,5.769108280254777
4283,183,4466,23.40437158469945
4527,527,5054,8.590132827324478
5106,517,5623,9.876208897485494
5713,290,6003,19.7
6023,571,6594,10.54816112084063
6620,658,7278,10.060790273556233
532,646,1178,0.8235294117647058
18,702,720,0.0256410256410256
898,249,1147,3.606425702811245
1154,269,1423,4.289962825278811
2029,300,2329,6.763333333333334
2335,326,2661,7.162576687116564
2969,314,3283,9.455414012738853
3292,109,3401,30.20183486238532
3437,516,3953,6.660852713178294
5448,750,6198,7.264
6209,746,6955,8.323056300268096
6980,36,7016,193.88888888888889
7193,127,7320,56.63779527559055
7412,97,7509,76.41237113402062
21,153,174,0.1372549019607843
227,48,275,4.729166666666667
342,62,404,5.516129032258065
416,59,475,7.050847457627119
504,49,553,10.285714285714286
559,27,586,20.703703703703702
589,37,626,15.91891891891892
642,26,668,24.692307692307693
680,117,797,5.811965811965812
832,49,881,16.979591836734695
892,37,929,24.10810810810811
953,32,985,29.78125
993,31,1024,32.03225806451613
1034,42,1076,24.61904761904762
1086,208,1294,5.221153846153846
83,528,611,0.1571969696969697
622,900,1522,0.6911111111111111
1535,188,1723,8.164893617021276
1756,557,2313,3.1526032315978454
2320,614,2934,3.778501628664495
2942,422,3364,6.971563981042654
29,644,673,0.0450310559006211
691,595,1286,1.161344537815126
1319,659,1978,2.001517450682853
5255,294,5549,17.874149659863946
231,98,329,2.357142857142857
496,903,1399,0.5492801771871539
1618,940,2558,1.721276595744681
31,582,613,0.0532646048109965
20,379,399,0.0527704485488126
420,665,1085,0.631578947368421
3686,865,4551,4.261271676300578
5799,909,6708,6.37953795379538
10,41,51,0.2439024390243902
64,37,101,1.7297297297297298
522,47,569,11.106382978723405
1115,226,1341,4.933628318584071
3398,243,3641,13.983539094650206
5634,66,5700,85.36363636363636
6400,162,6562,39.50617283950617
7798,96,7894,81.22916666666667
56,687,743,0.081513828238719
42,439,481,0.0956719817767653
511,353,864,1.4475920679886685
257,148,405,1.7364864864864864
11,262,273,0.0419847328244274
280,155,435,1.8064516129032255
442,243,685,1.8189300411522635
692,201,893,3.442786069651741
911,154,1065,5.915584415584416
1072,300,1372,3.5733333333333333
1379,285,1664,4.838596491228071
1671,271,1942,6.166051660516605
23,578,601,0.0397923875432525
140,354,494,0.3954802259887006
505,221,726,2.2850678733031677
761,21,782,36.23809523809524
802,300,1102,2.6733333333333333
1140,775,1915,1.470967741935484
212,156,368,1.358974358974359
369,148,517,2.4932432432432434
550,67,617,8.208955223880597
1369,365,1734,3.750684931506849
1753,70,1823,25.042857142857144
1831,45,1876,40.68888888888889
1890,415,2305,4.554216867469879
2468,85,2553,29.03529411764706
2569,305,2874,8.422950819672131
2971,302,3273,9.83774834437086
3302,148,3450,22.31081081081081
3484,50,3534,69.68
3553,56,3609,63.44642857142857
3860,336,4196,11.488095238095235
4237,184,4421,23.02717391304348
4462,248,4710,17.991935483870968
4752,106,4858,44.83018867924528
4897,417,5314,11.743405275779375
5361,169,5530,31.72189349112426
5555,77,5632,72.14285714285714
5699,84,5783,67.8452380952381
6570,133,6703,49.3984962406015
6720,113,6833,59.469026548672566
6848,93,6941,73.63440860215054
6946,58,7004,119.75862068965516
7019,62,7081,113.20967741935485
7665,119,7784,64.41176470588235
85,66,151,1.2878787878787878
176,627,803,0.2807017543859649
881,409,1290,2.154034229828851
1354,331,1685,4.090634441087613
1755,166,1921,10.572289156626503
1999,619,2618,3.22940226171244
2672,288,2960,9.27777777777778
3018,400,3418,7.545
96,170,266,0.5647058823529412
297,412,709,0.720873786407767
720,60,780,12.0
1072,544,1616,1.9705882352941175
1683,542,2225,3.1051660516605164
24,446,470,0.0538116591928251
498,263,761,1.893536121673004
875,618,1493,1.4158576051779934
1636,626,2262,2.6134185303514377
2356,71,2427,33.183098591549296
3436,208,3644,16.51923076923077
3682,421,4103,8.7458432304038
4173,145,4318,28.779310344827586
315,550,865,0.5727272727272728
884,586,1470,1.5085324232081911
1516,481,1997,3.151767151767152
2030,531,2561,3.822975517890772
2573,998,3571,2.5781563126252505
49,108,157,0.4537037037037037
165,105,270,1.5714285714285714
279,107,386,2.607476635514019
418,135,553,3.096296296296296
575,89,664,6.46067415730337
712,119,831,5.983193277310924
878,79,957,11.113924050632912
50,361,411,0.1385041551246537
41,468,509,0.0876068376068376
533,197,730,2.705583756345177
749,115,864,6.51304347826087
880,240,1120,3.6666666666666665
421,397,818,1.0604534005037782
829,326,1155,2.542944785276074
1166,332,1498,3.5120481927710845
68,544,612,0.125
1247,882,2129,1.413832199546485
3306,933,4239,3.543408360128617
147,430,577,0.341860465116279
26,535,561,0.0485981308411214
592,556,1148,1.064748201438849
1182,535,1717,2.209345794392523
1737,93,1830,18.677419354838708
1846,87,1933,21.2183908045977
1939,192,2131,10.098958333333334
2158,365,2523,5.912328767123288
2562,209,2771,12.258373205741629
2809,284,3093,9.890845070422536
3100,261,3361,11.877394636015326
3385,306,3691,11.062091503267974
17,405,422,0.0419753086419753
436,422,858,1.033175355450237
882,424,1306,2.080188679245283
1318,334,1652,3.946107784431138
1735,412,2147,4.211165048543689
2203,362,2565,6.085635359116022
2591,378,2969,6.854497354497354
2992,375,3367,7.978666666666666
3421,405,3826,8.446913580246914
3835,592,4427,6.47804054054054
4467,543,5010,8.226519337016574
5027,512,5539,9.818359375
5585,536,6121,10.419776119402986
6155,496,6651,12.409274193548388
6685,529,7214,12.637051039697544
7274,472,7746,15.41101694915254
991,423,1414,2.342789598108747
1431,66,1497,21.681818181818183
1511,88,1599,17.170454545454547
61,906,967,0.0673289183222958
1003,116,1119,8.64655172413793
1163,402,1565,2.893034825870646
54,730,784,0.073972602739726
94,364,458,0.2582417582417582
464,50,514,9.28
85,375,460,0.2266666666666666
24,227,251,0.105726872246696
1640,938,2578,1.748400852878465
2592,574,3166,4.515679442508711
4295,983,5278,4.369277721261445
5291,330,5621,16.033333333333335
6784,667,7451,10.170914542728635
152,291,443,0.5223367697594502
599,454,1053,1.3193832599118942
1216,122,1338,9.9672131147541
1503,93,1596,16.161290322580644
1758,45,1803,39.06666666666667
1967,454,2421,4.332599118942731
2596,587,3183,4.422487223168655
3380,528,3908,6.401515151515151
4109,596,4705,6.894295302013423
4913,596,5509,8.243288590604028
5719,396,6115,14.441919191919192
6145,929,7074,6.614639397201292
7103,580,7683,12.24655172413793
1850,517,2367,3.578336557059961
750,257,1007,2.9182879377431905
284,590,874,0.4813559322033898
931,66,997,14.106060606060606
1072,316,1388,3.392405063291139
1398,265,1663,5.275471698113208
1671,276,1947,6.054347826086956
2047,340,2387,6.020588235294118
2404,522,2926,4.605363984674329
3027,567,3594,5.338624338624339
3616,229,3845,15.790393013100436
3884,334,4218,11.62874251497006
6225,271,6496,22.970479704797047
6561,247,6808,26.562753036437247
6815,300,7115,22.716666666666665
7130,516,7646,13.817829457364342
211,868,1079,0.2430875576036866
143,957,1100,0.1494252873563218
1102,545,1647,2.022018348623853
29,777,806,0.0373230373230373
35,816,851,0.0428921568627451
26,37,63,0.7027027027027027
605,482,1087,1.2551867219917012
1091,246,1337,4.434959349593496
1347,323,1670,4.170278637770898
1689,447,2136,3.778523489932886
2158,266,2424,8.112781954887218
2456,423,2879,5.806146572104019
2890,211,3101,13.696682464454977
3109,451,3560,6.893569844789357
3588,351,3939,10.22222222222222
3943,104,4047,37.91346153846154
4096,346,4442,11.83815028901734
4464,244,4708,18.295081967213115
4727,200,4927,23.635
4945,285,5230,17.350877192982455
5260,518,5778,10.154440154440154
5807,447,6254,12.991051454138702
6263,487,6750,12.860369609856264
6782,45,6827,150.7111111111111
7274,4,7278,1818.5
42,737,779,0.0569877883310719
788,798,1586,0.987468671679198
1609,485,2094,3.3175257731958765
23,56,79,0.4107142857142857
98,538,636,0.1821561338289963
827,85,912,9.729411764705882
1545,124,1669,12.459677419354838
1880,124,2004,15.161290322580646
2121,145,2266,14.627586206896552
3085,129,3214,23.914728682170544
169,716,885,0.2360335195530726
18,742,760,0.0242587601078167
820,456,1276,1.7982456140350878
1290,528,1818,2.4431818181818183
1832,728,2560,2.5164835164835164
2586,616,3202,4.1980519480519485
3230,612,3842,5.277777777777778
22,816,838,0.0269607843137254
68,725,793,0.0937931034482758
812,775,1587,1.047741935483871
1615,405,2020,3.9876543209876543
1131,473,1604,2.3911205073995774
1611,437,2048,3.68649885583524
2050,177,2227,11.581920903954805
2863,403,3266,7.104218362282879
3273,236,3509,13.86864406779661
4039,421,4460,9.593824228028504
25,31,56,0.8064516129032258
140,56,196,2.5
202,61,263,3.3114754098360657
277,85,362,3.2588235294117647
385,230,615,1.673913043478261
640,243,883,2.633744855967078
908,204,1112,4.450980392156863
321,499,820,0.6432865731462926
823,573,1396,1.43630017452007
190,529,719,0.3591682419659735
10,829,839,0.0120627261761158
876,676,1552,1.2958579881656804
1560,980,2540,1.5918367346938775
2632,343,2975,7.673469387755102
3011,541,3552,5.565619223659889
3569,982,4551,3.634419551934827
4560,614,5174,7.426710097719869
5205,959,6164,5.427528675703858
6189,831,7020,7.447653429602888
7040,809,7849,8.702101359703338
214,10,224,21.4
276,254,530,1.0866141732283463
582,159,741,3.660377358490566
794,251,1045,3.1633466135458166
1059,373,1432,2.839142091152815
1486,442,1928,3.3619909502262444
1959,290,2249,6.755172413793104
2260,326,2586,6.932515337423313
2616,410,3026,6.380487804878049
3060,153,3213,20.0
3240,451,3691,7.184035476718403
3739,80,3819,46.7375
3857,25,3882,154.28
3914,57,3971,68.66666666666667
4052,112,4164,36.17857142857143
4210,147,4357,28.639455782312925
4367,72,4439,60.65277777777778
4493,159,4652,28.257861635220127
4740,130,4870,36.46153846153846
4878,76,4954,64.1842105263158
4993,201,5194,24.8407960199005
5263,418,5681,12.590909090909092
5721,268,5989,21.34701492537313
6019,357,6376,16.859943977591037
6396,412,6808,15.524271844660197
6840,511,7351,13.385518590998045
29,539,568,0.0538033395176252
645,713,1358,0.9046283309957924
1374,633,2007,2.170616113744076
2034,730,2764,2.786301369863014
2791,474,3265,5.888185654008439
3343,588,3931,5.685374149659864
4017,625,4642,6.4272
4732,111,4843,42.63063063063064
4903,853,5756,5.747948417350528
7074,864,7938,8.1875
27,660,687,0.0409090909090909
32,603,635,0.0530679933665008
645,461,1106,1.3991323210412148
1149,559,1708,2.055456171735241
1752,392,2144,4.469387755102041
120,156,276,0.7692307692307693
284,124,408,2.290322580645161
27,853,880,0.0316529894490035
907,867,1774,1.0461361014994233
2503,499,3002,5.0160320641282565
3028,874,3902,3.4645308924485128
5562,935,6497,5.948663101604278
6513,909,7422,7.1650165016501655
333,978,1311,0.3404907975460122
2433,594,3027,4.095959595959596
3057,759,3816,4.027667984189724
3829,517,4346,7.406189555125725
273,566,839,0.4823321554770318
852,532,1384,1.6015037593984962
1401,561,1962,2.4973262032085564
1983,573,2556,3.4607329842931938
2579,571,3150,4.516637478108581
3179,582,3761,5.462199312714777
58,328,386,0.1768292682926829
2981,602,3583,4.951827242524917
3986,556,4542,7.169064748201439
4554,343,4897,13.276967930029157
4962,821,5783,6.043848964677223
74,66,140,1.121212121212121
174,43,217,4.046511627906977
256,35,291,7.314285714285714
339,41,380,8.268292682926829
430,43,473,10.0
527,48,575,10.979166666666666
619,43,662,14.395348837209305
692,726,1418,0.953168044077135
3888,906,4794,4.291390728476821
4802,636,5438,7.550314465408805
77,63,140,1.2222222222222223
1549,50,1599,30.98
4320,3,4323,1440.0
1624,848,2472,1.9150943396226412
2529,885,3414,2.857627118644068
1425,815,2240,1.7484662576687116
2245,694,2939,3.2348703170028816
4285,830,5115,5.162650602409639
5120,441,5561,11.609977324263038
5680,811,6491,7.003699136868065
6569,734,7303,8.949591280653951
318,305,623,1.042622950819672
634,379,1013,1.6728232189973615
1024,367,1391,2.790190735694823
1402,345,1747,4.063768115942029
1758,143,1901,12.293706293706292
1915,96,2011,19.947916666666668
2037,284,2321,7.172535211267606
2352,267,2619,8.808988764044944
2634,114,2748,23.105263157894736
2875,338,3213,8.505917159763314
3224,342,3566,9.42690058479532
3577,274,3851,13.054744525547443
3868,331,4199,11.685800604229607
4210,345,4555,12.202898550724637
4597,312,4909,14.73397435897436
4920,278,5198,17.697841726618705
5201,3,5204,1733.6666666666667
91,382,473,0.2382198952879581
95,538,633,0.1765799256505576
132,132,264,1.0
271,317,588,0.8548895899053628
595,349,944,1.7048710601719197
963,396,1359,2.4318181818181817
1366,452,1818,3.02212389380531
1825,357,2182,5.1120448179271705
2190,253,2443,8.65612648221344
34,577,611,0.0589254766031195
627,69,696,9.08695652173913
713,472,1185,1.5105932203389831
1201,349,1550,3.4412607449856734
1567,350,1917,4.477142857142857
1408,320,1728,4.4
1735,329,2064,5.27355623100304
2095,390,2485,5.371794871794871
2512,381,2893,6.593175853018373
2930,353,3283,8.30028328611898
26,101,127,0.2574257425742574
160,110,270,1.4545454545454546
286,28,314,10.214285714285714
334,38,372,8.789473684210526
624,87,711,7.172413793103448
720,127,847,5.669291338582677
4805,171,4976,28.09941520467836
5275,121,5396,43.59504132231405
7763,195,7958,39.81025641025641
24,516,540,0.0465116279069767
559,508,1067,1.1003937007874016
1330,435,1765,3.057471264367816
2212,348,2560,6.35632183908046
2578,290,2868,8.889655172413793
2885,172,3057,16.773255813953487
68,265,333,0.2566037735849056
406,306,712,1.326797385620915
736,438,1174,1.6803652968036529
1208,512,1720,2.359375
1732,636,2368,2.7232704402515724
2399,786,3185,3.052162849872773
3230,409,3639,7.897310513447433
3662,402,4064,9.109452736318408
4156,620,4776,6.703225806451613
4865,466,5331,10.439914163090128
5423,345,5768,15.718840579710143
5818,181,5999,32.14364640883978
6081,498,6579,12.210843373493976
24,517,541,0.04642166344294
558,356,914,1.5674157303370786
578,944,1522,0.6122881355932204
3856,47,3903,82.04255319148936
118,427,545,0.2763466042154566
632,567,1199,1.1146384479717812
1208,435,1643,2.7770114942528736
40,535,575,0.0747663551401869
615,684,1299,0.8991228070175439
1384,618,2002,2.239482200647249
2035,626,2661,3.2507987220447285
2733,429,3162,6.370629370629371
3226,484,3710,6.6652892561983474
3729,238,3967,15.668067226890756
2869,801,3670,3.581772784019975
3702,821,4523,4.509135200974422
4608,897,5505,5.137123745819398
5536,828,6364,6.685990338164252
6421,659,7080,9.743550834597876
7107,634,7741,11.209779179810726
49,118,167,0.4152542372881356
1723,416,2139,4.141826923076923
2170,179,2349,12.12290502793296
2358,328,2686,7.189024390243903
2723,109,2832,24.98165137614679
2865,353,3218,8.11614730878187
3235,178,3413,18.174157303370787
3426,229,3655,14.960698689956333
3682,381,4063,9.664041994750656
4071,189,4260,21.53968253968254
4278,259,4537,16.517374517374517
4553,228,4781,19.969298245614038
4798,233,5031,20.59227467811159
5039,258,5297,19.531007751937985
5321,164,5485,32.44512195121951
5494,228,5722,24.09649122807017
5732,249,5981,23.02008032128514
5997,320,6317,18.740625
6358,328,6686,19.384146341463413
6701,414,7115,16.185990338164252
7148,274,7422,26.087591240875916
7435,272,7707,27.334558823529413
7741,260,8001,29.773076923076925
19,272,291,0.0698529411764705
346,903,1249,0.3831672203765227
1262,927,2189,1.3613807982740025
2202,264,2466,8.340909090909092
2489,626,3115,3.976038338658147
3142,926,4068,3.3930885529157666
203,22,225,9.227272727272728
242,598,840,0.4046822742474916
320,964,1284,0.3319502074688796
1291,983,2274,1.313326551373347
2306,974,3280,2.3675564681724848
3287,627,3914,5.242424242424242
16,96,112,0.1666666666666666
153,91,244,1.6813186813186811
443,659,1102,0.6722306525037937
1125,809,1934,1.3906056860321383
1965,605,2570,3.2479338842975207
2651,848,3499,3.126179245283019
3508,576,4084,6.090277777777778
4106,636,4742,6.455974842767295
20,664,684,0.0301204819277108
710,329,1039,2.1580547112462005
1071,237,1308,4.518987341772152
1332,502,1834,2.653386454183267
1865,500,2365,3.73
2386,648,3034,3.682098765432099
3056,552,3608,5.536231884057971
3626,515,4141,7.040776699029126
4160,452,4612,9.20353982300885
4631,516,5147,8.974806201550388
5197,647,5844,8.032457496136013
50,771,821,0.0648508430609598
1617,848,2465,1.9068396226415092
2467,335,2802,7.364179104477612
2810,844,3654,3.329383886255924
3660,714,4374,5.126050420168068
4387,859,5246,5.10710128055879
5248,597,5845,8.790619765494137
5873,802,6675,7.322942643391521
6696,825,7521,8.116363636363637
601,508,1109,1.1830708661417322
1130,451,1581,2.505543237250554
1600,431,2031,3.712296983758701
2059,488,2547,4.219262295081967
2567,523,3090,4.908221797323136
10,38,48,0.2631578947368421
70,175,245,0.4
259,415,674,0.6240963855421687
686,167,853,4.107784431137724
928,428,1356,2.1682242990654204
1377,366,1743,3.762295081967213
1762,139,1901,12.676258992805757
1917,775,2692,2.4735483870967743
267,452,719,0.5907079646017699
728,505,1233,1.4415841584158415
1241,230,1471,5.395652173913043
1511,583,2094,2.591766723842196
2111,475,2586,4.444210526315789
2886,6,2892,481.0
3192,440,3632,7.254545454545455
4032,205,4237,19.66829268292683
4269,209,4478,20.425837320574164
4488,88,4576,51.0
4586,113,4699,40.584070796460175
5121,197,5318,25.99492385786802
5496,156,5652,35.23076923076923
5792,315,6107,18.387301587301582
6168,479,6647,12.876826722338205
6673,483,7156,13.815734989648034
7170,451,7621,15.8980044345898
7635,96,7731,79.53125
184,515,699,0.3572815533980582
727,383,1110,1.8981723237597912
442,602,1044,0.7342192691029901
69,67,136,1.0298507462686568
1348,721,2069,1.869625520110957
2215,855,3070,2.590643274853801
3229,881,4110,3.665153234960272
4119,701,4820,5.875891583452211
4995,1003,5998,4.980059820538385
18,456,474,0.0394736842105263
491,433,924,1.1339491916859123
932,380,1312,2.4526315789473685
1320,424,1744,3.1132075471698117
72,411,483,0.1751824817518248
518,936,1454,0.5534188034188035
13,367,380,0.0354223433242506
399,575,974,0.6939130434782609
403,433,836,0.930715935334873
1547,682,2229,2.268328445747801
2596,955,3551,2.718324607329843
4918,317,5235,15.514195583596214
3973,9,3982,441.44444444444446
4066,529,4595,7.686200378071834
739,203,942,3.640394088669951
953,101,1054,9.435643564356436
1066,162,1228,6.580246913580247
23,667,690,0.0344827586206896
715,665,1380,1.075187969924812
1409,724,2133,1.9461325966850829
2150,610,2760,3.5245901639344264
2776,735,3511,3.77687074829932
3533,906,4439,3.8995584988962473
4468,669,5137,6.678624813153961
5177,814,5991,6.35995085995086
532,951,1483,0.5594111461619348
1495,269,1764,5.557620817843866
1818,471,2289,3.859872611464968
152,494,646,0.3076923076923077
648,46,694,14.08695652173913
759,406,1165,1.8694581280788176
1167,226,1393,5.163716814159292
1419,369,1788,3.845528455284553
33,654,687,0.0504587155963302
54,664,718,0.0813253012048192
1070,349,1419,3.0659025787965617
3648,267,3915,13.662921348314606
3938,269,4207,14.639405204460967
4242,323,4565,13.13312693498452
280,1021,1301,0.2742409402546523
1358,941,2299,1.4431455897980872
94,834,928,0.1127098321342925
1658,266,1924,6.233082706766917
1927,376,2303,5.125
2748,71,2819,38.70422535211268
4793,302,5095,15.870860927152318
33,789,822,0.0418250950570342
858,760,1618,1.1289473684210527
1702,540,2242,3.151851851851852
2316,532,2848,4.353383458646617
2922,461,3383,6.338394793926248
3413,507,3920,6.731755424063117
3951,450,4401,8.78
4429,486,4915,9.113168724279836
4948,481,5429,10.286902286902286
5461,336,5797,16.25297619047619
5838,654,6492,8.926605504587156
6527,661,7188,9.874432677760968
7225,420,7645,17.202380952380953
41,1012,1053,0.0405138339920948
25,587,612,0.0425894378194207
628,523,1151,1.2007648183556403
1169,658,1827,1.7765957446808511
1857,565,2422,3.286725663716814
2446,865,3311,2.827745664739884
3339,400,3739,8.3475
3757,427,4184,8.798594847775176
7,398,405,0.0175879396984924
423,524,947,0.8072519083969466
971,599,1570,1.6210350584307178
1922,574,2496,3.3484320557491287
2971,692,3663,4.293352601156069
3683,139,3822,26.496402877697843
3976,597,4573,6.659966499162479
4599,553,5152,8.316455696202532
5193,337,5530,15.409495548961424
5742,723,6465,7.941908713692946
6528,188,6716,34.723404255319146
6726,136,6862,49.45588235294117
6979,327,7306,21.34250764525994
19,274,293,0.0693430656934306
129,357,486,0.361344537815126
513,347,860,1.478386167146974
244,274,518,0.8905109489051095
550,182,732,3.021978021978022
737,205,942,3.5951219512195123
953,115,1068,8.28695652173913
1079,211,1290,5.113744075829384
1293,210,1503,6.1571428571428575
1518,195,1713,7.784615384615384
1725,369,2094,4.67479674796748
2106,250,2356,8.424
2359,165,2524,14.296969696969697
2527,103,2630,24.533980582524272
2633,192,2825,13.713541666666666
2860,306,3166,9.34640522875817
3191,239,3430,13.351464435146443
3444,187,3631,18.41711229946524
3643,171,3814,21.304093567251464
3817,229,4046,16.66812227074236
4049,259,4308,15.633204633204633
4311,278,4589,15.507194244604316
4592,254,4846,18.078740157480315
4849,254,5103,19.090551181102363
5106,228,5334,22.394736842105264
5373,219,5592,24.534246575342465
5595,233,5828,24.012875536480685
5865,239,6104,24.539748953974897
6107,257,6364,23.762645914396888
6385,251,6636,25.438247011952196
6639,226,6865,29.376106194690266
6892,234,7126,29.45299145299145
7167,203,7370,35.30541871921182
2,30,32,0.0666666666666666
364,439,803,0.8291571753986332
816,476,1292,1.7142857142857142
11,386,397,0.0284974093264248
408,262,670,1.5572519083969465
683,320,1003,2.134375
1063,474,1537,2.242616033755274
1550,484,2034,3.2024793388429758
2047,295,2342,6.938983050847457
2461,284,2745,8.665492957746478
2993,315,3308,9.501587301587302
4048,314,4362,12.89171974522293
4378,406,4784,10.783251231527094
228,634,862,0.3596214511041009
961,642,1603,1.4968847352024923
1707,689,2396,2.4775036284470247
2480,765,3245,3.241830065359477
3352,802,4154,4.179551122194514
4293,816,5109,5.261029411764706
5126,403,5529,12.719602977667494
5566,199,5765,27.96984924623116
13,572,585,0.0227272727272727
605,589,1194,1.0271646859083192
1210,580,1790,2.086206896551724
1815,480,2295,3.78125
17,688,705,0.0247093023255813
72,797,869,0.0903387703889586
2113,922,3035,2.2917570498915403
3102,71,3173,43.69014084507042
4460,329,4789,13.556231003039514
5912,679,6591,8.706921944035345
5,24,29,0.2083333333333333
173,956,1129,0.1809623430962343
1215,615,1830,1.975609756097561
1930,929,2859,2.077502691065662
2951,431,3382,6.846867749419953
3397,464,3861,7.321120689655173
95,576,671,0.1649305555555555
685,103,788,6.650485436893204
798,147,945,5.428571428571429
962,133,1095,7.233082706766917
1106,149,1255,7.422818791946309
1283,281,1564,4.565836298932385
1596,220,1816,7.254545454545455
1831,105,1936,17.438095238095237
1967,239,2206,8.230125523012552
2217,115,2332,19.278260869565216
2355,422,2777,5.580568720379147
2789,155,2944,17.993548387096773
2960,121,3081,24.46280991735537
3114,435,3549,7.158620689655172
3552,203,3755,17.497536945812808
29,784,813,0.0369897959183673
47,858,905,0.0547785547785547
2551,427,2978,5.97423887587822
4218,1016,5234,4.151574803149607
5288,204,5492,25.92156862745098
5539,418,5957,13.251196172248804
6032,426,6458,14.15962441314554
6513,804,7317,8.100746268656716
7372,534,7906,13.805243445692884
18,588,606,0.0306122448979591
621,695,1316,0.8935251798561151
1339,833,2172,1.6074429771908765
3233,736,3969,4.392663043478261
1134,931,2065,1.218045112781955
18,324,342,0.0555555555555555
377,377,754,1.0
781,429,1210,1.8205128205128205
1248,249,1497,5.0120481927710845
1564,383,1947,4.0835509138381205
1971,439,2410,4.489749430523918
2448,553,3001,4.426763110307414
3032,103,3135,29.436893203883496
3163,527,3690,6.001897533206831
3719,787,4506,4.72554002541296
4603,360,4963,12.786111111111111
4996,373,5369,13.394101876675602
5452,462,5914,11.8008658008658
6448,458,6906,14.078602620087336
2038,12,2050,169.83333333333334
3844,12,3856,320.3333333333333
5131,12,5143,427.5833333333333
5192,434,5626,11.963133640552996
5638,512,6150,11.01171875
78,642,720,0.1214953271028037
5,529,534,0.0094517958412098
561,261,822,2.1494252873563218
29,259,288,0.1119691119691119
1517,1020,2537,1.4872549019607844
2688,975,3663,2.756923076923077
4877,361,5238,13.509695290858726
5331,889,6220,5.996625421822272
6258,146,6404,42.86301369863013
1749,523,2272,3.344168260038241
2356,382,2738,6.167539267015707
4540,524,5064,8.664122137404581
10,829,839,0.0120627261761158
876,676,1552,1.2958579881656804
1560,980,2540,1.5918367346938775
2632,343,2975,7.673469387755102
3011,541,3552,5.565619223659889
3569,982,4551,3.634419551934827
4560,614,5174,7.426710097719869
5205,959,6164,5.427528675703858
6189,831,7020,7.447653429602888
7040,809,7849,8.702101359703338
1222,523,1745,2.336520076481836
72,304,376,0.2368421052631578
643,818,1461,0.7860635696821516
1466,634,2100,2.312302839116719
142,460,602,0.308695652173913
77,688,765,0.1119186046511628
11,337,348,0.0326409495548961
90,125,215,0.72
225,125,350,1.8
365,347,712,1.0518731988472625
726,286,1012,2.5384615384615383
33,878,911,0.0375854214123006
944,462,1406,2.0432900432900434
1427,954,2381,1.4958071278825995
2389,971,3360,2.460350154479918
3383,814,4197,4.156019656019656
4206,666,4872,6.315315315315315
4895,189,5084,25.8994708994709
45,622,667,0.0723472668810289
74,481,555,0.1538461538461538
578,240,818,2.408333333333333
694,74,768,9.37837837837838
1375,77,1452,17.857142857142858
1493,424,1917,3.52122641509434
1988,503,2491,3.952286282306163
2524,383,2907,6.590078328981723
2932,207,3139,14.16425120772947
3172,581,3753,5.459552495697074
3778,372,4150,10.155913978494624
4196,423,4619,9.919621749408984
4635,728,5363,6.366758241758242
5412,563,5975,9.61278863232682
5990,386,6376,15.518134715025909
6394,508,6902,12.586614173228346
6926,634,7560,10.92429022082019
40,892,932,0.0448430493273542
1019,1023,2042,0.9960899315738024
2058,1012,3070,2.033596837944664
3091,1020,4111,3.030392156862745
32,363,395,0.0881542699724518
494,535,1029,0.9233644859813084
1073,955,2028,1.1235602094240835
2086,659,2745,3.165402124430956
2906,367,3273,7.918256130790191
3285,398,3683,8.253768844221106
3696,377,4073,9.80371352785146
4197,784,4981,5.353316326530612
5136,511,5647,10.050880626223092
5737,503,6240,11.405566600397616
6315,820,7135,7.701219512195122
7219,655,7874,11.021374045801526
1968,500,2468,3.936
2524,780,3304,3.235897435897436
3521,621,4142,5.669887278582931
10,613,623,0.0163132137030995
652,588,1240,1.108843537414966
1341,374,1715,3.585561497326203
1727,368,2095,4.692934782608695
2235,439,2674,5.091116173120729
2820,224,3044,12.589285714285714
3167,219,3386,14.461187214611872
3407,188,3595,18.122340425531917
3614,194,3808,18.628865979381445
33,440,473,0.075
483,407,890,1.1867321867321867
919,210,1129,4.376190476190477
1143,304,1447,3.759868421052632
35,111,146,0.3153153153153153
152,95,247,1.6
94,728,822,0.1291208791208791
829,693,1522,1.1962481962481963
1565,885,2450,1.768361581920904
2467,753,3220,3.2762284196547147
3236,996,4232,3.248995983935743
4241,692,4933,6.128612716763006
6007,410,6417,14.65121951219512
181,42,223,4.309523809523809
2013,609,2622,3.3054187192118225
4174,272,4446,15.345588235294118
4462,463,4925,9.637149028077754
6765,338,7103,20.014792899408285
7116,271,7387,26.25830258302583
7882,198,8080,39.80808080808081
57,656,713,0.086890243902439
723,3,726,241.0
43,355,398,0.1211267605633802
1660,87,1747,19.080459770114945
220,392,612,0.5612244897959183
1000,425,1425,2.3529411764705883
1566,266,1832,5.887218045112782
1999,401,2400,4.985037406483791
2463,422,2885,5.8364928909952605
2888,526,3414,5.490494296577947
3430,423,3853,8.108747044917259
3856,364,4220,10.593406593406591
4256,8,4264,532.0
4743,473,5216,10.027484143763214
5235,269,5504,19.460966542750928
5525,265,5790,20.849056603773583
6336,47,6383,134.80851063829786
18,521,539,0.0345489443378119
551,443,994,1.2437923250564331
1005,367,1372,2.7384196185286105
1392,573,1965,2.4293193717277486
1977,647,2624,3.05564142194745
2648,450,3098,5.884444444444444
3162,937,4099,3.374599786552828
4117,489,4606,8.41922290388548
4633,587,5220,7.89267461669506
5236,675,5911,7.757037037037037
5925,692,6617,8.5621387283237
6634,597,7231,11.112227805695142
7248,649,7897,11.167950693374422
1550,741,2291,2.091767881241565
206,23,229,8.956521739130435
304,471,775,0.6454352441613588
807,504,1311,1.6011904761904765
1322,508,1830,2.6023622047244093
1837,526,2363,3.4923954372623576
2370,522,2892,4.540229885057471
2899,511,3410,5.673189823874756
3417,528,3945,6.471590909090909
3952,531,4483,7.44256120527307
4490,513,5003,8.75243664717349
5010,511,5521,9.80430528375734
313,362,675,0.8646408839779005
52,980,1032,0.0530612244897959
1038,210,1248,4.942857142857143
1264,618,1882,2.045307443365696
1893,317,2210,5.971608832807571
2236,386,2622,5.7927461139896375
2651,288,2939,9.20486111111111
2948,343,3291,8.594752186588922
3319,87,3406,38.14942528735632
142,392,534,0.3622448979591837
549,159,708,3.452830188679245
772,304,1076,2.539473684210526
1142,316,1458,3.613924050632912
253,148,401,1.7094594594594594
693,775,1468,0.8941935483870967
1532,586,2118,2.614334470989761
2322,647,2969,3.58887171561051
3048,856,3904,3.560747663551402
130,597,727,0.2177554438860971
4,15,19,0.2666666666666666
17,469,486,0.0362473347547974
142,89,231,1.595505617977528
316,510,826,0.6196078431372549
880,389,1269,2.2622107969151672
1669,502,2171,3.324701195219124
24,1021,1045,0.0235063663075416
1047,702,1749,1.4914529914529917
153,113,266,1.353982300884956
2717,372,3089,7.303763440860215
3119,373,3492,8.361930294906166
3495,388,3883,9.007731958762887
3886,335,4221,11.6
4224,330,4554,12.8
4578,304,4882,15.05921052631579
4885,303,5188,16.122112211221122
5191,383,5574,13.553524804177544
5577,165,5742,33.8
5796,680,6476,8.523529411764706
6505,655,7160,9.931297709923664
7179,588,7767,12.209183673469388
36,927,963,0.0388349514563106
19,265,284,0.0716981132075471
313,287,600,1.0905923344947734
13,397,410,0.0327455919395466
75,87,162,0.8620689655172413
193,336,529,0.5744047619047619
560,401,961,1.3965087281795512
983,57,1040,17.24561403508772
1062,56,1118,18.964285714285715
1126,99,1225,11.373737373737374
1240,304,1544,4.078947368421052
1557,212,1769,7.34433962264151
1784,281,2065,6.3487544483985765
2082,125,2207,16.656
2223,121,2344,18.37190082644628
2364,161,2525,14.683229813664596
2530,77,2607,32.857142857142854
2649,515,3164,5.14368932038835
3169,25,3194,126.76
3200,81,3281,39.50617283950617
3288,221,3509,14.877828054298645
96,579,675,0.1658031088082901
54,36,90,1.5
116,232,348,0.5
18,501,519,0.0359281437125748
529,303,832,1.7458745874587458
869,299,1168,2.9063545150501677
1208,161,1369,7.503105590062112
1408,410,1818,3.4341463414634146
1861,426,2287,4.368544600938967
2310,523,2833,4.416826003824092
2856,340,3196,8.4
3210,463,3673,6.93304535637149
3683,457,4140,8.059080962800875
4184,478,4662,8.753138075313808
4705,418,5123,11.25598086124402
5190,300,5490,17.3
5510,484,5994,11.384297520661155
6013,633,6646,9.49921011058452
6728,503,7231,13.375745526838966
7242,673,7915,10.760772659732542
14,193,207,0.0725388601036269
220,371,591,0.5929919137466307
598,551,1149,1.08529945553539
1175,34,1209,34.55882352941177
1853,896,2749,2.068080357142857
2758,801,3559,3.4431960049937578
3714,171,3885,21.719298245614038
4090,188,4278,21.75531914893617
4375,406,4781,10.775862068965518
4801,532,5333,9.024436090225564
5374,739,6113,7.271989174560216
6290,495,6785,12.707070707070708
6808,528,7336,12.893939393939394
7360,551,7911,13.357531760435572
160,858,1018,0.1864801864801865
1072,799,1871,1.3416770963704632
2050,914,2964,2.2428884026258205
2993,126,3119,23.753968253968253
4524,603,5127,7.502487562189055
16,149,165,0.1073825503355704
171,83,254,2.060240963855421
435,527,962,0.825426944971537
143,190,333,0.7526315789473684
373,236,609,1.5805084745762712
722,246,968,2.934959349593496
1049,237,1286,4.426160337552743
1330,183,1513,7.26775956284153
33,109,142,0.3027522935779816
157,157,314,1.0
479,422,901,1.1350710900473933
84,69,153,1.2173913043478262
189,191,380,0.9895287958115184
386,64,450,6.03125
40,46,86,0.8695652173913043
104,165,269,0.6303030303030303
288,446,734,0.6457399103139013
765,576,1341,1.328125
29,282,311,0.1028368794326241
314,302,616,1.0397350993377483
619,303,922,2.042904290429043
926,333,1259,2.780780780780781
18,610,628,0.0295081967213114
639,393,1032,1.6259541984732824
1045,539,1584,1.9387755102040816
3584,683,4267,5.247437774524158
4275,751,5026,5.692410119840213
5063,494,5557,10.248987854251013
5565,648,6213,8.587962962962964
671,436,1107,1.538990825688073
1147,443,1590,2.5891647855530477
1632,310,1942,5.264516129032258
1976,302,2278,6.543046357615894
2299,310,2609,7.416129032258064
2641,65,2706,40.63076923076923
1735,392,2127,4.426020408163265
1235,683,1918,1.808199121522694
20,360,380,0.0555555555555555
455,555,1010,0.8198198198198198
1053,507,1560,2.076923076923077
1573,537,2110,2.9292364990689013
2147,126,2273,17.03968253968254
2308,590,2898,3.911864406779661
2915,536,3451,5.438432835820896
100,101,201,0.99009900990099
1313,520,1833,2.525
1943,509,2452,3.817288801571709
2648,534,3182,4.9588014981273405
3287,521,3808,6.309021113243762
3901,394,4295,9.901015228426395
30,498,528,0.0602409638554216
540,529,1069,1.0207939508506616
1076,531,1607,2.0263653483992465
14,416,430,0.0336538461538461
439,223,662,1.968609865470852
668,390,1058,1.7128205128205127
1066,359,1425,2.969359331476323
1438,197,1635,7.299492385786802
65,530,595,0.1226415094339622
423,443,866,0.9548532731376976
12,488,500,0.0245901639344262
62,766,828,0.0809399477806788
22,131,153,0.1679389312977099
235,173,408,1.3583815028901731
420,193,613,2.1761658031088085
32,661,693,0.048411497730711
257,476,733,0.5399159663865546
781,511,1292,1.528375733855186
2829,507,3336,5.579881656804734
4931,583,5514,8.457975986277873
6919,935,7854,7.4
880,263,1143,3.346007604562738
1153,391,1544,2.948849104859335
1573,86,1659,18.29069767441861
1675,67,1742,25.0
1754,278,2032,6.309352517985611
2050,295,2345,6.9491525423728815
2361,459,2820,5.143790849673203
3859,287,4146,13.445993031358883
4167,402,4569,10.365671641791044
4595,135,4730,34.03703703703704
6655,187,6842,35.588235294117645
6866,156,7022,44.01282051282051
7041,201,7242,35.02985074626866
7322,201,7523,36.42786069651741
7586,249,7835,30.46586345381526
41,22,63,1.8636363636363635
72,125,197,0.576
207,79,286,2.6202531645569622
302,44,346,6.863636363636363
357,220,577,1.6227272727272728
23,213,236,0.107981220657277
251,527,778,0.476280834914611
864,888,1752,0.972972972972973
1754,737,2491,2.379918588873813
98,711,809,0.1378340365682137
828,882,1710,0.9387755102040816
1767,321,2088,5.5046728971962615
2094,164,2258,12.768292682926829
23,116,139,0.1982758620689655
201,420,621,0.4785714285714286
660,225,885,2.933333333333333
976,633,1609,1.5418641390205372
1648,277,1925,5.949458483754513
2063,510,2573,4.045098039215686
2686,815,3501,3.2957055214723927
4163,626,4789,6.6501597444089455
4835,589,5424,8.208828522920204
5447,830,6277,6.562650602409638
6742,726,7468,9.286501377410469
55,753,808,0.0730411686586985
848,702,1550,1.207977207977208
1569,552,2121,2.842391304347826
2136,364,2500,5.868131868131868
3598,240,3838,14.991666666666667
1190,977,2167,1.218014329580348
2169,366,2535,5.926229508196721
2594,453,3047,5.72626931567329
1694,424,2118,3.9952830188679247
602,451,1053,1.334811529933481
1067,113,1180,9.442477876106194
9,463,472,0.019438444924406
508,652,1160,0.7791411042944786
814,131,945,6.213740458015267
57,903,960,0.0631229235880398
970,508,1478,1.9094488188976375
1491,504,1995,2.958333333333333
2024,646,2670,3.1331269349845203
72,230,302,0.3130434782608696
31,660,691,0.0469696969696969
10,506,516,0.0197628458498023
520,463,983,1.123110151187905
988,430,1418,2.297674418604651
1450,87,1537,16.666666666666668
1552,127,1679,12.22047244094488
1687,284,1971,5.940140845070423
109,1001,1110,0.1088911088911089
64,920,984,0.0695652173913043
993,839,1832,1.1835518474374256
190,757,947,0.2509907529722589
24,599,623,0.0400667779632721
41,324,365,0.1265432098765432
367,33,400,11.12121212121212
129,332,461,0.3885542168674699
471,405,876,1.162962962962963
53,558,611,0.0949820788530465
29,103,132,0.2815533980582524
247,296,543,0.8344594594594594
1595,228,1823,6.995614035087719
2575,295,2870,8.728813559322035
2877,65,2942,44.261538461538464
2959,198,3157,14.944444444444445
3638,336,3974,10.827380952380953
4305,292,4597,14.743150684931509
4928,278,5206,17.72661870503597
5277,161,5438,32.77639751552795
5535,232,5767,23.85775862068965
6141,489,6630,12.558282208588958
6640,512,7152,12.96875
7165,368,7533,19.470108695652176
7543,342,7885,22.05555555555556
21,693,714,0.0303030303030303
1255,528,1783,2.3768939393939394
1844,567,2411,3.252204585537919
2445,385,2830,6.35064935064935
2875,410,3285,7.012195121951219
3530,299,3829,11.806020066889632
9,154,163,0.0584415584415584
173,78,251,2.217948717948718
285,108,393,2.638888888888889
759,638,1397,1.1896551724137931
1406,561,1967,2.506238859180036
2916,716,3632,4.072625698324022
414,215,629,1.9255813953488368
663,293,956,2.262798634812287
1514,568,2082,2.665492957746479
2156,662,2818,3.256797583081571
5640,534,6174,10.561797752808989
6220,453,6673,13.730684326710817
6717,633,7350,10.611374407582938
1763,456,2219,3.866228070175439
96,945,1041,0.1015873015873015
1052,602,1654,1.7475083056478404
41,665,706,0.0616541353383458
730,451,1181,1.6186252771618626
1262,486,1748,2.596707818930041
1952,482,2434,4.049792531120332
2708,769,3477,3.5214564369310795
3496,1002,4498,3.489021956087824
1014,81,1095,12.51851851851852
1213,490,1703,2.475510204081633
1712,610,2322,2.8065573770491805
2332,280,2612,8.32857142857143
2625,452,3077,5.807522123893805
3087,419,3506,7.3675417661097855
3564,408,3972,8.735294117647058
4001,257,4258,15.568093385214008
4310,632,4942,6.819620253164557
4967,961,5928,5.168574401664932
6009,524,6533,11.467557251908396
6688,946,7634,7.069767441860465
1140,568,1708,2.007042253521127
2795,561,3356,4.982174688057041
841,818,1659,1.028117359413203
1675,542,2217,3.0904059040590406
2233,612,2845,3.648692810457516
2869,887,3756,3.234498308906426
3772,870,4642,4.335632183908046
4658,866,5524,5.378752886836028
5540,433,5973,12.79445727482679
5989,562,6551,10.65658362989324
6581,631,7212,10.42947702060222
7228,584,7812,12.376712328767123
1057,621,1678,1.7020933977455717
1731,778,2509,2.2249357326478147
8,873,881,0.0091638029782359
81,396,477,0.2045454545454545
546,800,1346,0.6825
1365,455,1820,3.0
16,598,614,0.0267558528428093
185,324,509,0.5709876543209876
535,334,869,1.6017964071856288
307,454,761,0.6762114537444934
327,366,693,0.8934426229508197
696,168,864,4.142857142857143
9,269,278,0.0334572490706319
289,278,567,1.039568345323741
576,149,725,3.865771812080537
728,341,1069,2.134897360703812
1072,294,1366,3.6462585034013606
1369,200,1569,6.845
25,615,640,0.040650406504065
62,470,532,0.1319148936170212
631,524,1155,1.204198473282443
1183,265,1448,4.464150943396226
1468,475,1943,3.090526315789474
1952,774,2726,2.5219638242894056
2734,546,3280,5.007326007326007
19,326,345,0.058282208588957
371,81,452,4.580246913580247
474,113,587,4.1946902654867255
605,511,1116,1.183953033268102
1145,715,1860,1.6013986013986017
13,227,240,0.0572687224669603
246,196,442,1.2551020408163265
1260,828,2088,1.5217391304347827
68,882,950,0.0770975056689342
1720,784,2504,2.193877551020408
2577,569,3146,4.528998242530756
3221,637,3858,5.056514913657771
3931,602,4533,6.529900332225914
4613,683,5296,6.75402635431918
5374,822,6196,6.537712895377129
6269,578,6847,10.846020761245676
81,830,911,0.0975903614457831
932,583,1515,1.5986277873070327
1541,844,2385,1.825829383886256
2434,720,3154,3.3805555555555555
3193,722,3915,4.422437673130194
3927,560,4487,7.0125
4507,917,5424,4.914940021810251
44,605,649,0.0727272727272727
668,608,1276,1.0986842105263157
1290,641,1931,2.012480499219969
110,777,887,0.1415701415701415
897,603,1500,1.4875621890547264
1522,738,2260,2.062330623306233
16,408,424,0.0392156862745098
96,935,1031,0.1026737967914438
3458,777,4235,4.45045045045045
4308,969,5277,4.445820433436532
6562,888,7450,7.38963963963964
133,466,599,0.2854077253218884
768,778,1546,0.987146529562982
1571,916,2487,1.715065502183406
522,401,923,1.3017456359102244
57,27,84,2.111111111111111
1713,396,2109,4.325757575757576
3339,379,3718,8.810026385224274
5461,401,5862,13.618453865336658
40,962,1002,0.0415800415800415
1029,584,1613,1.7619863013698631
1616,893,2509,1.80963045912654
2530,757,3287,3.342140026420079
3296,422,3718,7.81042654028436
3731,967,4698,3.858324715615305
4701,914,5615,5.143326039387309
1177,778,1955,1.512853470437018
2094,3,2097,698.0
212,195,407,1.087179487179487
19,484,503,0.0392561983471074
92,432,524,0.2129629629629629
415,931,1346,0.4457572502685284
1531,923,2454,1.658721560130011
2538,938,3476,2.7057569296375266
3560,932,4492,3.819742489270386
4603,554,5157,8.308664259927799
5213,938,6151,5.5575692963752665
6292,622,6914,10.115755627009646
7028,779,7807,9.021822849807446
398,28,426,14.214285714285714
884,363,1247,2.435261707988981
1295,344,1639,3.76453488372093
1649,397,2046,4.153652392947103
2080,534,2614,3.8951310861423214
2652,546,3198,4.857142857142857
3229,489,3718,6.603271983640082
3749,108,3857,34.71296296296296
4182,417,4599,10.028776978417266
4623,392,5015,11.793367346938776
5043,340,5383,14.83235294117647
5447,414,5861,13.157004830917874
5870,372,6242,15.779569892473118
6772,680,7452,9.958823529411765
7488,591,8079,12.67005076142132
84,597,681,0.1407035175879397
733,1000,1733,0.733
1749,454,2203,3.852422907488987
2226,952,3178,2.338235294117647
3180,376,3556,8.457446808510639
3597,855,4452,4.207017543859649
4480,603,5083,7.429519071310116
71,29,100,2.4482758620689653
650,135,785,4.814814814814815
2232,11,2243,202.9090909090909
2327,338,2665,6.884615384615385
2684,336,3020,7.988095238095238
3035,211,3246,14.383886255924171
3274,359,3633,9.119777158774374
3638,328,3966,11.091463414634148
3971,217,4188,18.29953917050691
214,9,223,23.77777777777778
231,8,239,28.875
352,10,362,35.2
391,8,399,48.875
512,23,535,22.26086956521739
547,26,573,21.03846153846154
956,49,1005,19.51020408163265
1014,8,1022,126.75
1135,25,1160,45.4
1177,25,1202,47.08
1446,91,1537,15.89010989010989
1574,8,1582,196.75
1695,28,1723,60.535714285714285
1729,27,1756,64.03703703703704
2240,138,2378,16.231884057971016
2411,8,2419,301.375
2532,31,2563,81.6774193548387
2577,25,2602,103.08
2839,143,2982,19.853146853146853
2991,8,2999,373.875
3112,8,3120,389.0
3183,10,3193,318.3
3252,47,3299,69.19148936170212
3308,47,3355,70.38297872340425
3859,222,4081,17.382882882882882
55,856,911,0.0642523364485981
934,596,1530,1.5671140939597314
1562,338,1900,4.621301775147929
1918,407,2325,4.712530712530713
2345,615,2960,3.813008130081301
2984,352,3336,8.477272727272727
3376,477,3853,7.077568134171908
3906,284,4190,13.753521126760564
4227,743,4970,5.689098250336474
5042,374,5416,13.481283422459892
103,374,477,0.2754010695187165
499,503,1002,0.9920477137176938
54,219,273,0.2465753424657534
27,986,1013,0.0273833671399594
78,463,541,0.1684665226781857
576,1000,1576,0.576
1591,918,2509,1.733115468409586
2533,691,3224,3.665701881331404
3261,972,4233,3.3549382716049383
4248,39,4287,108.92307692307692
4315,996,5311,4.332329317269076
5328,764,6092,6.973821989528796
6148,300,6448,20.49333333333333
6510,882,7392,7.380952380952381
138,4,142,34.5
446,4,450,111.5
457,19,476,24.05263157894737
643,4,647,160.75
682,727,1409,0.938101788170564
1540,369,1909,4.173441734417344
374,986,1360,0.3793103448275862
1366,129,1495,10.589147286821705
1544,208,1752,7.423076923076923
29,69,98,0.4202898550724637
112,42,154,2.6666666666666665
163,106,269,1.5377358490566038
279,130,409,2.146153846153846
419,39,458,10.743589743589745
470,46,516,10.217391304347826
537,57,594,9.421052631578949
604,39,643,15.487179487179487
669,93,762,7.193548387096774
773,53,826,14.58490566037736
855,87,942,9.827586206896552
954,39,993,24.46153846153846
1038,52,1090,19.96153846153846
1105,77,1182,14.35064935064935
1210,58,1268,20.86206896551724
1285,69,1354,18.6231884057971
1378,89,1467,15.48314606741573
1516,102,1618,14.862745098039216
1659,538,2197,3.08364312267658
2225,104,2329,21.39423076923077
2337,62,2399,37.693548387096776
2428,165,2593,14.715151515151517
2615,127,2742,20.590551181102363
2761,69,2830,40.01449275362319
2847,247,3094,11.526315789473683
3123,211,3334,14.80094786729858
3354,459,3813,7.30718954248366
3863,139,4002,27.79136690647482
4040,388,4428,10.41237113402062
4461,107,4568,41.691588785046726
4607,105,4712,43.87619047619047
4735,217,4952,21.82027649769585
4997,116,5113,43.07758620689656
5133,122,5255,42.07377049180328
5276,121,5397,43.603305785123965
5440,194,5634,28.04123711340206
5662,118,5780,47.983050847457626
5791,223,6014,25.968609865470853
6038,32,6070,188.6875
6083,62,6145,98.11290322580643
6156,71,6227,86.70422535211267
6244,73,6317,85.53424657534246
21,94,115,0.2234042553191489
139,58,197,2.396551724137931
246,282,528,0.8723404255319149
100,669,769,0.1494768310911808
887,557,1444,1.59245960502693
1522,526,2048,2.893536121673004
74,443,517,0.1670428893905192
538,487,1025,1.104722792607803
1040,1008,2048,1.031746031746032
2051,560,2611,3.6625
2633,776,3409,3.393041237113402
461,280,741,1.6464285714285714
45,643,688,0.0699844479004665
727,664,1391,1.0948795180722892
69,463,532,0.1490280777537797
490,821,1311,0.5968331303288672
1327,629,1956,2.109697933227345
1965,12,1977,163.75
1987,597,2584,3.3283082077051924
2599,747,3346,3.4792503346720216
3354,16,3370,209.625
26,742,768,0.0350404312668463
797,29,826,27.48275862068965
2158,566,2724,3.812720848056537
2739,914,3653,2.9967177242888403
3667,138,3805,26.57246376811594
3824,580,4404,6.593103448275862
4430,590,5020,7.508474576271187
5135,617,5752,8.322528363047002
5767,536,6303,10.759328358208956
18,641,659,0.0280811232449297
687,555,1242,1.237837837837838
1356,531,1887,2.553672316384181
1903,472,2375,4.031779661016949
2395,779,3174,3.0744544287548137
3315,812,4127,4.082512315270936
25,683,708,0.0366032210834553
782,842,1624,0.9287410926365796
1633,302,1935,5.4072847682119205
2021,844,2865,2.394549763033176
2872,338,3210,8.497041420118343
18,111,129,0.1621621621621621
144,440,584,0.3272727272727272
597,102,699,5.852941176470588
1804,159,1963,11.345911949685537
1975,704,2679,2.805397727272727
2692,389,3081,6.920308483290489
7,66,73,0.106060606060606
27,491,518,0.054989816700611
73,501,574,0.1457085828343313
597,495,1092,1.206060606060606
1158,507,1665,2.2840236686390534
1700,789,2489,2.1546261089987326
2515,463,2978,5.431965442764579
1882,713,2595,2.6395511921458628
408,975,1383,0.4184615384615384
35,1018,1053,0.0343811394891945
1056,576,1632,1.8333333333333333
2726,225,2951,12.115555555555556
3003,704,3707,4.265625
3720,209,3929,17.79904306220096
4074,281,4355,14.498220640569397
4482,271,4753,16.538745387453876
4765,395,5160,12.063291139240508
5584,313,5897,17.840255591054312
5918,137,6055,43.197080291970806
25,565,590,0.0442477876106194
262,129,391,2.031007751937985
949,176,1125,5.392045454545454
1131,141,1272,8.02127659574468
1278,312,1590,4.096153846153846
1596,496,2092,3.217741935483871
2103,264,2367,7.965909090909091
2381,104,2485,22.89423076923077
2498,641,3139,3.8970358814352575
3145,499,3644,6.302605210420841
3650,712,4362,5.126404494382022
4368,538,4906,8.118959107806692
4912,767,5679,6.404172099087353
5685,540,6225,10.52777777777778
6231,848,7079,7.347877358490566
7085,222,7307,31.914414414414413
17,592,609,0.0287162162162162
45,714,759,0.0630252100840336
1242,908,2150,1.36784140969163
444,403,847,1.1017369727047146
1274,395,1669,3.2253164556962024
468,675,1143,0.6933333333333334
1193,742,1935,1.6078167115902966
2143,755,2898,2.83841059602649
2927,439,3366,6.667425968109339
3376,364,3740,9.274725274725276
3833,233,4066,16.450643776824034
4076,169,4245,24.118343195266277
4255,3,4258,1418.3333333333333
50,777,827,0.0643500643500643
45,643,688,0.0699844479004665
727,664,1391,1.0948795180722892
1408,422,1830,3.3364928909952605
65,840,905,0.0773809523809523
142,89,231,1.595505617977528
316,510,826,0.6196078431372549
880,389,1269,2.2622107969151672
1549,525,2074,2.9504761904761905
32,672,704,0.0476190476190476
722,737,1459,0.9796472184531886
1474,803,2277,1.8356164383561644
2294,625,2919,3.6704
2953,423,3376,6.9810874704491725
3410,51,3461,66.86274509803921
3533,880,4413,4.014772727272727
4463,28,4491,159.39285714285714
4544,936,5480,4.854700854700854
5482,303,5785,18.09240924092409
5803,419,6222,13.84964200477327
6235,420,6655,14.845238095238097
6668,385,7053,17.31948051948052
7070,354,7424,19.971751412429377
24,636,660,0.0377358490566037
691,687,1378,1.0058224163027656
1408,582,1990,2.419243986254296
2006,240,2246,8.358333333333333
2272,532,2804,4.270676691729324
2826,740,3566,3.818918918918919
3574,390,3964,9.164102564102564
3987,274,4261,14.55109489051095
5059,305,5364,16.58688524590164
5383,137,5520,39.29197080291971
6170,85,6255,72.58823529411765
6272,130,6402,48.246153846153845
6453,225,6678,28.68
6698,229,6927,29.24890829694323
6963,183,7146,38.04918032786885
7174,170,7344,42.2
7360,179,7539,41.11731843575419
7557,467,8024,16.182012847965737
57,411,468,0.1386861313868613
497,565,1062,0.879646017699115
33,565,598,0.0584070796460177
1725,998,2723,1.728456913827655
4487,988,5475,4.541497975708502
5507,709,6216,7.767277856135402
16,102,118,0.1568627450980392
138,91,229,1.5164835164835164
261,235,496,1.1106382978723404
519,147,666,3.5306122448979598
685,65,750,10.538461538461538
772,131,903,5.893129770992366
930,93,1023,10.0
1033,119,1152,8.680672268907562
156,198,354,0.7878787878787878
16,527,543,0.0303605313092979
550,535,1085,1.02803738317757
1094,520,1614,2.103846153846154
1618,314,1932,5.1528662420382165
13,425,438,0.0305882352941176
462,344,806,1.3430232558139534
837,499,1336,1.6773547094188377
1348,619,1967,2.1777059773828755
1983,518,2501,3.828185328185328
21,418,439,0.0502392344497607
469,309,778,1.5177993527508091
798,370,1168,2.156756756756757
55,513,568,0.1072124756335282
625,391,1016,1.59846547314578
1036,57,1093,18.17543859649123
1209,363,1572,3.330578512396694
390,380,770,1.0263157894736843
773,390,1163,1.982051282051282
1166,367,1533,3.177111716621253
1536,385,1921,3.9896103896103896
1934,201,2135,9.621890547263682
442,929,1371,0.4757804090419806
1824,940,2764,1.9404255319148933
3078,488,3566,6.307377049180328
3899,511,4410,7.63013698630137
4742,510,5252,9.298039215686275
5642,681,6323,8.284875183553599
6614,791,7405,8.361567635903919
31,501,532,0.06187624750499
567,541,1108,1.0480591497227356
1127,829,1956,1.3594692400482509
1983,726,2709,2.731404958677686
2758,685,3443,4.026277372262774
3472,308,3780,11.272727272727272
3801,292,4093,13.017123287671232
4121,479,4600,8.603340292275574
4607,46,4653,100.15217391304348
892,489,1381,1.8241308793456037
1593,203,1796,7.847290640394089
344,699,1043,0.4921316165951359
133,12,145,11.083333333333334
288,13,301,22.153846153846157
406,478,884,0.8493723849372385
1082,113,1195,9.575221238938052
1211,42,1253,28.83333333333333
1391,35,1426,39.74285714285714
1441,226,1667,6.376106194690266
1682,183,1865,9.191256830601093
1884,136,2020,13.852941176470589
2037,290,2327,7.024137931034483
2338,683,3021,3.423133235724744
3038,447,3485,6.796420581655481
962,101,1063,9.524752475247524
93,33,126,2.8181818181818183
22,579,601,0.0379965457685664
611,218,829,2.802752293577982
842,762,1604,1.10498687664042
1622,555,2177,2.9225225225225224
2193,527,2720,4.161290322580645
2735,593,3328,4.612141652613828
3341,43,3384,77.69767441860465
3396,46,3442,73.82608695652173
141,425,566,0.3317647058823529
55,470,525,0.1170212765957446
26,428,454,0.0607476635514018
21,506,527,0.0415019762845849
3722,791,4513,4.70543615676359
4539,1018,5557,4.458742632612966
194,553,747,0.3508137432188065
847,772,1619,1.0971502590673574
1627,523,2150,3.110898661567877
2202,529,2731,4.162570888468809
2746,580,3326,4.73448275862069
3371,672,4043,5.016369047619048
4057,628,4685,6.460191082802548
4730,785,5515,6.025477707006369
5552,947,6499,5.8627243928194295
6608,605,7213,10.922314049586776
7261,410,7671,17.709756097560977
163,954,1117,0.1708595387840671
1153,1007,2160,1.1449851042701091
2202,997,3199,2.208625877632899
4312,892,5204,4.834080717488789
5239,939,6178,5.579339723109691
6215,836,7051,7.434210526315789
7083,792,7875,8.943181818181818
83,318,401,0.2610062893081761
427,287,714,1.4878048780487805
740,249,989,2.9718875502008038
1122,323,1445,3.473684210526316
1471,311,1782,4.729903536977492
1865,322,2187,5.791925465838509
2213,342,2555,6.470760233918129
2581,94,2675,27.45744680851064
2946,275,3221,10.712727272727273
3247,270,3517,12.025925925925923
3610,242,3852,14.917355371900827
3873,320,4193,12.103125
4454,162,4616,27.493827160493822
4664,147,4811,31.727891156462587
5245,329,5574,15.94224924012158
5595,204,5799,27.426470588235293
6053,292,6345,20.72945205479452
6366,163,6529,39.05521472392638
6563,50,6613,131.26
6774,289,7063,23.439446366782008
7084,146,7230,48.52054794520548
7326,303,7629,24.178217821782177
105,505,610,0.2079207920792079
692,125,817,5.536
879,615,1494,1.4292682926829268
39,738,777,0.0528455284552845
784,371,1155,2.1132075471698117
11,957,968,0.0114942528735632
971,114,1085,8.517543859649123
1135,580,1715,1.956896551724138
1744,847,2591,2.0590318772136955
30,890,920,0.0337078651685393
144,96,240,1.5
285,717,1002,0.3974895397489539
1021,543,1564,1.880294659300184
1576,710,2286,2.219718309859155
2299,438,2737,5.248858447488584
2749,172,2921,15.982558139534884
2931,461,3392,6.357917570498915
3401,305,3706,11.150819672131147
3748,572,4320,6.5524475524475525
4364,637,5001,6.850863422291994
5015,242,5257,20.723140495867767
43,462,505,0.093073593073593
528,597,1125,0.8844221105527639
1132,441,1573,2.566893424036281
1613,697,2310,2.3142037302725966
2335,224,2559,10.424107142857142
2588,374,2962,6.919786096256685
3004,536,3540,5.604477611940299
39,967,1006,0.0403309203722854
1025,991,2016,1.0343087790111
2037,718,2755,2.837047353760445
2765,700,3465,3.95
3475,988,4463,3.5172064777327936
4475,982,5457,4.557026476578411
5462,964,6426,5.66597510373444
6435,993,7428,6.480362537764351
58,983,1041,0.0590030518819938
1354,389,1743,3.480719794344473
1814,103,1917,17.611650485436893
1978,402,2380,4.920398009950249
2495,134,2629,18.619402985074625
28,269,297,0.104089219330855
326,504,830,0.6468253968253969
951,732,1683,1.2991803278688523
1858,844,2702,2.2014218009478674
2864,783,3647,3.657726692209451
3824,642,4466,5.956386292834891
4515,673,5188,6.708766716196137
5213,728,5941,7.160714285714286
5958,808,6766,7.373762376237623
6771,531,7302,12.751412429378531
45,763,808,0.0589777195281782
819,412,1231,1.9878640776699028
1255,461,1716,2.72234273318872
1731,414,2145,4.181159420289855
2148,432,2580,4.972222222222222
2583,380,2963,6.797368421052632
2966,417,3383,7.112709832134293
3386,259,3645,13.073359073359072
3648,293,3941,12.450511945392492
3964,444,4408,8.927927927927929
4411,462,4873,9.547619047619047
4881,392,5273,12.451530612244898
5287,489,5776,10.811860940695295
5779,326,6105,17.726993865030675
6113,302,6415,20.24172185430464
6428,331,6759,19.41993957703928
6762,310,7072,21.81290322580645
7075,307,7382,23.04560260586319
7402,301,7703,24.591362126245848
7706,296,8002,26.033783783783782
325,952,1277,0.3413865546218487
1402,284,1686,4.936619718309859
1815,414,2229,4.384057971014493
2406,372,2778,6.467741935483871
2879,398,3277,7.233668341708543
3387,141,3528,24.02127659574468
3582,477,4059,7.509433962264151
1636,626,2262,2.6134185303514377
69,781,850,0.088348271446863
20,76,96,0.2631578947368421
163,124,287,1.314516129032258
1822,33,1855,55.21212121212121
2964,33,2997,89.81818181818181
4049,35,4084,115.68571428571428
4904,35,4939,140.11428571428573
5776,35,5811,165.02857142857144
7067,31,7098,227.96774193548387
7125,396,7521,17.992424242424242
763,325,1088,2.3476923076923075
1103,328,1431,3.3628048780487805
19,688,707,0.0276162790697674
303,336,639,0.9017857142857144
921,303,1224,3.03960396039604
1990,308,2298,6.461038961038961
3232,434,3666,7.447004608294931
15,391,406,0.0383631713554987
420,62,482,6.774193548387097
487,110,597,4.427272727272728
633,84,717,7.535714285714286
722,56,778,12.892857142857142
783,62,845,12.629032258064516
852,60,912,14.2
919,57,976,16.12280701754386
985,64,1049,15.390625
1053,56,1109,18.803571428571427
1119,63,1182,17.761904761904763
1189,58,1247,20.5
1254,62,1316,20.225806451612904
1323,57,1380,23.210526315789476
1387,59,1446,23.508474576271187
1484,112,1596,13.25
3546,2,3548,1773.0
3636,132,3768,27.545454545454547
3814,274,4088,13.91970802919708
4149,113,4262,36.71681415929204
4302,108,4410,39.833333333333336
4456,81,4537,55.01234567901235
37,273,310,0.1355311355311355
53,45,98,1.1777777777777778
113,38,151,2.973684210526316
885,411,1296,2.153284671532847
1596,167,1763,9.55688622754491
1973,139,2112,14.194244604316546
2359,131,2490,18.00763358778626
2711,148,2859,18.31756756756757
160,918,1078,0.1742919389978213
1096,583,1679,1.8799313893653515
1738,935,2673,1.8588235294117648
2690,415,3105,6.481927710843373
3168,591,3759,5.360406091370559
3846,297,4143,12.94949494949495
4252,942,5194,4.51380042462845
5202,947,6149,5.493136219640972
6157,645,6802,9.545736434108528
6857,942,7799,7.279193205944798
95,550,645,0.1727272727272727
697,714,1411,0.9761904761904762
1434,317,1751,4.523659305993691
1800,187,1987,9.62566844919786
112,313,425,0.3578274760383386
570,366,936,1.5573770491803278
36,599,635,0.0601001669449081
653,557,1210,1.172351885098743
1228,583,1811,2.106346483704974
1911,747,2658,2.5582329317269075
2713,552,3265,4.9148550724637685
3402,428,3830,7.9485981308411215
3949,507,4456,7.788954635108481
17,542,559,0.0313653136531365
618,449,1067,1.376391982182628
1100,447,1547,2.460850111856823
1596,462,2058,3.4545454545454546
2097,344,2441,6.09593023255814
2506,485,2991,5.167010309278351
3108,346,3454,8.982658959537572
3480,551,4031,6.315789473684211
4094,605,4699,6.7669421487603305
4726,445,5171,10.620224719101124
5236,606,5842,8.64026402640264
97,618,715,0.156957928802589
96,935,1031,0.1026737967914438
3458,777,4235,4.45045045045045
4308,969,5277,4.445820433436532
6562,888,7450,7.38963963963964
91,739,830,0.1231393775372124
1096,667,1763,1.6431784107946028
44,534,578,0.0823970037453183
601,457,1058,1.3150984682713347
1065,493,1558,2.160243407707911
1563,475,2038,3.290526315789473
2056,505,2561,4.071287128712871
2578,471,3049,5.473460721868365
3064,578,3642,5.301038062283737
104,440,544,0.2363636363636363
565,386,951,1.4637305699481866
978,600,1578,1.63
1635,345,1980,4.739130434782608
2024,443,2467,4.568848758465012
2499,382,2881,6.541884816753926
2899,402,3301,7.211442786069652
3377,415,3792,8.137349397590361
4017,797,4814,5.040150564617315
124,92,216,1.3478260869565215
221,106,327,2.0849056603773586
332,166,498,2.0
508,67,575,7.582089552238806
583,217,800,2.686635944700461
808,98,906,8.244897959183673
962,319,1281,3.0156739811912225
1302,105,1407,12.4
8,614,622,0.013029315960912
413,913,1326,0.452354874041621
1360,1005,2365,1.3532338308457712
2399,868,3267,2.763824884792627
3301,477,3778,6.920335429769392
378,463,841,0.816414686825054
4455,284,4739,15.68661971830986
390,378,768,1.031746031746032
26,760,786,0.0342105263157894
48,1002,1050,0.0479041916167664
1103,463,1566,2.3822894168466524
1614,725,2339,2.2262068965517243
2405,968,3373,2.4845041322314048
3412,1006,4418,3.3916500994035785
4456,1015,5471,4.390147783251232
43,460,503,0.0934782608695652
513,349,862,1.4699140401146131
63,455,518,0.1384615384615384
521,338,859,1.5414201183431953
873,387,1260,2.255813953488372
1316,331,1647,3.97583081570997
1650,312,1962,5.288461538461538
829,98,927,8.459183673469388
51,225,276,0.2266666666666666
424,313,737,1.354632587859425
760,33,793,23.03030303030303
801,224,1025,3.575892857142857
1074,163,1237,6.588957055214724
1286,139,1425,9.251798561151078
1870,655,2525,2.854961832061069
2567,728,3295,3.526098901098901
3310,134,3444,24.70149253731343
3479,930,4409,3.7408602150537633
18,414,432,0.0434782608695652
168,209,377,0.8038277511961722
488,270,758,1.8074074074074076
904,758,1662,1.1926121372031662
1772,95,1867,18.652631578947368
1912,123,2035,15.544715447154472
2156,375,2531,5.749333333333333
2666,378,3044,7.052910052910053
3084,77,3161,40.05194805194805
3174,47,3221,67.53191489361703
3287,79,3366,41.607594936708864
3397,114,3511,29.79824561403509
3571,129,3700,27.68217054263566
3734,67,3801,55.73134328358209
3817,50,3867,76.34
36,503,539,0.0715705765407554
595,509,1104,1.168958742632613
1168,467,1635,2.501070663811563
1682,466,2148,3.609442060085837
2177,610,2787,3.568852459016393
2801,535,3336,5.235514018691589
3346,443,3789,7.553047404063205
116,276,392,0.4202898550724637
70,307,377,0.2280130293159609
384,389,773,0.987146529562982
2776,469,3245,5.918976545842217
3410,627,4037,5.43859649122807
4046,51,4097,79.33333333333333
4109,73,4182,56.28767123287671
63,53,116,1.1886792452830188
1082,816,1898,1.3259803921568627
2518,70,2588,35.97142857142857
3218,20,3238,160.9
3249,611,3860,5.317512274959084
3915,528,4443,7.414772727272727
4481,530,5011,8.454716981132075
5455,468,5923,11.655982905982906
6093,163,6256,37.38036809815951
11,433,444,0.0254041570438799
462,455,917,1.015384615384615
948,241,1189,3.933609958506224
1219,462,1681,2.6385281385281387
1712,188,1900,9.106382978723405
29,852,881,0.034037558685446
890,598,1488,1.4882943143812708
1548,851,2399,1.81903642773208
2630,955,3585,2.7539267015706805
3593,970,4563,3.7041237113402063
4570,316,4886,14.462025316455696
4979,983,5962,5.065106815869786
5986,588,6574,10.180272108843536
96,76,172,1.263157894736842
289,59,348,4.898305084745763
766,308,1074,2.487012987012987
1080,306,1386,3.5294117647058822
1392,192,1584,7.25
1689,293,1982,5.764505119453925
2100,297,2397,7.070707070707071
2403,222,2625,10.824324324324325
885,807,1692,1.096654275092937
8,787,795,0.0101651842439644
84,517,601,0.1624758220502901
609,248,857,2.4556451612903225
863,323,1186,2.671826625386997
60,582,642,0.1030927835051546
678,525,1203,1.2914285714285714
1305,630,1935,2.071428571428572
2185,668,2853,3.270958083832336
3140,791,3931,3.969658659924147
4068,569,4637,7.1493848857645
4739,601,5340,7.885191347753744
5382,659,6041,8.166919575113809
941,1008,1949,0.933531746031746
2054,684,2738,3.002923976608187
90,422,512,0.2132701421800948
558,458,1016,1.218340611353712
47,639,686,0.0735524256651017
723,534,1257,1.353932584269663
83,394,477,0.2106598984771573
489,373,862,1.3109919571045576
873,345,1218,2.530434782608696
1275,464,1739,2.747844827586207
1741,254,1995,6.854330708661418
2051,360,2411,5.697222222222222
2413,358,2771,6.740223463687151
2791,600,3391,4.651666666666666
3511,578,4089,6.07439446366782
4106,986,5092,4.164300202839756
5096,38,5134,134.10526315789474
30,64,94,0.46875
99,94,193,1.053191489361702
201,93,294,2.161290322580645
308,90,398,3.422222222222222
403,83,486,4.855421686746988
501,94,595,5.329787234042553
603,260,863,2.319230769230769
878,87,965,10.091954022988508
986,97,1083,10.164948453608249
1096,213,1309,5.145539906103286
1324,730,2054,1.8136986301369864
4,360,364,0.0111111111111111
366,354,720,1.0338983050847457
723,129,852,5.604651162790698
889,185,1074,4.805405405405406
1113,256,1369,4.34765625
1459,239,1698,6.104602510460251
1772,231,2003,7.670995670995671
2073,226,2299,9.172566371681416
2363,227,2590,10.409691629955947
2652,424,3076,6.254716981132075
3081,653,3734,4.71822358346095
3736,59,3795,63.32203389830509
497,215,712,2.311627906976744
746,170,916,4.388235294117648
45,14,59,3.2142857142857144
85,19,104,4.473684210526316
116,114,230,1.0175438596491229
250,70,320,3.571428571428572
543,239,782,2.271966527196653
791,181,972,4.370165745856354
44,369,413,0.1192411924119241
423,309,732,1.3689320388349515
246,573,819,0.4293193717277487
999,681,1680,1.4669603524229076
1744,840,2584,2.0761904761904764
2616,804,3420,3.253731343283582
3600,789,4389,4.562737642585551
4500,856,5356,5.257009345794392
5446,43,5489,126.65116279069768
5552,416,5968,13.346153846153848
5975,787,6762,7.592121982210927
6811,653,7464,10.43032159264931
98,803,901,0.1220423412204234
359,1018,1377,0.3526522593320236
1410,380,1790,3.710526315789474
91,243,334,0.3744855967078189
621,491,1112,1.264765784114053
417,273,690,1.5274725274725274
718,621,1339,1.1561996779388084
34,563,597,0.0603907637655417
607,618,1225,0.982200647249191
1282,602,1884,2.129568106312292
9,224,233,0.0401785714285714
263,285,548,0.9228070175438596
573,285,858,2.0105263157894737
927,189,1116,4.904761904761905
1222,76,1298,16.07894736842105
152,581,733,0.261617900172117
737,828,1565,0.8900966183574879
1569,487,2056,3.2217659137577
2060,754,2814,2.7320954907161803
2832,778,3610,3.640102827763496
3659,661,4320,5.535552193645991
4324,99,4423,43.67676767676768
4426,13,4439,340.46153846153845
4591,824,5415,5.571601941747573
5419,780,6199,6.947435897435898
6203,705,6908,8.798581560283688
55,126,181,0.4365079365079365
193,115,308,1.6782608695652177
1483,130,1613,11.407692307692308
1629,179,1808,9.100558659217876
26,793,819,0.0327868852459016
2653,855,3508,3.1029239766081878
3560,1020,4580,3.4901960784313726
4596,588,5184,7.816326530612245
346,40,386,8.65
20,925,945,0.0216216216216216
969,590,1559,1.6423728813559322
1585,768,2353,2.063802083333333
2381,909,3290,2.61936193619362
3293,939,4232,3.50692225772098
4235,299,4534,14.163879598662207
4555,476,5031,9.569327731092438
5041,246,5287,20.491869918699187
261,2,263,130.5
360,291,651,1.2371134020618555
78,685,763,0.1138686131386861
66,716,782,0.0921787709497206
856,15,871,57.06666666666667
941,970,1911,0.9701030927835051
1983,25,2008,79.32
2082,9,2091,231.33333333333331
2118,443,2561,4.781038374717833
2660,26,2686,102.3076923076923
2784,226,3010,12.31858407079646
3036,496,3532,6.120967741935484
3548,510,4058,6.956862745098039
4086,396,4482,10.318181818181818
4520,93,4613,48.60215053763441
4657,881,5538,5.286038592508513
5582,34,5616,164.1764705882353
5642,83,5725,67.97590361445783
5770,226,5996,25.530973451327437
6070,678,6748,8.952802359882005
6806,547,7353,12.442413162705668
7517,481,7998,15.627858627858627
118,31,149,3.806451612903226
794,39,833,20.35897435897436
862,440,1302,1.959090909090909
1683,418,2101,4.026315789473684
2224,645,2869,3.448062015503876
2922,346,3268,8.445086705202312
3311,364,3675,9.096153846153848
4268,80,4348,53.35
4421,151,4572,29.27814569536424
4628,344,4972,13.453488372093023
4986,435,5421,11.462068965517242
5489,304,5793,18.05592105263158
5937,400,6337,14.8425
6416,159,6575,40.35220125786164
6710,562,7272,11.93950177935943
311,51,362,6.098039215686274
1114,95,1209,11.726315789473684
1562,114,1676,13.701754385964913
2104,19,2123,110.73684210526316
2160,93,2253,23.225806451612904
2458,134,2592,18.34328358208955
2640,187,2827,14.117647058823527
2981,217,3198,13.737327188940093
3230,154,3384,20.97402597402597
3410,444,3854,7.68018018018018
3873,339,4212,11.424778761061948
4229,203,4432,20.832512315270936
4477,190,4667,23.563157894736843
4698,85,4783,55.27058823529412
5026,224,5250,22.4375
5356,153,5509,35.00653594771242
5630,39,5669,144.35897435897436
5789,38,5827,152.3421052631579
6100,118,6218,51.69491525423729
6428,167,6595,38.49101796407186
6858,158,7016,43.40506329113924
7057,160,7217,44.10625
7240,133,7373,54.43609022556391
7398,186,7584,39.774193548387096
7647,187,7834,40.89304812834224
99,549,648,0.180327868852459
683,645,1328,1.0589147286821703
1347,488,1835,2.7602459016393444
1853,453,2306,4.090507726269316
2344,371,2715,6.318059299191375
2741,445,3186,6.159550561797753
3222,503,3725,6.405566600397615
3834,790,4624,4.853164556962025
4643,513,5156,9.050682261208577
5194,619,5813,8.390953150242327
5842,470,6312,12.429787234042552
374,40,414,9.35
492,112,604,4.392857142857143
611,146,757,4.184931506849315
763,179,942,4.262569832402234
946,211,1157,4.483412322274882
24,85,109,0.2823529411764706
143,198,341,0.7222222222222222
353,211,564,1.6729857819905214
17,451,468,0.0376940133037694
22,605,627,0.0363636363636363
635,519,1154,1.2235067437379576
60,778,838,0.0771208226221079
849,819,1668,1.0366300366300367
1716,917,2633,1.871319520174482
2648,520,3168,5.092307692307692
3251,858,4109,3.789044289044289
4205,786,4991,5.349872773536895
5079,852,5931,5.961267605633803
5947,639,6586,9.306729264475743
158,432,590,0.3657407407407407
672,55,727,12.21818181818182
1005,139,1144,7.23021582733813
1799,274,2073,6.565693430656935
2354,305,2659,7.718032786885246
2698,183,2881,14.743169398907105
3380,331,3711,10.211480362537763
3751,389,4140,9.6426735218509
6267,897,7164,6.986622073578595
7259,645,7904,11.254263565891472
51,20,71,2.55
73,20,93,3.65
108,36,144,3.0
180,44,224,4.090909090909091
231,29,260,7.9655172413793105
281,33,314,8.515151515151516
354,70,424,5.057142857142857
437,39,476,11.205128205128204
515,90,605,5.722222222222222
633,441,1074,1.435374149659864
28,687,715,0.0407569141193595
33,683,716,0.048316251830161
720,797,1517,0.903387703889586
1525,712,2237,2.1418539325842696
2247,743,2990,3.024226110363392
25,910,935,0.0274725274725274
47,530,577,0.0886792452830188
15,370,385,0.0405405405405405
427,472,899,0.9046610169491526
922,118,1040,7.813559322033898
1086,104,1190,10.442307692307692
1202,70,1272,17.17142857142857
1307,73,1380,17.904109589041095
1405,147,1552,9.5578231292517
1571,63,1634,24.936507936507937
1650,102,1752,16.176470588235293
1777,142,1919,12.514084507042254
1950,158,2108,12.341772151898734
2148,160,2308,13.425
2328,79,2407,29.468354430379748
2464,72,2536,34.22222222222222
2565,487,3052,5.26694045174538
3107,252,3359,12.32936507936508
2406,929,3335,2.589881593110872
377,601,978,0.627287853577371
31,448,479,0.0691964285714285
490,39,529,12.564102564102564
555,465,1020,1.1935483870967742
1055,296,1351,3.564189189189189
36,349,385,0.1031518624641833
421,346,767,1.216763005780347
803,332,1135,2.4186746987951806
1171,792,1963,1.4785353535353536
2008,907,2915,2.2138919514884234
2978,897,3875,3.319955406911929
3886,376,4262,10.335106382978724
4306,321,4627,13.414330218068535
4676,178,4854,26.269662921348317
110,529,639,0.2079395085066162
686,515,1201,1.3320388349514565
1260,585,1845,2.1538461538461537
1893,128,2021,14.7890625
2137,244,2381,8.758196721311476
2499,360,2859,6.941666666666666
2878,214,3092,13.448598130841122
3143,246,3389,12.776422764227643
3462,262,3724,13.213740458015268
3849,692,4541,5.562138728323699
205,330,535,0.6212121212121212
23,116,139,0.1982758620689655
201,420,621,0.4785714285714286
660,225,885,2.933333333333333
976,633,1609,1.5418641390205372
1648,277,1925,5.949458483754513
2063,510,2573,4.045098039215686
2686,815,3501,3.2957055214723927
4163,626,4789,6.6501597444089455
4835,589,5424,8.208828522920204
5447,830,6277,6.562650602409638
6742,726,7468,9.286501377410469
29,669,698,0.0433482810164424
709,538,1247,1.3178438661710037
1267,491,1758,2.580448065173116
1784,286,2070,6.2377622377622375
2110,574,2684,3.6759581881533103
2716,447,3163,6.076062639821029
3175,835,4010,3.802395209580838
4034,747,4781,5.400267737617135
5882,866,6748,6.7921478060046185
6772,793,7565,8.539722572509458
142,327,469,0.4342507645259938
158,559,717,0.2826475849731664
745,457,1202,1.6301969365426696
1264,298,1562,4.241610738255034
172,359,531,0.479108635097493
646,566,1212,1.1413427561837457
1229,183,1412,6.715846994535519
1660,537,2197,3.091247672253259
2202,353,2555,6.237960339943343
2570,639,3209,4.021909233176839
3227,289,3516,11.166089965397925
3523,319,3842,11.043887147335424
3850,480,4330,8.020833333333334
23,322,345,0.0714285714285714
376,465,841,0.8086021505376344
32,661,693,0.048411497730711
729,643,1372,1.1337480559875583
111,680,791,0.163235294117647
811,289,1100,2.8062283737024223
62,313,375,0.1980830670926517
400,496,896,0.8064516129032258
14,304,318,0.0460526315789473
332,250,582,1.328
32,326,358,0.0981595092024539
170,653,823,0.2603369065849923
849,186,1035,4.564516129032258
1049,564,1613,1.8599290780141844
1657,506,2163,3.274703557312253
2209,564,2773,3.9166666666666665
2792,493,3285,5.663286004056795
3411,637,4048,5.354788069073783
4065,649,4714,6.263482280431433
73,275,348,0.2654545454545454
11,37,48,0.2972972972972973
1852,46,1898,40.26086956521739
1918,88,2006,21.795454545454547
2021,512,2533,3.947265625
2549,536,3085,4.755597014925373
3108,551,3659,5.64065335753176
3674,995,4669,3.692462311557789
4677,376,5053,12.438829787234043
5101,491,5592,10.389002036659878
5694,502,6196,11.342629482071713
6204,591,6795,10.49746192893401
6803,809,7612,8.409147095179234
7620,473,8093,16.109936575052853
47,858,905,0.0547785547785547
2551,427,2978,5.97423887587822
4218,1016,5234,4.151574803149607
5288,204,5492,25.92156862745098
5539,418,5957,13.251196172248804
6032,426,6458,14.15962441314554
6513,804,7317,8.100746268656716
7372,534,7906,13.805243445692884
1056,595,1651,1.7747899159663865
1690,955,2645,1.7696335078534031
2672,180,2852,14.844444444444443
2862,895,3757,3.197765363128492
3781,930,4711,4.065591397849462
4714,188,4902,25.074468085106385
4973,261,5234,19.05363984674329
5251,169,5420,31.071005917159763
5460,215,5675,25.3953488372093
5696,296,5992,19.24324324324324
6036,344,6380,17.546511627906977
6413,317,6730,20.23028391167193
7020,515,7535,13.631067961165048
7583,140,7723,54.16428571428571
18,470,488,0.0382978723404255
38,78,116,0.4871794871794871
148,167,315,0.8862275449101796
341,147,488,2.3197278911564627
517,183,700,2.8251366120218577
860,405,1265,2.123456790123457
2358,491,2849,4.802443991853361
3710,363,4073,10.22038567493113
60,367,427,0.1634877384196185
27,608,635,0.0444078947368421
692,562,1254,1.2313167259786475
1351,675,2026,2.0014814814814814
2047,729,2776,2.8079561042524004
2810,582,3392,4.828178694158075
3419,599,4018,5.707846410684474
4029,716,4745,5.627094972067039
4780,852,5632,5.610328638497653
79,469,548,0.1684434968017057
558,686,1244,0.8134110787172012
1263,117,1380,10.794871794871796
1457,172,1629,8.470930232558139
1633,283,1916,5.770318021201414
1930,223,2153,8.654708520179373
2189,359,2548,6.0974930362117
2584,311,2895,8.308681672025724
2946,190,3136,15.505263157894737
3244,355,3599,9.138028169014085
3684,182,3866,20.24175824175824
44,533,577,0.0825515947467167
599,339,938,1.766961651917404
1373,678,2051,2.0250737463126844
2251,1007,3258,2.235352532274081
3343,74,3417,45.17567567567568
4575,137,4712,33.394160583941606
5789,671,6460,8.6274217585693
6479,127,6606,51.01574803149607
6637,998,7635,6.650300601202405
2619,430,3049,6.090697674418605
3068,682,3750,4.498533724340176
3759,11,3770,341.72727272727275
3811,681,4492,5.596182085168869
4509,672,5181,6.709821428571429
5194,677,5871,7.672082717872969
5898,752,6650,7.843085106382978
6659,628,7287,10.603503184713375
7289,829,8118,8.792521109770808
10,293,303,0.0341296928327645
318,569,887,0.5588752196836555
14,307,321,0.0456026058631921
332,645,977,0.5147286821705427
987,348,1335,2.836206896551724
1405,585,1990,2.4017094017094016
38,733,771,0.0518417462482946
809,568,1377,1.4242957746478873
1389,927,2316,1.4983818770226538
2331,354,2685,6.584745762711864
2695,433,3128,6.224018475750578
3152,703,3855,4.483641536273115
3873,977,4850,3.9641760491299896
4980,836,5816,5.956937799043062
5839,759,6598,7.693017127799736
6640,485,7125,13.690721649484535
7212,785,7997,9.187261146496816
8,78,86,0.1025641025641025
99,544,643,0.181985294117647
652,197,849,3.3096446700507616
889,436,1325,2.038990825688073
1379,558,1937,2.471326164874552
791,816,1607,0.9693627450980392
1633,814,2447,2.006142506142506
2478,161,2639,15.391304347826088
2690,925,3615,2.908108108108108
3651,585,4236,6.241025641025641
4353,451,4804,9.651884700665189
112,487,599,0.2299794661190965
620,536,1156,1.1567164179104477
1179,713,1892,1.6535764375876578
1931,660,2591,2.925757575757576
2624,313,2937,8.383386581469649
2966,737,3703,4.024423337856174
48,880,928,0.0545454545454545
952,763,1715,1.2477064220183487
969,708,1677,1.36864406779661
52,360,412,0.1444444444444444
32,515,547,0.062135922330097
401,423,824,0.9479905437352246
836,406,1242,2.0591133004926108
1264,404,1668,3.128712871287129
1730,347,2077,4.985590778097983
2797,450,3247,6.215555555555556
3290,469,3759,7.014925373134329
3789,73,3862,51.9041095890411
4118,335,4453,12.292537313432836
5295,517,5812,10.241779497098646
5900,414,6314,14.251207729468598
93,28,121,3.321428571428572
2503,31,2534,80.74193548387096
3127,365,3492,8.567123287671233
3526,69,3595,51.10144927536232
5999,130,6129,46.14615384615384
6545,106,6651,61.74528301886792
6723,47,6770,143.04255319148936
6780,365,7145,18.575342465753423
7191,685,7876,10.497810218978104
7911,2,7913,3955.5
111,359,470,0.309192200557103
472,364,836,1.2967032967032968
838,369,1207,2.2710027100271004
1231,333,1564,3.696696696696697
1566,353,1919,4.436260623229462
1921,334,2255,5.751497005988024
2257,326,2583,6.923312883435583
112,738,850,0.1517615176151761
79,627,706,0.1259968102073365
806,790,1596,1.020253164556962
1655,791,2446,2.092288242730721
2603,825,3428,3.1551515151515157
3430,825,4255,4.157575757575757
4299,833,5132,5.160864345738295
5142,234,5376,21.97435897435897
5540,398,5938,13.919597989949748
5952,612,6564,9.72549019607843
6625,410,7035,16.158536585365855
7042,856,7898,8.226635514018692
7903,22,7925,359.22727272727275
6220,345,6565,18.02898550724637
6586,272,6858,24.21323529411765
7257,190,7447,38.194736842105264
7455,284,7739,26.25
7791,349,8140,22.32378223495702
688,805,1493,0.8546583850931677
1863,463,2326,4.023758099352052
2503,27,2530,92.70370370370372
5703,644,6347,8.855590062111801
6368,936,7304,6.803418803418803
7347,154,7501,47.70779220779221
30,807,837,0.037174721189591
45,4,49,11.25
55,4,59,13.75
73,4,77,18.25
98,4,102,24.5
127,72,199,1.7638888888888888
91,608,699,0.1496710526315789
716,390,1106,1.835897435897436
1122,363,1485,3.090909090909091
1500,612,2112,2.450980392156863
2180,698,2878,3.123209169054441
2899,816,3715,3.5526960784313726
3824,964,4788,3.966804979253112
4796,123,4919,38.99186991869919
5010,994,6004,5.040241448692153
6012,242,6254,24.84297520661157
48,460,508,0.1043478260869565
532,204,736,2.607843137254902
204,939,1143,0.2172523961661341
34,904,938,0.0376106194690265
45,867,912,0.0519031141868512
137,762,899,0.1797900262467191
926,501,1427,1.8483033932135728
1447,459,1906,3.1525054466230937
2172,35,2207,62.05714285714286
3819,216,4035,17.680555555555557
4112,745,4857,5.519463087248322
4895,340,5235,14.397058823529411
6038,678,6716,8.905604719764012
6745,82,6827,82.2560975609756
7051,401,7452,17.58354114713217
7454,203,7657,36.7192118226601
7687,167,7854,46.02994011976048
7881,33,7914,238.8181818181818
7964,7,7971,1137.7142857142858
78,969,1047,0.0804953560371517
1055,525,1580,2.009523809523809
24,495,519,0.0484848484848484
527,369,896,1.4281842818428183
906,485,1391,1.868041237113402
1399,526,1925,2.659695817490494
1946,522,2468,3.727969348659004
2847,195,3042,14.6
3047,452,3499,6.741150442477876
3504,474,3978,7.3924050632911396
3981,467,4448,8.524625267665954
4451,542,4993,8.212177121771218
4999,490,5489,10.20204081632653
5494,347,5841,15.8328530259366
5848,550,6398,10.632727272727273
6406,504,6910,12.71031746031746
6917,522,7439,13.25095785440613
7452,460,7912,16.2
19,332,351,0.0572289156626506
409,1017,1426,0.4021632251720747
1528,728,2256,2.098901098901099
2389,624,3013,3.828525641025641
3053,625,3678,4.8848
3719,769,4488,4.836150845253576
4564,710,5274,6.428169014084507
5310,1021,6331,5.200783545543585
6388,436,6824,14.65137614678899
6901,601,7502,11.48252911813644
22,121,143,0.1818181818181818
23,493,516,0.0466531440162271
25,691,716,0.0361794500723589
725,472,1197,1.5360169491525424
1209,475,1684,2.5452631578947367
5359,585,5944,9.16068376068376
94,961,1055,0.0978147762747138
1063,990,2053,1.0737373737373737
2072,779,2851,2.6598202824133503
2980,956,3936,3.1171548117154813
3944,934,4878,4.222698072805139
111,887,998,0.125140924464487
1018,325,1343,3.1323076923076925
1357,271,1628,5.007380073800738
1661,169,1830,9.828402366863903
1839,393,2232,4.679389312977099
2251,673,2924,3.344725111441308
2980,921,3901,3.235613463626493
3903,284,4187,13.742957746478874
4230,499,4729,8.47695390781563
4778,267,5045,17.89513108614232
5069,944,6013,5.369703389830509
6015,230,6245,26.15217391304348
6256,350,6606,17.874285714285715
6647,896,7543,7.418526785714286
11,97,108,0.1134020618556701
112,666,778,0.1681681681681681
786,925,1711,0.8497297297297297
34,682,716,0.0498533724340175
17,215,232,0.0790697674418604
247,413,660,0.5980629539951574
1079,294,1373,3.670068027210884
1397,314,1711,4.449044585987261
1713,261,1974,6.563218390804598
2021,286,2307,7.066433566433567
2309,391,2700,5.90537084398977
2712,33,2745,82.18181818181819
2758,95,2853,29.03157894736842
12,424,436,0.0283018867924528
452,617,1069,0.7325769854132901
1087,632,1719,1.7199367088607596
1730,286,2016,6.048951048951049
2025,307,2332,6.596091205211726
2353,485,2838,4.851546391752577
2848,444,3292,6.414414414414415
3312,184,3496,18.0
3509,159,3668,22.069182389937108
3683,219,3902,16.817351598173516
3929,268,4197,14.66044776119403
4216,674,4890,6.255192878338279
4923,593,5516,8.30185497470489
5538,396,5934,13.984848484848484
5952,224,6176,26.571428571428573
14,313,327,0.0447284345047923
79,531,610,0.1487758945386064
671,273,944,2.457875457875458
983,384,1367,2.559895833333333
42,534,576,0.0786516853932584
4694,199,4893,23.587939698492463
7663,72,7735,106.43055555555556
24,313,337,0.0766773162939297
344,583,927,0.5900514579759862
935,840,1775,1.113095238095238
59,690,749,0.0855072463768115
775,777,1552,0.9974259974259976
1658,602,2260,2.7541528239202657
17,311,328,0.0546623794212218
337,221,558,1.5248868778280542
740,125,865,5.92
877,138,1015,6.355072463768116
1056,321,1377,3.289719626168224
1795,319,2114,5.626959247648903
2133,337,2470,6.329376854599406
2501,699,3200,3.5779685264663805
23,424,447,0.0542452830188679
1767,755,2522,2.3403973509933773
343,11,354,31.181818181818183
371,152,523,2.4407894736842106
694,723,1417,0.9598893499308436
1470,568,2038,2.5880281690140845
2085,404,2489,5.160891089108911
2585,551,3136,4.691470054446461
3154,775,3929,4.069677419354838
270,76,346,3.5526315789473686
397,303,700,1.3102310231023102
733,572,1305,1.2814685314685317
1331,529,1860,2.5160680529300565
1970,785,2755,2.5095541401273884
2798,889,3687,3.1473565804274464
905,103,1008,8.78640776699029
1020,261,1281,3.9080459770114944
1290,246,1536,5.243902439024391
1547,283,1830,5.46643109540636
61,631,692,0.0966719492868462
715,883,1598,0.8097395243488109
1605,876,2481,1.832191780821918
2505,366,2871,6.844262295081967
22,847,869,0.0259740259740259
887,1014,1901,0.8747534516765286
2959,903,3862,3.276854928017719
3869,110,3979,35.17272727272727
3992,151,4143,26.43708609271523
18,205,223,0.0878048780487804
297,406,703,0.7315270935960592
9,831,840,0.0108303249097472
853,465,1318,1.8344086021505377
1328,888,2216,1.4954954954954955
2229,832,3061,2.6790865384615383
3104,983,4087,3.157680569684639
4098,802,4900,5.109725685785536
4914,978,5892,5.024539877300613
5910,668,6578,8.847305389221557
6591,684,7275,9.635964912280702
26,251,277,0.1035856573705179
297,354,651,0.8389830508474576
673,380,1053,1.7710526315789474
30,917,947,0.0327153762268266
962,916,1878,1.0502183406113537
1148,758,1906,1.5145118733509235
3001,957,3958,3.135841170323929
4010,672,4682,5.967261904761905
4707,641,5348,7.343213728549142
6611,104,6715,63.56730769230769
6733,58,6791,116.08620689655172
19,785,804,0.0242038216560509
818,120,938,6.816666666666666
953,485,1438,1.9649484536082475
1533,768,2301,1.99609375
2315,308,2623,7.516233766233766
2639,55,2694,47.98181818181818
2704,123,2827,21.98373983739837
2850,120,2970,23.75
2981,320,3301,9.315625
3320,296,3616,11.216216216216216
3634,425,4059,8.550588235294118
4086,234,4320,17.46153846153846
4369,230,4599,18.995652173913044
4626,244,4870,18.959016393442624
114,520,634,0.2192307692307692
639,534,1173,1.196629213483146
1178,534,1712,2.205992509363296
1717,517,2234,3.3210831721470018
2239,511,2750,4.38160469667319
2755,297,3052,9.276094276094277
3288,597,3885,5.507537688442211
3890,681,4571,5.7121879588839946
4576,602,5178,7.601328903654485
5248,619,5867,8.478190630048465
5872,652,6524,9.006134969325153
6529,315,6844,20.726984126984128
6885,354,7239,19.44915254237288
895,208,1103,4.302884615384615
1111,84,1195,13.226190476190476
1203,146,1349,8.23972602739726
1351,338,1689,3.997041420118343
1718,231,1949,7.437229437229437
1957,112,2069,17.473214285714285
2083,178,2261,11.702247191011235
2269,139,2408,16.323741007194243
2410,375,2785,6.426666666666667
2801,194,2995,14.438144329896907
3003,79,3082,38.0126582278481
3094,231,3325,13.393939393939394
3327,245,3572,13.579591836734696
3587,315,3902,11.387301587301588
3911,110,4021,35.554545454545455
4051,325,4376,12.464615384615383
4417,466,4883,9.478540772532188
4893,420,5313,11.65
5321,77,5398,69.1038961038961
5414,258,5672,20.984496124031008
5682,206,5888,27.58252427184466
5896,226,6122,26.08849557522124
6160,475,6635,12.968421052631578
6659,416,7075,16.00721153846154
7113,504,7617,14.113095238095235
7627,148,7775,51.53378378378378
51,26,77,1.9615384615384612
99,167,266,0.592814371257485
346,603,949,0.5737976782752903
1080,191,1271,5.654450261780105
1458,618,2076,2.3592233009708736
2263,542,2805,4.175276752767528
3035,775,3810,3.916129032258064
4005,634,4639,6.317034700315458
4841,555,5396,8.722522522522523
5489,404,5893,13.586633663366335
5933,63,5996,94.17460317460318
6034,60,6094,100.56666666666666
6141,66,6207,93.04545454545456
6254,53,6307,118.0
6346,64,6410,99.15625
6454,319,6773,20.23197492163009
31,821,852,0.0377588306942752
7,397,404,0.017632241813602
32,505,537,0.0633663366336633
543,779,1322,0.6970474967907574
1328,758,2086,1.7519788918205803
2092,991,3083,2.1109989909182643
3087,494,3581,6.248987854251012
3598,532,4130,6.7631578947368425
121,747,868,0.1619812583668005
48,635,683,0.0755905511811023
36,38,74,0.9473684210526316
587,122,709,4.811475409836065
744,591,1335,1.2588832487309645
1348,698,2046,1.9312320916905443
2059,1023,3082,2.0127077223851417
3090,425,3515,7.270588235294118
3537,962,4499,3.676715176715177
4507,638,5145,7.064263322884012
5194,773,5967,6.719275549805951
12,143,155,0.0839160839160839
171,337,508,0.5074183976261127
537,71,608,7.563380281690141
631,70,701,9.014285714285714
852,154,1006,5.532467532467533
1012,132,1144,7.666666666666667
1415,211,1626,6.706161137440758
1824,179,2003,10.189944134078212
2009,65,2074,30.907692307692308
2165,239,2404,9.05857740585774
2415,615,3030,3.926829268292683
64,26,90,2.4615384615384617
329,496,825,0.6633064516129032
1032,363,1395,2.84297520661157
1468,431,1899,3.406032482598608
2126,445,2571,4.777528089887641
2991,241,3232,12.41078838174274
3521,321,3842,10.96884735202492
3894,253,4147,15.391304347826088
4493,316,4809,14.218354430379748
7758,312,8070,24.865384615384617
102,179,281,0.5698324022346368
284,163,447,1.7423312883435582
452,204,656,2.215686274509804
666,51,717,13.058823529411764
726,108,834,6.722222222222222
840,40,880,21.0
888,75,963,11.84
978,267,1245,3.662921348314607
1270,465,1735,2.7311827956989245
1807,100,1907,18.07
1920,171,2091,11.228070175438596
2217,173,2390,12.815028901734104
2430,474,2904,5.1265822784810124
2978,481,3459,6.191268191268192
3516,471,3987,7.464968152866242
4046,397,4443,10.191435768261965
4479,476,4955,9.409663865546218
99,45,144,2.2
150,89,239,1.6853932584269662
334,436,770,0.7660550458715596
793,241,1034,3.2904564315352696
1077,446,1523,2.414798206278027
1949,688,2637,2.832848837209302
22,48,70,0.4583333333333333
79,297,376,0.265993265993266
469,655,1124,0.716030534351145
1183,745,1928,1.5879194630872484
62,355,417,0.1746478873239436
430,169,599,2.544378698224852
611,397,1008,1.5390428211586902
2573,585,3158,4.398290598290599
3170,539,3709,5.8812615955473095
3723,596,4319,6.246644295302014
4337,777,5114,5.581724581724582
5129,848,5977,6.048349056603773
6012,712,6724,8.4438202247191
38,30,68,1.2666666666666666
132,447,579,0.2953020134228188
55,556,611,0.0989208633093525
666,137,803,4.861313868613139
1230,193,1423,6.373056994818653
1442,587,2029,2.4565587734241907
2060,568,2628,3.6267605633802815
2649,911,3560,2.907793633369923
4886,193,5079,25.316062176165804
5102,234,5336,21.803418803418804
5376,494,5870,10.882591093117409
876,273,1149,3.208791208791209
6987,881,7868,7.930760499432463
69,837,906,0.082437275985663
36,194,230,0.1855670103092783
234,224,458,1.0446428571428572
486,439,925,1.1070615034168565
939,175,1114,5.365714285714286
1150,287,1437,4.006968641114983
1052,212,1264,4.962264150943396
1273,552,1825,2.306159420289855
3393,126,3519,26.928571428571427
3524,580,4104,6.075862068965518
77,625,702,0.1232
4350,995,5345,4.371859296482412
95,538,633,0.1765799256505576
728,537,1265,1.355679702048417
1362,590,1952,2.3084745762711862
1989,919,2908,2.16430903155604
252,155,407,1.6258064516129032
410,218,628,1.8807339449541285
644,204,848,3.156862745098039
858,158,1016,5.430379746835443
1027,155,1182,6.625806451612903
11,230,241,0.0478260869565217
249,219,468,1.1369863013698631
485,125,610,3.88
618,309,927,2.0
934,168,1102,5.559523809523809
1114,187,1301,5.957219251336898
117,65,182,1.8
279,118,397,2.364406779661017
452,180,632,2.511111111111111
656,200,856,3.28
946,335,1281,2.823880597014925
1316,160,1476,8.225
743,78,821,9.525641025641026
908,466,1374,1.9484978540772533
1438,457,1895,3.1466083150984683
1968,706,2674,2.7875354107648724
2721,881,3602,3.0885357548240635
30,711,741,0.0421940928270042
751,748,1499,1.0040106951871657
126,683,809,0.1844802342606149
848,368,1216,2.3043478260869565
37,668,705,0.0553892215568862
47,593,640,0.0792580101180438
657,592,1249,1.1097972972972974
1366,1020,2386,1.3392156862745097
31,529,560,0.0586011342155009
1502,743,2245,2.0215343203230147
2276,387,2663,5.881136950904393
3815,997,4812,3.8264794383149447
4825,997,5822,4.839518555667001
5836,460,6296,12.68695652173913
25,457,482,0.0547045951859956
492,467,959,1.0535331905781584
984,444,1428,2.216216216216216
1452,377,1829,3.851458885941645
1843,505,2348,3.6495049504950496
2361,622,2983,3.7958199356913194
2998,901,3899,3.327413984461709
3918,664,4582,5.900602409638554
4613,535,5148,8.622429906542056
5161,657,5818,7.8554033485540335
5837,699,6536,8.350500715307582
6562,740,7302,8.867567567567567
7333,466,7799,15.736051502145925
60,155,215,0.3870967741935484
204,531,735,0.384180790960452
1979,881,2860,2.246311010215664
2862,924,3786,3.0974025974025974
3788,175,3963,21.645714285714284
3964,43,4007,92.18604651162792
62,3,65,20.666666666666668
77,50,127,1.54
155,3,158,51.66666666666666
253,281,534,0.900355871886121
93,764,857,0.1217277486910994
933,549,1482,1.6994535519125684
1573,891,2464,1.7654320987654322
2471,615,3086,4.017886178861788
3182,890,4072,3.5752808988764047
4079,777,4856,5.24967824967825
132,89,221,1.4831460674157304
31,40,71,0.775
90,189,279,0.4761904761904761
288,130,418,2.2153846153846155
434,135,569,3.214814814814815
621,259,880,2.3976833976833976
906,325,1231,2.787692307692308
1253,87,1340,14.402298850574711
1594,334,1928,4.772455089820359
2073,972,3045,2.132716049382716
3804,12,3816,317.0
4163,10,4173,416.3
4472,11,4483,406.54545454545456
4501,598,5099,7.526755852842809
5543,3,5546,1847.6666666666667
6142,8,6150,767.75
6176,232,6408,26.620689655172413
6483,370,6853,17.521621621621623
6864,250,7114,27.456
7120,314,7434,22.67515923566879
7439,215,7654,34.6
19,369,388,0.051490514905149
236,567,803,0.4162257495590828
864,643,1507,1.343701399688958
1516,83,1599,18.26506024096385
1612,248,1860,6.5
58,418,476,0.138755980861244
727,329,1056,2.209726443768997
1627,436,2063,3.731651376146789
3456,304,3760,11.36842105263158
3961,703,4664,5.634423897581792
5617,102,5719,55.0686274509804
6218,698,6916,8.908309455587393
24,478,502,0.0502092050209205
572,137,709,4.175182481751825
888,390,1278,2.276923076923077
1318,723,2041,1.8229598893499308
337,634,971,0.5315457413249212
981,343,1324,2.860058309037901
1338,339,1677,3.946902654867257
1703,402,2105,4.236318407960199
13,97,110,0.134020618556701
1569,721,2290,2.176144244105409
2336,573,2909,4.076788830715532
2952,354,3306,8.338983050847459
3413,465,3878,7.339784946236559
12,262,274,0.0458015267175572
56,47,103,1.1914893617021276
232,116,348,2.0
613,208,821,2.9471153846153846
1048,212,1260,4.943396226415095
1340,70,1410,19.142857142857142
1471,62,1533,23.725806451612904
1732,162,1894,10.691358024691358
2006,106,2112,18.92452830188679
2239,117,2356,19.136752136752136
2491,152,2643,16.388157894736842
2682,37,2719,72.48648648648648
2777,46,2823,60.369565217391305
2994,160,3154,18.7125
3308,149,3457,22.2013422818792
3568,80,3648,44.6
3694,23,3717,160.6086956521739
3893,188,4081,20.70744680851064
4096,9,4105,455.1111111111111
4291,200,4491,21.455
4751,269,5020,17.66171003717472
5304,170,5474,31.2
5699,197,5896,28.92893401015228
6136,217,6353,28.27649769585253
6548,203,6751,32.25615763546798
6909,154,7063,44.86363636363637
7212,195,7407,36.98461538461538
7511,137,7648,54.824817518248175
7770,144,7914,53.958333333333336
23,309,332,0.0744336569579288
346,1023,1369,0.3382209188660801
295,56,351,5.267857142857143
371,250,621,1.484
243,507,750,0.4792899408284023
782,478,1260,1.6359832635983265
1343,609,1952,2.2052545155993437
1991,612,2603,3.253267973856209
2624,505,3129,5.196039603960396
3139,409,3548,7.67481662591687
4011,479,4490,8.373695198329854
4507,169,4676,26.66863905325444
4738,424,5162,11.174528301886792
5228,572,5800,9.13986013986014
5819,467,6286,12.460385438972162
6295,279,6574,22.56272401433692
6617,951,7568,6.957939011566772
15,452,467,0.0331858407079646
677,518,1195,1.306949806949807
1212,522,1734,2.32183908045977
1830,488,2318,3.75
2436,477,2913,5.1069182389937104
2922,466,3388,6.2703862660944205
3430,494,3924,6.94331983805668
4049,199,4248,20.34673366834171
4282,255,4537,16.7921568627451
4566,525,5091,8.697142857142858
5135,508,5643,10.108267716535432
5713,557,6270,10.25673249551167
6292,558,6850,11.275985663082436
6878,198,7076,34.73737373737374
7096,669,7765,10.606875934230194
7802,91,7893,85.73626373626374
485,722,1207,0.6717451523545707
25,407,432,0.0614250614250614
5516,883,6399,6.246885617214043
2190,433,2623,5.0577367205542725
147,188,335,0.7819148936170213
435,333,768,1.3063063063063065
990,452,1442,2.190265486725664
1659,402,2061,4.126865671641791
2280,432,2712,5.277777777777778
2726,245,2971,11.126530612244895
2981,56,3037,53.23214285714285
29,766,795,0.0378590078328981
803,684,1487,1.1739766081871346
19,109,128,0.1743119266055046
96,802,898,0.1197007481296758
1025,675,1700,1.5185185185185186
1758,288,2046,6.104166666666667
2058,38,2096,54.1578947368421
2114,143,2257,14.783216783216783
2332,134,2466,17.402985074626866
2496,147,2643,16.979591836734695
2672,70,2742,38.17142857142857
2799,156,2955,17.942307692307693
224,1014,1238,0.2209072978303747
1246,913,2159,1.3647316538882803
2186,343,2529,6.373177842565598
2574,331,2905,7.77643504531722
2929,153,3082,19.1437908496732
3126,909,4035,3.438943894389439
4106,930,5036,4.41505376344086
78,969,1047,0.0804953560371517
262,112,374,2.3392857142857144
941,130,1071,7.238461538461538
1077,295,1372,3.650847457627119
1378,739,2117,1.86468200270636
2123,860,2983,2.468604651162791
2989,648,3637,4.612654320987654
3643,927,4570,3.929881337648328
4576,706,5282,6.481586402266289
5288,992,6280,5.330645161290323
6286,787,7073,7.987293519695044
7079,1004,8083,7.050796812749004
378,43,421,8.790697674418604
439,95,534,4.621052631578947
557,101,658,5.514851485148514
677,101,778,6.702970297029703
801,91,892,8.802197802197803
913,103,1016,8.864077669902912
1048,113,1161,9.27433628318584
1190,112,1302,10.625
1326,109,1435,12.1651376146789
1472,114,1586,12.912280701754383
1607,108,1715,14.87962962962963
1739,106,1845,16.40566037735849
115,249,364,0.4618473895582329
502,499,1001,1.006012024048096
85,712,797,0.1193820224719101
854,779,1633,1.0962772785622592
1650,351,2001,4.700854700854701
571,93,664,6.139784946236559
694,217,911,3.19815668202765
982,53,1035,18.52830188679245
1146,167,1313,6.862275449101796
1384,139,1523,9.9568345323741
1593,132,1725,12.068181818181818
1804,309,2113,5.8381877022653725
2183,177,2360,12.333333333333334
2420,119,2539,20.33613445378151
2603,144,2747,18.07638888888889
2829,280,3109,10.103571428571428
16,622,638,0.0257234726688102
205,303,508,0.6765676567656765
44,644,688,0.0683229813664596
152,581,733,0.261617900172117
737,828,1565,0.8900966183574879
1569,487,2056,3.2217659137577
2060,754,2814,2.7320954907161803
2832,778,3610,3.640102827763496
3659,661,4320,5.535552193645991
4324,99,4423,43.67676767676768
4426,13,4439,340.46153846153845
4591,824,5415,5.571601941747573
5419,780,6199,6.947435897435898
6203,705,6908,8.798581560283688
44,608,652,0.0723684210526315
706,590,1296,1.1966101694915254
1306,192,1498,6.802083333333333
15,64,79,0.234375
469,295,764,1.5898305084745763
794,417,1211,1.9040767386091129
1218,430,1648,2.832558139534884
1700,435,2135,3.9080459770114944
2142,52,2194,41.19230769230769
6513,480,6993,13.56875
7009,156,7165,44.92948717948718
7198,283,7481,25.434628975265017
7517,331,7848,22.70996978851964
7866,222,8088,35.432432432432435
83,553,636,0.1500904159132007
226,406,632,0.5566502463054187
640,408,1048,1.568627450980392
1056,417,1473,2.5323741007194243
1481,209,1690,7.086124401913875
1715,424,2139,4.044811320754717
2147,420,2567,5.1119047619047615
2575,389,2964,6.619537275064268
2972,453,3425,6.560706401766004
3433,220,3653,15.604545454545455
24,571,595,0.042031523642732
242,970,1212,0.2494845360824742
1220,637,1857,1.915227629513344
3447,892,4339,3.8643497757847536
4541,558,5099,8.137992831541219
5236,976,6212,5.364754098360656
6333,1000,7333,6.333
81,229,310,0.3537117903930131
339,948,1287,0.3575949367088608
1311,651,1962,2.013824884792627
9,407,416,0.0221130221130221
426,410,836,1.0390243902439025
22,692,714,0.0317919075144508
774,782,1556,0.989769820971867
1566,76,1642,20.605263157894736
1745,702,2447,2.4857549857549857
2493,847,3340,2.9433293978748525
3377,344,3721,9.81686046511628
3756,936,4692,4.012820512820513
5867,962,6829,6.098752598752599
51,449,500,0.1135857461024498
502,423,925,1.1867612293144207
2352,200,2552,11.76
2635,713,3348,3.695652173913044
3422,940,4362,3.6404255319148935
4654,361,5015,12.89196675900277
5057,391,5448,12.933503836317136
5589,880,6469,6.351136363636364
6809,834,7643,8.164268585131895
35,653,688,0.0535987748851454
709,782,1491,0.9066496163682864
1502,546,2048,2.750915750915751
2066,250,2316,8.264
2428,746,3174,3.254691689008043
3199,908,4107,3.5231277533039647
4126,431,4557,9.57308584686775
4564,412,4976,11.07766990291262
4992,419,5411,11.914081145584726
5440,659,6099,8.254931714719271
21,251,272,0.0836653386454183
277,358,635,0.7737430167597765
640,234,874,2.735042735042735
879,256,1135,3.43359375
1140,228,1368,5.0
1403,133,1536,10.548872180451127
1571,361,1932,4.351800554016621
1937,348,2285,5.566091954022989
2290,206,2496,11.116504854368932
2558,368,2926,6.951086956521739
2931,377,3308,7.774535809018568
3313,287,3600,11.54355400696864
3645,302,3947,12.06953642384106
3952,245,4197,16.13061224489796
4221,544,4765,7.759191176470588
4770,482,5252,9.896265560165975
5281,296,5577,17.841216216216218
5582,84,5666,66.45238095238095
5695,346,6041,16.459537572254334
6046,184,6230,32.858695652173914
6322,319,6641,19.818181818181817
6646,8,6654,830.75
6698,416,7114,16.10096153846154
7144,141,7285,50.66666666666666
7291,89,7380,81.92134831460675
144,568,712,0.2535211267605634
802,353,1155,2.271954674220963
1265,541,1806,2.33826247689464
214,522,736,0.4099616858237548
814,669,1483,1.2167414050822123
2353,270,2623,8.714814814814815
2667,923,3590,2.889490790899241
3628,186,3814,19.50537634408602
3845,190,4035,20.23684210526316
4070,231,4301,17.61904761904762
4394,267,4661,16.45692883895131
4715,37,4752,127.43243243243244
4801,40,4841,120.025
4866,183,5049,26.59016393442623
5060,181,5241,27.955801104972377
5259,238,5497,22.096638655462183
5571,174,5745,32.01724137931034
5840,290,6130,20.13793103448276
6424,415,6839,15.479518072289157
6855,73,6928,93.9041095890411
6938,38,6976,182.57894736842104
6991,66,7057,105.92424242424242
7117,91,7208,78.20879120879121
7265,62,7327,117.1774193548387
7331,43,7374,170.48837209302326
7401,39,7440,189.7692307692308
7456,364,7820,20.48351648351648
7884,40,7924,197.1
7944,53,7997,149.88679245283018
2443,862,3305,2.8341067285382837
3307,853,4160,3.876905041031653
4162,549,4711,7.581056466302368
6373,863,7236,7.384704519119351
7238,543,7781,13.329650092081032
11,27,38,0.4074074074074074
63,64,127,0.984375
376,277,653,1.3574007220216606
942,878,1820,1.072892938496583
1877,876,2753,2.1426940639269407
2852,873,3725,3.2668957617411225
3866,881,4747,4.388195232690125
4801,869,5670,5.524741081703107
5740,707,6447,8.118811881188119
6524,660,7184,9.884848484848485
7261,613,7874,11.845024469820554
290,321,611,0.9034267912772586
622,277,899,2.2454873646209386
31,615,646,0.0504065040650406
669,468,1137,1.4294871794871795
1166,196,1362,5.948979591836735
1371,427,1798,3.210772833723653
1828,198,2026,9.232323232323232
2053,477,2530,4.30398322851153
1357,702,2059,1.933048433048433
2074,815,2889,2.54478527607362
112,565,677,0.1982300884955752
784,566,1350,1.3851590106007068
1367,243,1610,5.625514403292181
129,147,276,0.8775510204081632
505,151,656,3.3443708609271523
724,77,801,9.402597402597404
835,174,1009,4.798850574712644
25,94,119,0.2659574468085106
131,149,280,0.8791946308724832
298,34,332,8.764705882352942
340,91,431,3.736263736263736
442,269,711,1.6431226765799256
128,469,597,0.2729211087420042
712,415,1127,1.7156626506024095
1171,373,1544,3.1394101876675604
1603,552,2155,2.903985507246377
2195,481,2676,4.563409563409564
2721,531,3252,5.124293785310734
3264,437,3701,7.469107551487414
3785,612,4397,6.184640522875817
4424,496,4920,8.919354838709678
4980,402,5382,12.388059701492535
5421,477,5898,11.364779874213836
5928,463,6391,12.803455723542116
6626,496,7122,13.358870967741936
7143,433,7576,16.496535796766743
7599,470,8069,16.16808510638298
495,149,644,3.3221476510067114
665,123,788,5.40650406504065
797,123,920,6.479674796747967
933,149,1082,6.261744966442953
1102,140,1242,7.871428571428571
1248,122,1370,10.229508196721312
1401,40,1441,35.025
1534,135,1669,11.362962962962962
1682,108,1790,15.574074074074074
1802,93,1895,19.376344086021504
2241,63,2304,35.57142857142857
229,270,499,0.8481481481481481
195,610,805,0.319672131147541
824,754,1578,1.0928381962864722
1600,653,2253,2.450229709035222
2278,747,3025,3.0495314591700136
4120,288,4408,14.305555555555555
4423,388,4811,11.399484536082474
4823,388,5211,12.43041237113402
6308,303,6611,20.818481848184817
6864,779,7643,8.811296534017972
7648,3,7651,2549.333333333333
13,654,667,0.0198776758409785
2602,653,3255,3.98468606431853
3265,485,3750,6.731958762886598
3766,671,4437,5.612518628912071
39,21,60,1.8571428571428568
90,335,425,0.2686567164179104
465,942,1407,0.4936305732484076
1421,395,1816,3.59746835443038
1842,542,2384,3.3985239852398523
2428,176,2604,13.795454545454543
2662,425,3087,6.263529411764706
3155,437,3592,7.219679633867277
3623,265,3888,13.671698113207547
45,932,977,0.0482832618025751
985,461,1446,2.1366594360086766
12,65,77,0.1846153846153846
92,335,427,0.2746268656716418
442,303,745,1.4587458745874586
763,339,1102,2.2507374631268435
1120,342,1462,3.2748538011695905
1479,335,1814,4.414925373134328
1834,384,2218,4.776041666666667
229,161,390,1.4223602484472049
41,546,587,0.075091575091575
70,384,454,0.1822916666666666
533,349,882,1.527220630372493
933,296,1229,3.152027027027027
1236,49,1285,25.22448979591837
1298,529,1827,2.453686200378072
219,963,1182,0.2274143302180685
1222,627,1849,1.94896331738437
1862,1020,2882,1.8254901960784315
2898,858,3756,3.377622377622377
3786,693,4479,5.463203463203463
15,280,295,0.0535714285714285
376,553,929,0.6799276672694394
962,431,1393,2.2320185614849186
1405,102,1507,13.77450980392157
1513,69,1582,21.92753623188406
1658,500,2158,3.316
2186,351,2537,6.227920227920228
2549,74,2623,34.445945945945944
2633,104,2737,25.317307692307693
3983,774,4757,5.145994832041343
4776,821,5597,5.817295980511571
5665,710,6375,7.97887323943662
6433,670,7103,9.601492537313431
7108,9,7117,789.7777777777778
24,79,103,0.3037974683544304
1410,551,1961,2.558983666061706
31,95,126,0.3263157894736842
122,903,1025,0.1351052048726467
1032,37,1069,27.89189189189189
1086,741,1827,1.465587044534413
1851,483,2334,3.8322981366459623
2364,382,2746,6.18848167539267
2772,880,3652,3.15
3674,308,3982,11.928571428571429
22,673,695,0.0326894502228826
744,900,1644,0.8266666666666667
1158,447,1605,2.5906040268456376
1709,666,2375,2.566066066066066
2813,682,3495,4.124633431085044
3785,745,4530,5.080536912751678
4736,794,5530,5.964735516372796
5634,847,6481,6.651711924439197
6633,857,7490,7.739789964994165
36,71,107,0.5070422535211268
617,15,632,41.13333333333333
1485,15,1500,99.0
2996,15,3011,199.7333333333333
3248,489,3737,6.642126789366054
3757,749,4506,5.0160213618157545
34,448,482,0.0758928571428571
517,480,997,1.0770833333333334
1009,543,1552,1.858195211786372
1573,282,1855,5.578014184397163
60,760,820,0.0789473684210526
831,283,1114,2.9363957597173145
1125,604,1729,1.8625827814569536
1740,536,2276,3.246268656716418
2287,719,3006,3.180806675938804
3017,757,3774,3.985468956406869
3785,790,4575,4.791139240506329
4586,802,5388,5.718204488778055
5399,824,6223,6.552184466019417
6234,832,7066,7.492788461538462
147,382,529,0.3848167539267015
1228,845,2073,1.4532544378698224
2098,454,2552,4.621145374449339
2573,449,3022,5.730512249443208
3048,461,3509,6.611713665943601
3564,444,4008,8.027027027027026
4086,441,4527,9.26530612244898
4545,357,4902,12.731092436974787
5019,882,5901,5.690476190476191
5924,888,6812,6.671171171171171
6862,866,7728,7.923787528868361
7764,302,8066,25.70860927152318
19,310,329,0.0612903225806451
332,260,592,1.2769230769230768
535,105,640,5.095238095238095
688,107,795,6.429906542056075
1443,46,1489,31.369565217391305
3039,15,3054,202.6
4187,28,4215,149.53571428571428
4863,738,5601,6.589430894308944
5624,597,6221,9.420435510887772
1880,942,2822,1.9957537154989384
2840,630,3470,4.507936507936508
3481,994,4475,3.502012072434608
4537,994,5531,4.564386317907445
5568,993,6561,5.6072507552870094
6582,431,7013,15.271461716937354
7061,996,8057,7.089357429718875
33,505,538,0.0653465346534653
559,444,1003,1.259009009009009
1012,509,1521,1.9882121807465616
1540,510,2050,3.019607843137255
38,46,84,0.8260869565217391
227,585,812,0.388034188034188
911,5,916,182.2
1428,5,1433,285.6
3160,5,3165,632.0
4489,5,4494,897.8
6692,5,6697,1338.4
8014,5,8019,1602.8
203,173,376,1.1734104046242777
461,348,809,1.3247126436781609
811,326,1137,2.4877300613496933
1160,340,1500,3.411764705882353
1528,186,1714,8.21505376344086
1852,290,2142,6.386206896551724
41,839,880,0.0488676996424314
694,74,768,9.37837837837838
1375,77,1452,17.857142857142858
1493,424,1917,3.52122641509434
1988,503,2491,3.952286282306163
2524,383,2907,6.590078328981723
2932,207,3139,14.16425120772947
3172,581,3753,5.459552495697074
3778,372,4150,10.155913978494624
4196,423,4619,9.919621749408984
4635,728,5363,6.366758241758242
5412,563,5975,9.61278863232682
5990,386,6376,15.518134715025909
6394,508,6902,12.586614173228346
6926,634,7560,10.92429022082019
135,661,796,0.2042360060514372
813,655,1468,1.2412213740458016
1498,808,2306,1.853960396039604
2336,832,3168,2.8076923076923075
3195,643,3838,4.968895800933126
3856,592,4448,6.513513513513513
15,170,185,0.088235294117647
193,203,396,0.9507389162561576
406,631,1037,0.6434231378763867
1045,238,1283,4.390756302521009
1293,194,1487,6.664948453608248
27,202,229,0.1336633663366336
246,147,393,1.673469387755102
448,210,658,2.1333333333333333
667,194,861,3.4381443298969074
27,331,358,0.0815709969788519
419,376,795,1.1143617021276595
799,276,1075,2.8949275362318843
1204,358,1562,3.363128491620112
1564,383,1947,4.0835509138381205
1986,319,2305,6.225705329153605
2307,324,2631,7.12037037037037
2633,311,2944,8.466237942122186
2962,367,3329,8.0708446866485
3331,391,3722,8.51918158567775
3756,365,4121,10.29041095890411
4135,367,4502,11.267029972752043
4504,227,4731,19.84140969162996
15,208,223,0.0721153846153846
237,320,557,0.740625
605,400,1005,1.5125
1223,502,1725,2.4362549800796813
1838,521,2359,3.527831094049904
2413,470,2883,5.134042553191489
2897,200,3097,14.485
3160,257,3417,12.295719844357976
3468,540,4008,6.422222222222223
4144,967,5111,4.285418821096174
29,58,87,0.5
128,151,279,0.847682119205298
286,200,486,1.43
532,386,918,1.378238341968912
937,439,1376,2.134396355353075
1472,26,1498,56.61538461538461
1690,465,2155,3.6344086021505375
2169,465,2634,4.664516129032258
2878,340,3218,8.464705882352941
3245,462,3707,7.023809523809524
3729,598,4327,6.235785953177258
4351,652,5003,6.673312883435583
391,469,860,0.8336886993603412
874,591,1465,1.478849407783418
1478,622,2100,2.3762057877813505
40,824,864,0.0485436893203883
1307,749,2056,1.7449933244325768
2088,739,2827,2.825439783491204
2879,861,3740,3.343786295005807
4494,860,5354,5.225581395348837
6710,248,6958,27.056451612903224
7056,382,7438,18.471204188481675
32,486,518,0.0658436213991769
533,464,997,1.1487068965517242
1016,344,1360,2.953488372093023
1375,393,1768,3.4987277353689565
1796,181,1977,9.922651933701658
1999,331,2330,6.039274924471299
2356,334,2690,7.053892215568863
23,1008,1031,0.0228174603174603
1033,521,1554,1.982725527831094
111,680,791,0.163235294117647
58,389,447,0.1491002570694087
537,955,1492,0.562303664921466
1499,648,2147,2.313271604938272
709,434,1143,1.6336405529953917
1189,465,1654,2.556989247311828
1684,465,2149,3.621505376344086
2508,880,3388,2.85
228,184,412,1.2391304347826086
443,240,683,1.8458333333333332
707,196,903,3.607142857142857
946,200,1146,4.73
1166,235,1401,4.961702127659574
1433,220,1653,6.513636363636364
1681,225,1906,7.471111111111111
1933,214,2147,9.032710280373832
2170,219,2389,9.908675799086758
98,11,109,8.909090909090908
149,117,266,1.2735042735042734
279,64,343,4.359375
358,550,908,0.6509090909090909
917,50,967,18.34
184,593,777,0.3102866779089376
217,831,1048,0.2611311672683514
1087,909,1996,1.1958195819581958
2003,454,2457,4.4118942731277535
2532,733,3265,3.454297407912688
23,475,498,0.0484210526315789
507,501,1008,1.0119760479041915
1035,356,1391,2.907303370786517
1423,428,1851,3.324766355140187
1879,382,2261,4.918848167539268
129,39,168,3.3076923076923075
172,79,251,2.1772151898734178
978,505,1483,1.9366336633663368
86,283,369,0.303886925795053
384,598,982,0.6421404682274248
994,999,1993,0.994994994994995
2018,733,2751,2.753069577080491
2775,552,3327,5.027173913043479
1015,500,1515,2.03
27,160,187,0.16875
4016,578,4594,6.948096885813149
4648,629,5277,7.389507154213036
6479,969,7448,6.686274509803922
7501,602,8103,12.460132890365449
73,425,498,0.1717647058823529
513,353,866,1.453257790368272
984,332,1316,2.963855421686747
1342,371,1713,3.617250673854448
1739,308,2047,5.646103896103896
2055,385,2440,5.337662337662338
2473,479,2952,5.162839248434238
2963,431,3394,6.874709976798144
3397,485,3882,7.004123711340206
3904,479,4383,8.150313152400836
4394,339,4733,12.96165191740413
4830,456,5286,10.592105263157896
5307,410,5717,12.94390243902439
5850,485,6335,12.061855670103093
6344,595,6939,10.66218487394958
6947,48,6995,144.72916666666666
11,356,367,0.0308988764044943
397,338,735,1.1745562130177514
741,317,1058,2.3375394321766563
1064,297,1361,3.5824915824915826
1367,181,1548,7.552486187845304
1554,192,1746,8.09375
1752,184,1936,9.521739130434783
2016,361,2377,5.584487534626039
2384,350,2734,6.811428571428571
2741,199,2940,13.773869346733669
3018,363,3381,8.314049586776859
3388,391,3779,8.664961636828645
3786,341,4127,11.102639296187684
4134,336,4470,12.303571428571429
4477,133,4610,33.661654135338345
4707,355,5062,13.259154929577464
5081,371,5452,13.695417789757412
5459,254,5713,21.492125984251967
5753,378,6131,15.21957671957672
6138,369,6507,16.634146341463413
6514,136,6650,47.89705882352941
6688,452,7140,14.79646017699115
7147,405,7552,17.646913580246913
7558,126,7684,59.98412698412698
27,633,660,0.0426540284360189
682,575,1257,1.1860869565217391
1322,800,2122,1.6525
2150,77,2227,27.92207792207792
2268,492,2760,4.609756097560975
2902,612,3514,4.741830065359477
3548,624,4172,5.685897435897436
4297,599,4896,7.173622704507513
4993,738,5731,6.765582655826559
5812,713,6525,8.151472650771389
6557,388,6945,16.899484536082475
20,971,991,0.0205973223480947
1003,684,1687,1.466374269005848
1806,939,2745,1.9233226837060704
2770,566,3336,4.893992932862191
3358,469,3827,7.159914712153518
3868,727,4595,5.320495185694636
4628,294,4922,15.741496598639456
4959,303,5262,16.366336633663366
5296,222,5518,23.855855855855857
5535,916,6451,6.042576419213974
6501,692,7193,9.394508670520231
7214,637,7851,11.32496075353218
627,963,1590,0.6510903426791277
1662,648,2310,2.564814814814815
2349,802,3151,2.928927680798005
3290,649,3939,5.069337442218799
3988,1021,5009,3.905974534769834
6126,271,6397,22.60516605166052
6575,262,6837,25.095419847328245
809,41,850,19.73170731707317
92,29,121,3.1724137931034484
712,446,1158,1.5964125560538116
1186,725,1911,1.6358620689655172
19,97,116,0.1958762886597938
192,477,669,0.4025157232704403
684,659,1343,1.03793626707132
1361,623,1984,2.184590690208668
2001,331,2332,6.045317220543807
10,599,609,0.01669449081803
640,926,1566,0.6911447084233261
1613,760,2373,2.122368421052632
3623,628,4251,5.769108280254777
4283,183,4466,23.40437158469945
4527,527,5054,8.590132827324478
5106,517,5623,9.876208897485494
5713,290,6003,19.7
6023,571,6594,10.54816112084063
6620,658,7278,10.060790273556233
33,789,822,0.0418250950570342
858,760,1618,1.1289473684210527
1702,540,2242,3.151851851851852
2316,532,2848,4.353383458646617
2922,461,3383,6.338394793926248
3413,507,3920,6.731755424063117
3951,450,4401,8.78
4429,486,4915,9.113168724279836
4948,481,5429,10.286902286902286
5461,336,5797,16.25297619047619
5838,654,6492,8.926605504587156
6527,661,7188,9.874432677760968
7225,420,7645,17.202380952380953
65,650,715,0.1
3530,617,4147,5.721231766612642
4160,566,4726,7.34982332155477
5977,496,6473,12.050403225806452
62,950,1012,0.0652631578947368
1016,644,1660,1.5776397515527951
421,397,818,1.0604534005037782
829,326,1155,2.542944785276074
1166,332,1498,3.5120481927710845
271,956,1227,0.2834728033472803
1235,948,2183,1.3027426160337552
2191,453,2644,4.836644591611479
94,648,742,0.1450617283950617
791,251,1042,3.151394422310757
92,37,129,2.4864864864864864
1057,807,1864,1.3097893432465924
391,469,860,0.8336886993603412
874,591,1465,1.478849407783418
1478,622,2100,2.3762057877813505
2116,643,2759,3.2908242612752723
2760,34,2794,81.17647058823529
37,760,797,0.0486842105263157
2063,815,2878,2.5312883435582823
164,87,251,1.885057471264368
261,144,405,1.8125
426,111,537,3.8378378378378377
576,86,662,6.697674418604652
686,86,772,7.976744186046512
792,129,921,6.1395348837209305
928,122,1050,7.60655737704918
803,664,1467,1.2093373493975903
1536,778,2314,1.974293059125964
2325,705,3030,3.297872340425532
41,589,630,0.0696095076400679
83,819,902,0.1013431013431013
914,819,1733,1.115995115995116
1774,807,2581,2.198265179677819
2641,359,3000,7.3565459610027855
3012,297,3309,10.141414141414142
27,436,463,0.0619266055045871
494,473,967,1.0443974630021142
977,305,1282,3.2032786885245903
39,13,52,3.0
185,1010,1195,0.1831683168316831
1197,256,1453,4.67578125
1469,670,2139,2.192537313432836
36,582,618,0.0618556701030927
633,582,1215,1.0876288659793814
1234,291,1525,4.240549828178694
1542,651,2193,2.3686635944700463
2234,498,2732,4.485943775100401
432,624,1056,0.6923076923076923
1535,1001,2536,1.5334665334665334
2561,596,3157,4.296979865771812
3235,789,4024,4.100126742712294
4104,746,4850,5.501340482573727
1424,229,1653,6.218340611353712
1669,722,2391,2.311634349030471
2415,215,2630,11.232558139534884
2643,115,2758,22.98260869565217
17,186,203,0.0913978494623656
430,714,1144,0.6022408963585434
1215,843,2058,1.4412811387900355
2129,973,3102,2.188078108941418
3106,357,3463,8.700280112044817
3490,229,3719,15.240174672489085
3838,664,4502,5.780120481927711
4516,631,5147,7.15689381933439
5481,464,5945,11.8125
6439,745,7184,8.642953020134229
7253,206,7459,35.20873786407767
7639,371,8010,20.590296495956878
43,404,447,0.1064356435643564
470,598,1068,0.7859531772575251
360,692,1052,0.5202312138728323
1083,910,1993,1.19010989010989
19,185,204,0.1027027027027027
260,564,824,0.4609929078014184
880,649,1529,1.3559322033898304
542,455,997,1.1912087912087912
1010,505,1515,2.0
1528,526,2054,2.904942965779468
2067,546,2613,3.7857142857142856
2626,539,3165,4.871985157699443
3178,560,3738,5.675
3776,576,4352,6.555555555555555
4365,611,4976,7.144026186579378
5131,452,5583,11.351769911504425
5598,606,6204,9.237623762376238
276,156,432,1.7692307692307692
62,783,845,0.0791826309067688
886,960,1846,0.9229166666666668
1854,413,2267,4.4891041162227605
81,164,245,0.4939024390243902
117,158,275,0.740506329113924
292,426,718,0.6854460093896714
771,584,1355,1.3202054794520548
1415,849,2264,1.6666666666666667
2277,306,2583,7.4411764705882355
2592,635,3227,4.081889763779528
3237,233,3470,13.892703862660944
3493,636,4129,5.4921383647798745
4139,430,4569,9.625581395348837
4590,805,5395,5.701863354037267
5405,196,5601,27.5765306122449
5606,617,6223,9.085899513776337
6295,382,6677,16.479057591623036
6687,204,6891,32.779411764705884
6898,556,7454,12.406474820143885
7468,515,7983,14.500970873786407
246,250,496,0.984
542,492,1034,1.1016260162601623
1044,771,1815,1.3540856031128403
1835,427,2262,4.297423887587822
2265,513,2778,4.415204678362573
2781,551,3332,5.047186932849365
3334,474,3808,7.033755274261603
3811,535,4346,7.123364485981308
4352,525,4877,8.289523809523809
4879,551,5430,8.85480943738657
5432,523,5955,10.38623326959847
5957,418,6375,14.251196172248804
6379,528,6907,12.081439393939394
6909,544,7453,12.700367647058824
7475,540,8015,13.842592592592592
370,450,820,0.8222222222222222
825,420,1245,1.9642857142857144
1339,422,1761,3.1729857819905214
1777,237,2014,7.4978902953586495
2025,268,2293,7.5559701492537314
36,798,834,0.0451127819548872
381,439,820,0.8678815489749431
1201,483,1684,2.4865424430641823
1998,312,2310,6.403846153846154
2576,293,2869,8.791808873720136
3465,449,3914,7.717149220489977
3921,301,4222,13.0265780730897
4235,323,4558,13.111455108359133
4587,473,5060,9.69767441860465
5340,256,5596,20.859375
233,780,1013,0.2987179487179487
1023,646,1669,1.58359133126935
1888,783,2671,2.4112388250319285
2688,761,3449,3.5321944809461234
3669,792,4461,4.632575757575758
4478,755,5233,5.9311258278145695
5460,755,6215,7.231788079470198
6232,782,7014,7.969309462915601
7031,118,7149,59.58474576271186
14,93,107,0.1505376344086021
121,53,174,2.2830188679245285
224,414,638,0.5410628019323671
641,107,748,5.990654205607477
60,64,124,0.9375
557,492,1049,1.1321138211382114
9,51,60,0.1764705882352941
74,657,731,0.1126331811263318
742,873,1615,0.849942726231386
90,206,296,0.4368932038834951
305,181,486,1.6850828729281768
515,233,748,2.2103004291845494
31,648,679,0.0478395061728395
83,819,902,0.1013431013431013
914,819,1733,1.115995115995116
1774,807,2581,2.198265179677819
2641,359,3000,7.3565459610027855
3012,297,3309,10.141414141414142
3348,471,3819,7.10828025477707
3832,332,4164,11.542168674698797
4208,433,4641,9.71824480369515
4669,355,5024,13.15211267605634
5035,308,5343,16.3474025974026
102,616,718,0.1655844155844155
15,308,323,0.0487012987012987
351,326,677,1.0766871165644172
692,294,986,2.3537414965986394
1008,421,1429,2.3942992874109263
1452,420,1872,3.4571428571428573
94,275,369,0.3418181818181818
388,90,478,4.311111111111111
496,192,688,2.583333333333333
43,550,593,0.0781818181818181
641,538,1179,1.191449814126394
1229,601,1830,2.0449251247920133
68,265,333,0.2566037735849056
406,306,712,1.326797385620915
736,438,1174,1.6803652968036529
1208,512,1720,2.359375
1732,636,2368,2.7232704402515724
2399,786,3185,3.052162849872773
3230,409,3639,7.897310513447433
3662,402,4064,9.109452736318408
4156,620,4776,6.703225806451613
4865,466,5331,10.439914163090128
189,933,1122,0.202572347266881
1124,510,1634,2.203921568627451
1636,608,2244,2.6907894736842106
2246,606,2852,3.706270627062706
2854,682,3536,4.18475073313783
66,70,136,0.9428571428571428
145,81,226,1.7901234567901234
63,362,425,0.1740331491712707
481,366,847,1.314207650273224
58,432,490,0.1342592592592592
517,313,830,1.6517571884984026
880,319,1199,2.7586206896551726
1221,223,1444,5.475336322869955
1471,255,1726,5.768627450980392
1749,375,2124,4.664
2171,165,2336,13.157575757575758
67,779,846,0.0860077021822849
849,499,1348,1.7014028056112225
281,896,1177,0.3136160714285714
1182,938,2120,1.2601279317697227
2125,849,2974,2.502944640753828
2981,223,3204,13.367713004484305
3231,595,3826,5.430252100840336
137,74,211,1.8513513513513515
237,55,292,4.3090909090909095
384,768,1152,0.5
1208,911,2119,1.3260153677277715
2164,207,2371,10.454106280193235
2471,592,3063,4.173986486486487
3120,767,3887,4.067796610169491
3897,402,4299,9.694029850746269
4302,838,5140,5.133651551312649
5266,742,6008,7.097035040431267
6124,613,6737,9.99021207177814
6821,864,7685,7.894675925925926
7725,182,7907,42.44505494505494
33,858,891,0.0384615384615384
968,837,1805,1.1565113500597373
1903,867,2770,2.1949250288350632
2781,368,3149,7.557065217391305
121,814,935,0.1486486486486486
977,614,1591,1.5912052117263844
1641,808,2449,2.030940594059406
26,586,612,0.0443686006825938
11,342,353,0.0321637426900584
355,344,699,1.0319767441860466
702,335,1037,2.0955223880597016
1040,348,1388,2.9885057471264367
1390,83,1473,16.746987951807228
1489,338,1827,4.405325443786983
1829,337,2166,5.427299703264095
2168,82,2250,26.4390243902439
109,36,145,3.0277777777777777
212,115,327,1.8434782608695648
380,326,706,1.165644171779141
34,941,975,0.0361317747077577
84,344,428,0.2441860465116279
541,340,881,1.5911764705882352
897,326,1223,2.751533742331288
1239,266,1505,4.657894736842105
1571,8,1579,196.375
1651,252,1903,6.551587301587301
1988,214,2202,9.289719626168225
2254,927,3181,2.431499460625674
230,864,1094,0.2662037037037037
22,631,653,0.0348652931854199
665,355,1020,1.8732394366197185
100,397,497,0.2518891687657431
510,424,934,1.2028301886792452
946,464,1410,2.038793103448276
1426,263,1689,5.422053231939164
9,724,733,0.0124309392265193
744,308,1052,2.415584415584416
1074,402,1476,2.671641791044776
1502,654,2156,2.2966360856269112
775,759,1534,1.0210803689064558
65,710,775,0.0915492957746478
811,561,1372,1.445632798573975
38,692,730,0.0549132947976878
36,1022,1058,0.035225048923679
1069,338,1407,3.162721893491124
4195,427,4622,9.824355971896956
5174,232,5406,22.30172413793104
6889,274,7163,25.14233576642336
7455,164,7619,45.457317073170735
18,198,216,0.0909090909090909
64,385,449,0.1662337662337662
492,309,801,1.5922330097087378
826,264,1090,3.128787878787879
1107,291,1398,3.804123711340206
1408,243,1651,5.794238683127572
1668,55,1723,30.327272727272728
27,331,358,0.0815709969788519
419,376,795,1.1143617021276595
799,276,1075,2.8949275362318843
1204,358,1562,3.363128491620112
1564,383,1947,4.0835509138381205
1986,319,2305,6.225705329153605
2307,324,2631,7.12037037037037
2633,311,2944,8.466237942122186
14,782,796,0.0179028132992327
807,514,1321,1.5700389105058363
74,586,660,0.1262798634812286
680,573,1253,1.18673647469459
10,568,578,0.0176056338028169
594,78,672,7.615384615384615
698,262,960,2.66412213740458
996,230,1226,4.330434782608696
54,914,968,0.0590809628008752
973,857,1830,1.1353558926487748
1872,806,2678,2.3225806451612905
2700,899,3599,3.0033370411568407
3627,903,4530,4.016611295681063
4535,849,5384,5.341578327444052
5466,901,6367,6.066592674805771
6403,899,7302,7.1223581757508345
64,395,459,0.1620253164556962
470,397,867,1.1838790931989924
891,358,1249,2.488826815642458
13,59,72,0.2203389830508474
79,92,171,0.8586956521739131
175,280,455,0.625
487,376,863,1.2952127659574468
9,50,59,0.18
67,250,317,0.268
178,135,313,1.3185185185185184
333,52,385,6.403846153846154
406,33,439,12.303030303030305
454,36,490,12.61111111111111
526,72,598,7.305555555555555
618,48,666,12.875
685,55,740,12.454545454545457
749,65,814,11.523076923076925
833,88,921,9.465909090909092
47,919,966,0.0511425462459194
969,155,1124,6.251612903225807
1266,668,1934,1.8952095808383236
2123,786,2909,2.7010178117048347
3071,709,3780,4.331452750352609
3991,730,4721,5.467123287671233
4893,711,5604,6.881856540084388
5762,724,6486,7.958563535911602
6567,871,7438,7.539609644087256
7441,92,7533,80.8804347826087
7571,433,8004,17.484988452655887
8007,54,8061,148.27777777777777
25,732,757,0.0341530054644808
115,952,1067,0.1207983193277311
1891,849,2740,2.227326266195524
2796,947,3743,2.9524815205913413
3755,102,3857,36.81372549019608
3952,694,4646,5.694524495677234
4700,725,5425,6.482758620689655
5446,784,6230,6.946428571428571
6365,100,6465,63.65
6614,949,7563,6.969441517386723
25,607,632,0.0411861614497528
660,684,1344,0.9649122807017544
47,811,858,0.0579531442663378
38,592,630,0.0641891891891891
657,469,1126,1.4008528784648189
1182,496,1678,2.3830645161290325
1687,567,2254,2.9753086419753085
2263,517,2780,4.377176015473888
2789,554,3343,5.034296028880866
3352,504,3856,6.650793650793651
3865,494,4359,7.823886639676114
4368,500,4868,8.736
4877,501,5378,9.734530938123752
5387,529,5916,10.18336483931947
5925,492,6417,12.042682926829269
6426,507,6933,12.674556213017752
6942,491,7433,14.138492871690428
7442,513,7955,14.50682261208577
213,117,330,1.8205128205128205
359,114,473,3.149122807017544
182,674,856,0.2700296735905044
28,705,733,0.0397163120567375
767,505,1272,1.5188118811881188
1312,554,1866,2.368231046931408
1936,461,2397,4.199566160520607
2427,354,2781,6.8559322033898304
2820,677,3497,4.165435745937962
92,303,395,0.3036303630363036
430,176,606,2.4431818181818183
612,359,971,1.7047353760445685
984,187,1171,5.262032085561497
27,22,49,1.2272727272727273
199,550,749,0.3618181818181818
795,35,830,22.714285714285715
1718,658,2376,2.610942249240121
3294,701,3995,4.699001426533523
4005,31,4036,129.19354838709677
4997,720,5717,6.940277777777778
5784,643,6427,8.995334370139968
6473,350,6823,18.494285714285716
6852,649,7501,10.557781201848998
7556,503,8059,15.02186878727634
106,399,505,0.2656641604010025
525,566,1091,0.9275618374558304
1110,998,2108,1.1122244488977957
2141,602,2743,3.5564784053156147
2761,583,3344,4.735849056603773
3364,854,4218,3.939110070257611
4224,540,4764,7.822222222222222
4773,598,5371,7.981605351170568
278,175,453,1.5885714285714283
730,326,1056,2.239263803680981
1126,408,1534,2.7598039215686274
1581,411,1992,3.846715328467153
64,3,67,21.33333333333333
1469,81,1550,18.135802469135804
1582,69,1651,22.92753623188406
1788,963,2751,1.8566978193146415
2860,3,2863,953.3333333333334
163,954,1117,0.1708595387840671
1153,1007,2160,1.1449851042701091
2202,997,3199,2.208625877632899
4312,892,5204,4.834080717488789
5239,939,6178,5.579339723109691
6215,836,7051,7.434210526315789
7083,792,7875,8.943181818181818
1173,622,1795,1.8858520900321545
1860,513,2373,3.625730994152047
2400,604,3004,3.9735099337748334
3032,615,3647,4.930081300813008
3665,605,4270,6.0578512396694215
4299,537,4836,8.005586592178771
4884,709,5593,6.8885754583921015
5607,960,6567,5.840625
6569,465,7034,14.126881720430108
309,594,903,0.5202020202020202
1221,172,1393,7.098837209302325
421,397,818,1.0604534005037782
829,326,1155,2.542944785276074
1166,332,1498,3.5120481927710845
197,18,215,10.944444444444445
287,40,327,7.175
354,54,408,6.555555555555555
438,65,503,6.7384615384615385
553,72,625,7.680555555555555
670,87,757,7.7011494252873565
22,189,211,0.1164021164021164
92,943,1035,0.0975609756097561
1043,668,1711,1.561377245508982
1181,741,1922,1.5937921727395412
1966,740,2706,2.656756756756757
2721,258,2979,10.546511627906977
82,566,648,0.1448763250883392
667,199,866,3.351758793969849
892,348,1240,2.5632183908045976
527,555,1082,0.9495495495495496
1095,782,1877,1.4002557544757033
1891,11,1902,171.9090909090909
2834,321,3155,8.828660436137072
32,484,516,0.0661157024793388
43,38,81,1.131578947368421
100,411,511,0.24330900243309
529,123,652,4.300813008130081
17,399,416,0.0426065162907268
1143,524,1667,2.181297709923664
2387,620,3007,3.85
3490,580,4070,6.017241379310345
4138,663,4801,6.24132730015083
4838,563,5401,8.593250444049733
5459,306,5765,17.83986928104575
5781,366,6147,15.795081967213116
126,790,916,0.1594936708860759
937,603,1540,1.5538971807628523
1592,162,1754,9.82716049382716
1789,142,1931,12.598591549295774
172,359,531,0.479108635097493
646,566,1212,1.1413427561837457
427,338,765,1.2633136094674555
111,598,709,0.1856187290969899
1168,362,1530,3.226519337016575
1554,163,1717,9.533742331288344
427,180,607,2.3722222222222222
619,42,661,14.738095238095235
666,44,710,15.136363636363637
717,47,764,15.25531914893617
786,152,938,5.171052631578948
958,35,993,27.37142857142857
1057,52,1109,20.32692307692308
1241,955,2196,1.2994764397905758
36,411,447,0.0875912408759124
481,443,924,1.0857787810383748
974,91,1065,10.703296703296704
1114,553,1667,2.014466546112116
1691,546,2237,3.097069597069597
2388,693,3081,3.445887445887446
3338,406,3744,8.22167487684729
4259,583,4842,7.305317324185249
4977,582,5559,8.551546391752577
5621,439,6060,12.804100227790434
6543,522,7065,12.53448275862069
7116,948,8064,7.506329113924051
747,293,1040,2.5494880546075085
35,319,354,0.109717868338558
783,778,1561,1.006426735218509
1607,775,2382,2.0735483870967744
2412,878,3290,2.7471526195899774
3294,204,3498,16.147058823529413
3542,655,4197,5.407633587786259
4214,532,4746,7.921052631578948
4773,800,5573,5.96625
5591,724,6315,7.722375690607735
6464,621,7085,10.40901771336554
1086,648,1734,1.6759259259259258
2283,490,2773,4.659183673469387
30,115,145,0.2608695652173913
148,30,178,4.933333333333334
184,22,206,8.363636363636363
208,14,222,14.857142857142858
492,77,569,6.3896103896103895
592,31,623,19.096774193548388
1010,29,1039,34.827586206896555
1413,34,1447,41.55882352941177
1720,34,1754,50.588235294117645
2123,30,2153,70.76666666666667
2416,27,2443,89.48148148148148
2456,197,2653,12.467005076142131
3011,30,3041,100.36666666666666
3059,302,3361,10.129139072847682
3374,344,3718,9.80813953488372
3736,253,3989,14.766798418972332
4014,391,4405,10.265984654731458
4443,438,4881,10.143835616438356
4895,381,5276,12.847769028871392
82,599,681,0.1368948247078464
788,595,1383,1.3243697478991596
1414,978,2392,1.4458077709611452
2409,707,3116,3.407355021216407
3145,677,3822,4.64549483013294
1072,544,1616,1.9705882352941175
1683,542,2225,3.1051660516605164
24,231,255,0.1038961038961039
268,368,636,0.7282608695652174
168,237,405,0.7088607594936709
466,216,682,2.1574074074074074
746,208,954,3.5865384615384617
1020,235,1255,4.340425531914893
1323,239,1562,5.535564853556485
1632,240,1872,6.8
1937,247,2184,7.842105263157895
2252,237,2489,9.50210970464135
2553,236,2789,10.817796610169491
2855,254,3109,11.24015748031496
3183,250,3433,12.732
70,898,968,0.0779510022271715
976,868,1844,1.1244239631336406
1852,135,1987,13.718518518518518
72,751,823,0.0958721704394141
837,740,1577,1.1310810810810812
1597,539,2136,2.962894248608534
2154,217,2371,9.926267281105993
2386,561,2947,4.253119429590018
191,440,631,0.4340909090909091
652,193,845,3.378238341968912
899,505,1404,1.7801980198019802
1430,454,1884,3.149779735682819
1964,518,2482,3.791505791505792
2711,720,3431,3.765277777777778
3461,464,3925,7.459051724137931
3985,527,4512,7.561669829222011
4585,382,4967,12.00261780104712
4976,209,5185,23.80861244019139
5201,288,5489,18.05902777777778
5504,557,6061,9.881508078994614
6107,539,6646,11.330241187384043
6656,598,7254,11.130434782608695
7375,623,7998,11.837881219903691
197,958,1155,0.2056367432150313
2346,797,3143,2.943538268506901
34,290,324,0.1172413793103448
356,620,976,0.5741935483870968
1004,583,1587,1.7221269296740995
1608,492,2100,3.268292682926829
339,583,922,0.58147512864494
933,583,1516,1.600343053173242
1537,35,1572,43.91428571428571
1581,709,2290,2.229901269393512
122,304,426,0.4013157894736842
442,326,768,1.3558282208588956
821,302,1123,2.718543046357616
1135,303,1438,3.745874587458746
1451,310,1761,4.680645161290323
1802,298,2100,6.046979865771812
2120,306,2426,6.928104575163399
2447,307,2754,7.970684039087948
2787,248,3035,11.237903225806452
3113,43,3156,72.3953488372093
4292,31,4323,138.4516129032258
4436,345,4781,12.857971014492753
4788,135,4923,35.46666666666667
4967,330,5297,15.05151515151515
5304,395,5699,13.427848101265823
5706,313,6019,18.230031948881788
6060,344,6404,17.61627906976744
6411,257,6668,24.945525291828798
12,818,830,0.0146699266503667
845,935,1780,0.9037433155080212
1813,790,2603,2.2949367088607597
2640,973,3613,2.7132579650565263
3668,1007,4675,3.642502482621648
4684,436,5120,10.743119266055048
52,373,425,0.1394101876675603
432,434,866,0.9953917050691244
925,373,1298,2.479892761394102
1328,418,1746,3.1770334928229667
1774,343,2117,5.17201166180758
2171,348,2519,6.238505747126437
2608,203,2811,12.847290640394087
2869,213,3082,13.469483568075118
3134,334,3468,9.383233532934131
3475,357,3832,9.733893557422968
207,568,775,0.3644366197183099
791,628,1419,1.2595541401273886
556,831,1387,0.6690734055354994
1466,889,2355,1.6490438695163103
35,80,115,0.4375
1647,32,1679,51.46875
2496,54,2550,46.22222222222222
3522,43,3565,81.90697674418605
3938,29,3967,135.79310344827587
4869,25,4894,194.76
4937,23,4960,214.65217391304347
5466,33,5499,165.63636363636363
6382,46,6428,138.7391304347826
6695,548,7243,12.217153284671532
7337,660,7997,11.116666666666667
197,44,241,4.477272727272728
499,195,694,2.5589743589743588
194,635,829,0.305511811023622
1065,618,1683,1.7233009708737863
1724,837,2561,2.0597371565113503
2587,736,3323,3.514945652173913
109,28,137,3.892857142857143
243,928,1171,0.261853448275862
28,939,967,0.0298189563365282
991,730,1721,1.3575342465753424
1750,942,2692,1.8577494692144372
2738,905,3643,3.025414364640884
3651,919,4570,3.9727965179542974
4577,412,4989,11.109223300970871
257,476,733,0.5399159663865546
79,531,610,0.1487758945386064
671,273,944,2.457875457875458
983,384,1367,2.559895833333333
1705,480,2185,3.552083333333333
1154,562,1716,2.0533807829181496
2838,717,3555,3.9581589958159
3618,992,4610,3.6471774193548394
4618,624,5242,7.4006410256410255
6356,958,7314,6.634655532359082
7350,487,7837,15.092402464065708
276,613,889,0.4502446982055464
53,553,606,0.0958408679927667
640,417,1057,1.5347721822541966
1073,444,1517,2.4166666666666665
1527,435,1962,3.510344827586207
1971,413,2384,4.772397094430993
216,300,516,0.72
521,289,810,1.8027681660899653
1139,253,1392,4.5019762845849804
1397,264,1661,5.291666666666667
1667,330,1997,5.051515151515152
2002,198,2200,10.11111111111111
2420,281,2701,8.612099644128113
2707,258,2965,10.492248062015504
2970,207,3177,14.347826086956522
3182,138,3320,23.057971014492757
3858,204,4062,18.91176470588235
4067,308,4375,13.204545454545457
4381,272,4653,16.106617647058822
4658,212,4870,21.971698113207548
36,200,236,0.18
268,212,480,1.2641509433962264
114,831,945,0.1371841155234657
103,729,832,0.1412894375857339
840,610,1450,1.3770491803278688
1591,818,2409,1.9449877750611249
2417,259,2676,9.332046332046332
2823,879,3702,3.21160409556314
3710,463,4173,8.012958963282937
4313,827,5140,5.215235792019347
5148,260,5408,19.8
5550,858,6408,6.468531468531468
6416,469,6885,13.680170575692964
7036,828,7864,8.497584541062801
80,822,902,0.097323600973236
911,909,1820,1.0022002200220022
2910,346,3256,8.410404624277456
1232,341,1573,3.612903225806452
115,512,627,0.224609375
15,836,851,0.0179425837320574
879,326,1205,2.696319018404908
1227,596,1823,2.0587248322147653
1841,94,1935,19.58510638297872
1993,679,2672,2.93519882179676
2703,631,3334,4.283676703645008
3349,363,3712,9.225895316804408
3717,593,4310,6.2681281618887015
4322,272,4594,15.889705882352942
4611,560,5171,8.23392857142857
5179,321,5500,16.133956386292834
5508,474,5982,11.620253164556962
6020,101,6121,59.6039603960396
6142,74,6216,83.0
6224,385,6609,16.166233766233766
6684,787,7471,8.493011435832274
7489,454,7943,16.495594713656388
94,494,588,0.1902834008097166
632,479,1111,1.3194154488517744
1170,515,1685,2.271844660194174
1705,617,2322,2.7633711507293355
2329,578,2907,4.029411764705882
2934,164,3098,17.890243902439025
3128,196,3324,15.959183673469388
11,623,634,0.0176565008025682
55,94,149,0.5851063829787234
163,459,622,0.355119825708061
271,15,286,18.066666666666663
322,15,337,21.466666666666665
340,269,609,1.2639405204460967
74,876,950,0.0844748858447488
975,480,1455,2.03125
1472,597,2069,2.4656616415410384
2087,639,2726,3.2660406885759
2769,413,3182,6.704600484261501
3276,613,3889,5.3442088091354
3899,619,4518,6.298869143780291
4584,726,5310,6.31404958677686
17,35,52,0.4857142857142857
94,120,214,0.7833333333333333
149,591,740,0.2521150592216582
785,384,1169,2.044270833333333
1226,431,1657,2.8445475638051043
96,815,911,0.1177914110429447
976,892,1868,1.094170403587444
1933,909,2842,2.1265126512651267
2850,489,3339,5.828220858895706
338,403,741,0.8387096774193549
46,55,101,0.8363636363636363
106,34,140,3.117647058823529
145,51,196,2.843137254901961
220,56,276,3.928571428571429
310,62,372,5.0
397,50,447,7.94
467,46,513,10.152173913043478
549,39,588,14.076923076923077
606,29,635,20.89655172413793
640,29,669,22.06896551724138
677,39,716,17.358974358974358
721,32,753,22.53125
771,34,805,22.676470588235293
832,26,858,32.0
32,550,582,0.0581818181818181
959,157,1116,6.10828025477707
17,35,52,0.4857142857142857
704,423,1127,1.6643026004728132
1145,310,1455,3.693548387096774
2232,700,2932,3.1885714285714286
279,462,741,0.6038961038961039
569,279,848,2.039426523297491
859,381,1240,2.254593175853018
1791,346,2137,5.176300578034682
2140,490,2630,4.36734693877551
2633,354,2987,7.437853107344632
2990,330,3320,9.06060606060606
3323,221,3544,15.036199095022624
3547,168,3715,21.11309523809524
3718,190,3908,19.568421052631574
3911,173,4084,22.60693641618497
4094,434,4528,9.433179723502304
4531,116,4647,39.060344827586206
4673,190,4863,24.594736842105263
4884,376,5260,12.98936170212766
5263,210,5473,25.061904761904763
5476,221,5697,24.778280542986423
5800,257,6057,22.56809338521401
6060,306,6366,19.80392156862745
6369,234,6603,27.21794871794872
6621,403,7024,16.429280397022332
7027,203,7230,34.61576354679803
7256,361,7617,20.099722991689752
7640,308,7948,24.805194805194805
81,229,310,0.3537117903930131
339,948,1287,0.3575949367088608
1311,651,1962,2.013824884792627
24,565,589,0.0424778761061946
21,539,560,0.0389610389610389
603,503,1106,1.1988071570576542
18,309,327,0.058252427184466
335,513,848,0.6530214424951267
859,564,1423,1.5230496453900708
10,541,551,0.0184842883548983
167,269,436,0.620817843866171
57,608,665,0.09375
12,641,653,0.0187207488299532
34,59,93,0.576271186440678
99,253,352,0.391304347826087
355,216,571,1.6435185185185186
15,913,928,0.0164293537787513
414,215,629,1.9255813953488368
663,293,956,2.262798634812287
1514,568,2082,2.665492957746479
2156,662,2818,3.256797583081571
5640,534,6174,10.561797752808989
6220,453,6673,13.730684326710817
6717,633,7350,10.611374407582938
24,903,927,0.0265780730897009
932,927,1859,1.0053937432578208
1864,264,2128,7.0606060606060606
2143,626,2769,3.42332268370607
108,919,1027,0.117519042437432
1053,901,1954,1.1687014428412874
1958,366,2324,5.3497267759562845
32,770,802,0.0415584415584415
857,928,1785,0.9234913793103448
1793,465,2258,3.855913978494624
60,52,112,1.1538461538461535
118,96,214,1.2291666666666667
223,215,438,1.0372093023255815
444,276,720,1.608695652173913
727,278,1005,2.615107913669065
1012,195,1207,5.18974358974359
1222,387,1609,3.157622739018088
1621,467,2088,3.4710920770877944
2112,563,2675,3.751332149200711
252,611,863,0.4124386252045826
913,708,1621,1.28954802259887
3315,685,4000,4.839416058394161
4417,425,4842,10.392941176470588
4863,922,5785,5.274403470715835
6285,667,6952,9.422788605697152
7208,487,7695,14.80082135523614
73,669,742,0.109118086696562
166,83,249,2.0
268,107,375,2.504672897196261
379,113,492,3.353982300884956
514,118,632,4.3559322033898304
640,122,762,5.245901639344262
63,195,258,0.3230769230769231
284,203,487,1.3990147783251232
508,212,720,2.39622641509434
14,58,72,0.2413793103448276
89,525,614,0.1695238095238095
42,388,430,0.1082474226804123
447,475,922,0.9410526315789474
24,636,660,0.0377358490566037
691,687,1378,1.0058224163027656
1408,582,1990,2.419243986254296
2006,240,2246,8.358333333333333
2272,532,2804,4.270676691729324
2826,740,3566,3.818918918918919
3574,390,3964,9.164102564102564
3987,274,4261,14.55109489051095
5059,305,5364,16.58688524590164
5383,137,5520,39.29197080291971
6170,85,6255,72.58823529411765
6272,130,6402,48.246153846153845
6453,225,6678,28.68
6698,229,6927,29.24890829694323
6963,183,7146,38.04918032786885
7174,170,7344,42.2
7360,179,7539,41.11731843575419
7557,467,8024,16.182012847965737
14,224,238,0.0625
255,107,362,2.383177570093458
367,136,503,2.698529411764706
757,600,1357,1.2616666666666667
1498,544,2042,2.7536764705882355
2127,902,3029,2.358093126385809
3034,496,3530,6.116935483870968
3586,729,4315,4.919067215363512
4344,397,4741,10.94206549118388
4758,497,5255,9.57344064386318
5263,111,5374,47.414414414414416
5381,556,5937,9.678057553956837
1980,770,2750,2.571428571428572
2773,785,3558,3.532484076433121
3578,731,4309,4.894664842681259
4337,756,5093,5.736772486772487
819,736,1555,1.1127717391304348
2060,656,2716,3.1402439024390243
2911,574,3485,5.071428571428571
3537,965,4502,3.665284974093264
4798,643,5441,7.461897356143079
5715,608,6323,9.39967105263158
318,294,612,1.0816326530612246
621,388,1009,1.600515463917526
35,682,717,0.0513196480938416
728,834,1562,0.8729016786570744
1573,560,2133,2.8089285714285714
195,610,805,0.319672131147541
824,754,1578,1.0928381962864722
1600,653,2253,2.450229709035222
2278,747,3025,3.0495314591700136
4120,288,4408,14.305555555555555
4423,388,4811,11.399484536082474
4823,388,5211,12.43041237113402
6308,303,6611,20.818481848184817
6864,779,7643,8.811296534017972
7648,11,7659,695.2727272727273
452,315,767,1.434920634920635
830,200,1030,4.15
1059,322,1381,3.2888198757763973
1446,302,1748,4.788079470198675
1895,341,2236,5.557184750733138
2265,296,2561,7.652027027027027
2618,687,3305,3.810771470160117
3376,552,3928,6.115942028985507
3955,502,4457,7.878486055776892
4530,437,4967,10.366132723112129
5053,458,5511,11.032751091703055
5627,519,6146,10.842003853564549
6322,473,6795,13.365750528541229
6824,448,7272,15.232142857142858
212,44,256,4.818181818181818
352,103,455,3.41747572815534
588,369,957,1.5934959349593496
1217,505,1722,2.40990099009901
2026,100,2126,20.26
2211,544,2755,4.064338235294118
2982,519,3501,5.745664739884393
3745,554,4299,6.759927797833935
4729,127,4856,37.23622047244095
5128,617,5745,8.311183144246353
6164,117,6281,52.68376068376068
6386,584,6970,10.934931506849315
1346,446,1792,3.0179372197309418
2598,632,3230,4.110759493670886
2202,361,2563,6.099722991689751
2602,465,3067,5.595698924731183
3098,687,3785,4.5094614264919946
4895,592,5487,8.26858108108108
5492,752,6244,7.303191489361702
6295,569,6864,11.063268892794376
6870,407,7277,16.87960687960688
7293,739,8032,9.86874154262517
55,431,486,0.1276102088167053
509,308,817,1.6525974025974026
828,384,1212,2.15625
1240,343,1583,3.6151603498542273
1594,606,2200,2.6303630363036303
2207,443,2650,4.981941309255079
2659,458,3117,5.8056768558951966
3126,159,3285,19.660377358490567
3294,227,3521,14.51101321585903
3557,506,4063,7.029644268774703
56,735,791,0.0761904761904762
847,756,1603,1.1203703703703705
1672,752,2424,2.223404255319149
2485,733,3218,3.390177353342428
3286,778,4064,4.223650385604113
4121,808,4929,5.100247524752476
4987,729,5716,6.840877914951989
5779,748,6527,7.725935828877005
6585,731,7316,9.008207934336523
145,947,1092,0.1531151003167898
1152,294,1446,3.918367346938776
1486,806,2292,1.8436724565756824
2301,98,2399,23.47959183673469
2481,57,2538,43.526315789473685
2814,47,2861,59.87234042553192
4072,926,4998,4.397408207343412
5044,191,5235,26.408376963350783
5293,610,5903,8.677049180327868
5994,859,6853,6.977881257275902
6902,681,7583,10.135095447870778
93,475,568,0.1957894736842105
577,96,673,6.010416666666667
686,377,1063,1.8196286472148544
1081,423,1504,2.555555555555556
841,319,1160,2.636363636363636
2072,71,2143,29.183098591549296
2213,561,2774,3.944741532976827
2811,610,3421,4.608196721311476
3453,659,4112,5.239757207890744
4191,611,4802,6.859247135842881
4857,734,5591,6.61716621253406
48,570,618,0.0842105263157894
645,242,887,2.665289256198347
934,108,1042,8.648148148148149
1096,112,1208,9.785714285714286
54,45,99,1.2
167,488,655,0.3422131147540984
671,485,1156,1.3835051546391752
686,613,1299,1.1190864600326265
1334,559,1893,2.386404293381037
1922,513,2435,3.746588693957115
2464,614,3078,4.013029315960912
3105,947,4052,3.278775079197465
4062,463,4525,8.773218142548597
4613,308,4921,14.977272727272728
5196,390,5586,13.323076923076924
1318,997,2315,1.3219658976930793
2353,795,3148,2.959748427672956
33,690,723,0.0478260869565217
747,570,1317,1.3105263157894738
1370,988,2358,1.3866396761133604
2376,588,2964,4.040816326530612
2990,648,3638,4.614197530864198
3666,653,4319,5.614088820826953
4332,313,4645,13.840255591054314
4668,797,5465,5.856963613550816
5524,497,6021,11.114688128772636
6065,894,6959,6.784116331096197
7317,441,7758,16.591836734693878
2389,22,2411,108.5909090909091
5544,724,6268,7.657458563535911
6410,934,7344,6.862955032119914
7392,714,8106,10.352941176470589
110,422,532,0.2606635071090047
557,656,1213,0.8490853658536586
1296,543,1839,2.386740331491713
1956,390,2346,5.015384615384615
2490,465,2955,5.354838709677419
2962,438,3400,6.762557077625571
3407,468,3875,7.27991452991453
3882,392,4274,9.903061224489797
4326,427,4753,10.131147540983608
4760,468,5228,10.17094017094017
5235,402,5637,13.022388059701491
5681,738,6419,7.697831978319783
72,376,448,0.1914893617021276
8,78,86,0.1025641025641025
99,544,643,0.181985294117647
652,197,849,3.3096446700507616
889,436,1325,2.038990825688073
196,84,280,2.333333333333333
314,419,733,0.7494033412887828
814,345,1159,2.3594202898550725
1168,263,1431,4.44106463878327
1751,94,1845,18.627659574468087
1918,451,2369,4.252771618625277
2372,151,2523,15.708609271523178
2701,256,2957,10.55078125
2995,405,3400,7.395061728395062
3441,49,3490,70.22448979591837
3587,11,3598,326.09090909090907
3617,199,3816,18.175879396984925
3847,222,4069,17.32882882882883
4191,370,4561,11.327027027027029
4603,210,4813,21.919047619047618
4859,532,5391,9.13345864661654
5423,519,5942,10.44894026974952
6063,409,6472,14.8239608801956
6504,357,6861,18.218487394957982
6950,66,7016,105.3030303030303
7117,746,7863,9.540214477211796
21,343,364,0.0612244897959183
20,347,367,0.0576368876080691
431,445,876,0.9685393258426966
1064,794,1858,1.3400503778337531
111,492,603,0.2256097560975609
623,259,882,2.4054054054054053
2318,476,2794,4.869747899159663
2824,679,3503,4.159057437407953
3544,561,4105,6.31729055258467
5440,493,5933,11.03448275862069
47,27,74,1.7407407407407407
80,42,122,1.9047619047619049
135,210,345,0.6428571428571429
357,80,437,4.4625
37,895,932,0.041340782122905
948,318,1266,2.981132075471698
1306,722,2028,1.8088642659279777
2063,1021,3084,2.020568070519099
3087,247,3334,12.497975708502024
3379,580,3959,5.825862068965518
3992,719,4711,5.552155771905424
4722,211,4933,22.37914691943128
4972,716,5688,6.944134078212291
5713,726,6439,7.869146005509642
6477,605,7082,10.705785123966942
7104,432,7536,16.444444444444443
258,218,476,1.18348623853211
903,563,1466,1.603907637655417
948,378,1326,2.507936507936508
1820,998,2818,1.8236472945891784
3468,591,4059,5.868020304568528
4232,526,4758,8.045627376425855
4796,505,5301,9.497029702970297
5432,529,5961,10.26843100189036
6074,754,6828,8.055702917771884
6917,780,7697,8.867948717948718
41,810,851,0.0506172839506172
373,658,1031,0.5668693009118541
7,177,184,0.03954802259887
194,376,570,0.5159574468085106
648,609,1257,1.064039408866995
132,945,1077,0.1396825396825396
1083,391,1474,2.7698209718670075
1518,166,1684,9.144578313253012
89,838,927,0.1062052505966587
2549,697,3246,3.6571018651362985
4756,159,4915,29.91194968553459
65,440,505,0.1477272727272727
80,469,549,0.1705756929637526
688,889,1577,0.7739032620922385
218,337,555,0.6468842729970327
575,301,876,1.910299003322259
882,298,1180,2.959731543624161
1201,277,1478,4.335740072202166
1483,95,1578,15.610526315789471
1591,196,1787,8.11734693877551
1855,326,2181,5.690184049079755
4341,329,4670,13.19452887537994
4672,84,4756,55.61904761904762
4769,148,4917,32.222972972972975
5028,117,5145,42.97435897435897
6329,281,6610,22.523131672597867
7072,263,7335,26.88973384030418
7372,251,7623,29.37051792828685
7742,102,7844,75.90196078431373
49,118,167,0.4152542372881356
1723,416,2139,4.141826923076923
2170,179,2349,12.12290502793296
2358,328,2686,7.189024390243903
2723,109,2832,24.98165137614679
2865,353,3218,8.11614730878187
3235,178,3413,18.174157303370787
3426,229,3655,14.960698689956333
3682,381,4063,9.664041994750656
4071,189,4260,21.53968253968254
4278,259,4537,16.517374517374517
4553,228,4781,19.969298245614038
4798,233,5031,20.59227467811159
5039,258,5297,19.531007751937985
5321,164,5485,32.44512195121951
5494,228,5722,24.09649122807017
5732,249,5981,23.02008032128514
5997,320,6317,18.740625
6358,328,6686,19.384146341463413
6701,414,7115,16.185990338164252
7148,274,7422,26.087591240875916
7435,272,7707,27.334558823529413
7741,260,8001,29.773076923076925
63,511,574,0.1232876712328767
614,811,1425,0.7570900123304563
1461,516,1977,2.831395348837209
1989,448,2437,4.439732142857143
2498,733,3231,3.407912687585266
3236,689,3925,4.696661828737301
3930,670,4600,5.865671641791045
4604,624,5228,7.378205128205129
5235,556,5791,9.41546762589928
5795,708,6503,8.185028248587571
6506,684,7190,9.511695906432749
7193,692,7885,10.394508670520231
62,348,410,0.1781609195402299
422,68,490,6.205882352941177
505,381,886,1.3254593175853018
905,361,1266,2.5069252077562325
9,20,29,0.45
88,49,137,1.7959183673469388
149,368,517,0.4048913043478261
526,93,619,5.655913978494624
623,145,768,4.296551724137931
816,306,1122,2.6666666666666665
1169,198,1367,5.904040404040404
1405,171,1576,8.216374269005849
1628,39,1667,41.74358974358975
1734,27,1761,64.22222222222223
1769,163,1932,10.85276073619632
1967,125,2092,15.736
564,303,867,1.8613861386138613
4349,796,5145,5.46356783919598
13,132,145,0.0984848484848484
44,295,339,0.1491525423728813
352,103,455,3.41747572815534
471,98,569,4.806122448979592
459,577,1036,0.7954939341421143
1563,571,2134,2.7373029772329245
2581,837,3418,3.08363201911589
3957,768,4725,5.15234375
1204,482,1686,2.4979253112033195
19,394,413,0.0482233502538071
30,686,716,0.0437317784256559
63,925,988,0.0681081081081081
56,553,609,0.1012658227848101
642,416,1058,1.5432692307692308
1082,649,1731,1.6671802773497688
1755,621,2376,2.8260869565217392
2398,519,2917,4.6204238921001926
2938,621,3559,4.731078904991948
4665,861,5526,5.418118466898955
27,676,703,0.0399408284023668
727,458,1185,1.5873362445414847
1203,588,1791,2.045918367346939
1801,682,2483,2.6407624633431084
19,760,779,0.025
788,551,1339,1.4301270417422869
20,720,740,0.0277777777777777
16,85,101,0.188235294117647
119,602,721,0.1976744186046511
739,261,1000,2.8314176245210727
1014,652,1666,1.5552147239263805
1680,426,2106,3.943661971830986
10,415,425,0.0240963855421686
1850,517,2367,3.578336557059961
4221,428,4649,9.86214953271028
6511,390,6901,16.694871794871794
85,851,936,0.099882491186839
938,505,1443,1.8574257425742573
1463,417,1880,3.5083932853717026
398,472,870,0.8432203389830508
1554,546,2100,2.8461538461538463
3411,18,3429,189.5
3437,508,3945,6.765748031496063
3960,91,4051,43.51648351648352
4068,107,4175,38.018691588785046
4197,103,4300,40.74757281553398
4308,70,4378,61.54285714285714
1107,795,1902,1.3924528301886792
3005,395,3400,7.6075949367088604
3408,623,4031,5.470304975922954
112,309,421,0.3624595469255663
145,20,165,7.25
198,28,226,7.071428571428571
357,54,411,6.611111111111111
519,57,576,9.105263157894736
663,236,899,2.809322033898305
966,401,1367,2.408977556109725
1423,232,1655,6.133620689655173
1673,447,2120,3.742729306487696
129,147,276,0.8775510204081632
296,508,804,0.5826771653543307
213,443,656,0.4808126410835214
664,433,1097,1.533487297921478
1105,568,1673,1.9454225352112675
1685,251,1936,6.713147410358566
1947,321,2268,6.065420560747664
71,540,611,0.1314814814814814
620,527,1147,1.1764705882352942
75,513,588,0.1461988304093567
83,528,611,0.1571969696969697
622,900,1522,0.6911111111111111
1535,188,1723,8.164893617021276
1756,557,2313,3.1526032315978454
2320,614,2934,3.778501628664495
2942,422,3364,6.971563981042654
81,194,275,0.4175257731958763
282,210,492,1.3428571428571427
510,230,740,2.217391304347826
753,191,944,3.942408376963351
1041,150,1191,6.94
1272,236,1508,5.389830508474576
1516,78,1594,19.435897435897434
1612,349,1961,4.6189111747851
1964,41,2005,47.90243902439025
815,290,1105,2.810344827586207
23,611,634,0.0376432078559738
37,482,519,0.0767634854771784
65,754,819,0.0862068965517241
830,609,1439,1.3628899835796386
1498,889,2387,1.68503937007874
2395,437,2832,5.480549199084668
488,244,732,2.0
194,345,539,0.5623188405797102
542,295,837,1.83728813559322
841,93,934,9.043010752688172
1074,278,1352,3.8633093525179856
1395,313,1708,4.456869009584665
1741,358,2099,4.863128491620111
2102,295,2397,7.125423728813559
2517,390,2907,6.453846153846154
2910,363,3273,8.016528925619834
3276,368,3644,8.902173913043478
3720,341,4061,10.909090909090908
4064,322,4386,12.62111801242236
4417,328,4745,13.466463414634148
4748,136,4884,34.911764705882355
5010,353,5363,14.192634560906516
5366,211,5577,25.43127962085308
5644,313,5957,18.031948881789138
5976,344,6320,17.372093023255815
6369,334,6703,19.068862275449103
6770,332,7102,20.39156626506024
7105,289,7394,24.58477508650519
7397,136,7533,54.38970588235294
18,87,105,0.2068965517241379
116,71,187,1.6338028169014085
3615,372,3987,9.71774193548387
5077,491,5568,10.340122199592669
5590,867,6457,6.447520184544406
6475,107,6582,60.51401869158879
6631,190,6821,34.9
6836,767,7603,8.91264667535854
7616,135,7751,56.41481481481482
7764,171,7935,45.40350877192982
136,354,490,0.384180790960452
498,327,825,1.5229357798165135
833,339,1172,2.457227138643068
16,537,553,0.0297951582867784
581,625,1206,0.9296
1216,248,1464,4.903225806451613
1473,114,1587,12.921052631578949
1598,39,1637,40.97435897435897
1647,39,1686,42.23076923076923
1693,65,1758,26.04615384615385
29,774,803,0.0374677002583979
829,906,1735,0.9150110375275938
1766,976,2742,1.8094262295081969
2767,930,3697,2.975268817204301
3732,825,4557,4.523636363636364
7,231,238,0.0303030303030303
18,147,165,0.1224489795918367
184,205,389,0.8975609756097561
398,199,597,2.0
608,295,903,2.0610169491525423
918,92,1010,9.978260869565217
152,494,646,0.3076923076923077
648,46,694,14.08695652173913
759,406,1165,1.8694581280788176
1167,226,1393,5.163716814159292
1419,369,1788,3.845528455284553
79,676,755,0.1168639053254437
783,503,1286,1.5566600397614314
1295,688,1983,1.882267441860465
2005,197,2202,10.17766497461929
2210,569,2779,3.884007029876977
2813,10,2823,281.3
2834,443,3277,6.397291196388262
3368,554,3922,6.07942238267148
3970,967,4937,4.105480868665977
4947,909,5856,5.442244224422442
5875,748,6623,7.85427807486631
6646,662,7308,10.039274924471298
91,618,709,0.1472491909385113
129,667,796,0.1934032983508246
860,910,1770,0.945054945054945
1900,733,2633,2.592087312414734
2651,581,3232,4.562822719449225
208,586,794,0.3549488054607508
831,566,1397,1.4681978798586572
1433,507,1940,2.826429980276134
18,320,338,0.05625
1347,997,2344,1.3510531594784354
3541,678,4219,5.222713864306785
1423,929,2352,1.5317545748116257
2360,911,3271,2.590559824368825
3287,263,3550,12.49809885931559
4155,37,4192,112.29729729729728
4806,338,5144,14.218934911242604
794,65,859,12.215384615384616
871,146,1017,5.965753424657534
32,781,813,0.0409731113956466
1869,209,2078,8.942583732057416
2123,437,2560,4.85812356979405
2597,322,2919,8.065217391304348
37,429,466,0.0862470862470862
502,308,810,1.62987012987013
227,930,1157,0.2440860215053763
1170,574,1744,2.038327526132404
1818,638,2456,2.8495297805642634
2471,620,3091,3.985483870967742
3106,554,3660,5.606498194945848
22,122,144,0.180327868852459
163,514,677,0.3171206225680933
730,512,1242,1.42578125
1245,602,1847,2.068106312292359
129,147,276,0.8775510204081632
296,508,804,0.5826771653543307
822,215,1037,3.823255813953488
19,985,1004,0.0192893401015228
1066,881,1947,1.209988649262202
15,286,301,0.0524475524475524
20,112,132,0.1785714285714285
193,82,275,2.3536585365853657
19,3,22,6.333333333333333
4335,442,4777,9.807692307692308
5020,540,5560,9.296296296296296
5764,445,6209,12.952808988764044
6221,559,6780,11.128801431127012
6848,361,7209,18.969529085872576
7312,399,7711,18.32581453634085
38,46,84,0.8260869565217391
227,585,812,0.388034188034188
911,5,916,182.2
1428,5,1433,285.6
3160,5,3165,632.0
4489,5,4494,897.8
6692,5,6697,1338.4
8014,5,8019,1602.8
1137,555,1692,2.0486486486486486
2813,472,3285,5.959745762711864
4291,476,4767,9.014705882352942
5909,574,6483,10.294425087108014
27,513,540,0.0526315789473684
147,420,567,0.35
16,94,110,0.1702127659574468
118,92,210,1.2826086956521738
1199,418,1617,2.8684210526315788
1653,536,2189,3.083955223880597
2206,469,2675,4.70362473347548
2692,478,3170,5.631799163179917
3187,487,3674,6.544147843942505
3691,489,4180,7.548057259713701
4197,548,4745,7.658759124087592
4762,558,5320,8.53405017921147
5337,671,6008,7.9538002980625935
6025,453,6478,13.300220750551876
6514,585,7099,11.135042735042736
7144,550,7694,12.989090909090908
22,328,350,0.0670731707317073
366,362,728,1.011049723756906
20,342,362,0.0584795321637426
16,385,401,0.0415584415584415
410,342,752,1.1988304093567252
23,501,524,0.0459081836327345
538,477,1015,1.127882599580713
146,923,1069,0.1581798483206934
1083,761,1844,1.4231274638633378
1860,949,2809,1.959957850368809
232,454,686,0.5110132158590308
17,186,203,0.0913978494623656
430,714,1144,0.6022408963585434
1215,843,2058,1.4412811387900355
2129,973,3102,2.188078108941418
3106,357,3463,8.700280112044817
3490,229,3719,15.240174672489085
3838,664,4502,5.780120481927711
4516,631,5147,7.15689381933439
5481,464,5945,11.8125
6439,745,7184,8.642953020134229
7253,206,7459,35.20873786407767
7639,371,8010,20.590296495956878
62,3,65,20.666666666666668
77,50,127,1.54
150,69,219,2.1739130434782608
228,48,276,4.75
603,982,1585,0.6140529531568228
1601,647,2248,2.474497681607419
116,959,1075,0.1209593326381647
1077,277,1354,3.888086642599278
8,36,44,0.2222222222222222
21,735,756,0.0285714285714285
56,74,130,0.7567567567567568
146,57,203,2.56140350877193
2845,737,3582,3.8602442333785616
5239,400,5639,13.0975
6960,297,7257,23.43434343434344
7315,735,8050,9.952380952380953
39,502,541,0.0776892430278884
547,487,1034,1.1232032854209446
93,631,724,0.1473851030110935
174,307,481,0.5667752442996743
173,79,252,2.189873417721519
13,585,598,0.0222222222222222
644,911,1555,0.7069154774972558
1558,210,1768,7.419047619047619
1844,873,2717,2.1122565864833907
2719,184,2903,14.777173913043478
3014,970,3984,3.107216494845361
4013,821,4834,4.887941534713764
4868,594,5462,8.195286195286196
5532,468,6000,11.82051282051282
6039,201,6240,30.044776119402982
6352,195,6547,32.57435897435897
6581,365,6946,18.03013698630137
7025,313,7338,22.44408945686901
7403,245,7648,30.21632653061225
7692,249,7941,30.89156626506024
51,165,216,0.3090909090909091
724,574,1298,1.2613240418118468
1345,615,1960,2.186991869918699
1975,616,2591,3.206168831168831
2606,578,3184,4.508650519031142
34,557,591,0.0610412926391382
631,420,1051,1.5023809523809524
123,601,724,0.2046589018302828
780,770,1550,1.0129870129870129
20,244,264,0.081967213114754
273,84,357,3.25
573,268,841,2.138059701492537
866,489,1355,1.770961145194274
1409,593,2002,2.3760539629005057
2106,595,2701,3.539495798319328
2728,616,3344,4.428571428571429
3399,442,3841,7.690045248868778
3865,497,4362,7.776659959758551
15,573,588,0.0261780104712041
600,648,1248,0.925925925925926
1316,703,2019,1.871977240398293
2037,719,2756,2.8331015299026427
2815,948,3763,2.969409282700422
3780,994,4774,3.8028169014084505
4781,158,4939,30.25949367088608
4953,727,5680,6.81292984869326
5690,649,6339,8.767334360554699
6374,767,7141,8.310299869621904
27,351,378,0.0769230769230769
388,495,883,0.7838383838383839
897,346,1243,2.592485549132948
1266,487,1753,2.59958932238193
48,872,920,0.055045871559633
923,463,1386,1.9935205183585316
1402,143,1545,9.804195804195803
1567,301,1868,5.205980066445183
1907,421,2328,4.529691211401425
51,540,591,0.0944444444444444
99,239,338,0.4142259414225941
629,236,865,2.665254237288136
988,756,1744,1.306878306878307
1840,501,2341,3.672654690618762
2585,798,3383,3.2393483709273183
3667,742,4409,4.942048517520216
4463,744,5207,5.998655913978495
5269,583,5852,9.037735849056604
57,32,89,1.78125
111,211,322,0.5260663507109005
38,414,452,0.0917874396135265
523,475,998,1.1010526315789473
50,444,494,0.1126126126126126
540,534,1074,1.0112359550561798
1120,440,1560,2.5454545454545454
1569,566,2135,2.7720848056537104
2172,524,2696,4.145038167938932
2744,535,3279,5.128971962616823
3298,497,3795,6.635814889336016
3811,672,4483,5.6711309523809526
5335,775,6110,6.883870967741935
6201,742,6943,8.357142857142858
26,479,505,0.0542797494780793
529,718,1247,0.7367688022284122
1366,813,2179,1.6801968019680196
2211,840,3051,2.632142857142857
3116,791,3907,3.939317319848293
4130,938,5068,4.402985074626866
5081,908,5989,5.595814977973569
14,184,198,0.0760869565217391
229,398,627,0.5753768844221105
718,447,1165,1.6062639821029083
1202,569,1771,2.1124780316344465
1782,482,2264,3.697095435684648
654,327,981,2.0
993,323,1316,3.0743034055727554
1352,592,1944,2.283783783783784
1971,360,2331,5.475
328,383,711,0.856396866840731
877,495,1372,1.7717171717171718
1392,425,1817,3.275294117647059
1844,466,2310,3.9570815450643777
2330,169,2499,13.78698224852071
997,253,1250,3.940711462450593
1300,335,1635,3.880597014925373
1703,387,2090,4.4005167958656335
2135,280,2415,7.625
2451,588,3039,4.168367346938775
3584,315,3899,11.377777777777778
3937,135,4072,29.16296296296296
4111,671,4782,6.126676602086438
4828,316,5144,15.278481012658228
5193,415,5608,12.513253012048192
6518,112,6630,58.19642857142857
6679,494,7173,13.520242914979756
7215,174,7389,41.46551724137931
7434,161,7595,46.17391304347826
239,546,785,0.4377289377289377
795,202,997,3.935643564356436
1056,54,1110,19.55555555555556
3061,334,3395,9.164670658682637
4102,525,4627,7.813333333333333
5398,623,6021,8.664526484751203
173,995,1168,0.1738693467336683
1209,511,1720,2.3659491193737767
24,401,425,0.0598503740648379
451,299,750,1.508361204013378
763,519,1282,1.4701348747591525
1296,562,1858,2.306049822064057
1870,348,2218,5.373563218390805
2243,308,2551,7.282467532467533
2561,407,2968,6.292383292383293
2983,307,3290,9.716612377850163
3321,269,3590,12.345724907063197
3608,409,4017,8.821515892420537
4034,307,4341,13.140065146579804
262,112,374,2.3392857142857144
1282,105,1387,12.209523809523809
1393,185,1578,7.52972972972973
1584,592,2176,2.675675675675676
2182,526,2708,4.14828897338403
2714,556,3270,4.881294964028777
3276,490,3766,6.685714285714286
3772,462,4234,8.164502164502165
4240,213,4453,19.906103286384976
4459,796,5255,5.601758793969849
5261,772,6033,6.814766839378239
6039,805,6844,7.501863354037267
6850,646,7496,10.60371517027864
64,628,692,0.1019108280254777
251,344,595,0.7296511627906976
626,349,975,1.7936962750716332
984,79,1063,12.455696202531646
1071,344,1415,3.113372093023256
1692,507,2199,3.337278106508876
2213,384,2597,5.763020833333333
81,550,631,0.1472727272727272
2782,491,3273,5.665987780040733
3294,510,3804,6.458823529411765
3825,358,4183,10.68435754189944
4204,234,4438,17.965811965811966
188,472,660,0.3983050847457627
684,507,1191,1.349112426035503
1211,510,1721,2.3745098039215686
1747,62,1809,28.177419354838708
5846,104,5950,56.21153846153846
5983,78,6061,76.7051282051282
6094,53,6147,114.98113207547168
42,755,797,0.0556291390728476
801,784,1585,1.0216836734693877
1602,856,2458,1.871495327102804
2465,837,3302,2.945041816009558
3322,30,3352,110.73333333333332
3357,529,3886,6.34593572778828
4,25,29,0.16
59,34,93,1.7352941176470589
3433,42,3475,81.73809523809524
6262,12,6274,521.8333333333334
6393,46,6439,138.97826086956522
6564,360,6924,18.23333333333333
6932,560,7492,12.378571428571428
31,927,958,0.0334412081984897
2115,367,2482,5.762942779291553
2667,426,3093,6.26056338028169
3320,534,3854,6.217228464419476
65,30,95,2.1666666666666665
188,824,1012,0.2281553398058252
1020,232,1252,4.396551724137931
262,129,391,2.031007751937985
934,117,1051,7.982905982905983
1057,215,1272,4.916279069767442
1278,753,2031,1.697211155378486
2037,628,2665,3.2436305732484074
2671,892,3563,2.9943946188340806
3569,590,4159,6.049152542372881
4165,837,5002,4.97610513739546
5008,638,5646,7.849529780564263
5652,863,6515,6.549246813441483
6521,397,6918,16.425692695214106
58,792,850,0.0732323232323232
869,135,1004,6.437037037037037
1029,175,1204,5.88
1224,108,1332,11.333333333333334
6966,897,7863,7.765886287625418
7889,209,8098,37.74641148325359
19,565,584,0.0336283185840707
592,540,1132,1.0962962962962963
926,369,1295,2.5094850948509486
26,349,375,0.0744985673352435
377,330,707,1.1424242424242423
726,351,1077,2.068376068376069
1102,315,1417,3.4984126984126984
1444,435,1879,3.3195402298850576
1897,317,2214,5.98422712933754
2217,315,2532,7.038095238095238
2534,286,2820,8.86013986013986
2824,53,2877,53.283018867924525
2892,62,2954,46.64516129032258
19,332,351,0.0572289156626506
409,1017,1426,0.4021632251720747
438,685,1123,0.6394160583941606
2197,239,2436,9.192468619246862
2461,793,3254,3.103404791929382
118,894,1012,0.1319910514541387
41,538,579,0.0762081784386617
589,658,1247,0.8951367781155015
1277,826,2103,1.546004842615012
2137,374,2511,5.713903743315508
42,860,902,0.0488372093023255
1079,693,1772,1.556998556998557
1870,661,2531,2.8290468986384267
2933,487,3420,6.02258726899384
3439,596,4035,5.77013422818792
4058,862,4920,4.707656612529003
5035,172,5207,29.273255813953487
6285,643,6928,9.774494556765164
7024,621,7645,11.310789049919483
168,209,377,0.8038277511961722
488,270,758,1.8074074074074076
904,758,1662,1.1926121372031662
1772,95,1867,18.652631578947368
1912,123,2035,15.544715447154472
2156,375,2531,5.749333333333333
33,683,716,0.048316251830161
720,797,1517,0.903387703889586
1525,712,2237,2.1418539325842696
2247,743,2990,3.024226110363392
3006,434,3440,6.926267281105991
919,218,1137,4.215596330275229
1182,36,1218,32.833333333333336
1276,33,1309,38.66666666666666
1340,40,1380,33.5
1471,76,1547,19.355263157894736
1647,24,1671,68.625
1711,38,1749,45.026315789473685
12,351,363,0.0341880341880341
372,611,983,0.6088379705400983
1007,230,1237,4.378260869565217
1250,631,1881,1.9809825673534076
1900,835,2735,2.275449101796408
2756,635,3391,4.340157480314961
3431,833,4264,4.118847539015606
4289,430,4719,9.974418604651165
4732,158,4890,29.949367088607595
4896,304,5200,16.105263157894736
5219,115,5334,45.38260869565217
5347,488,5835,10.956967213114757
5845,640,6485,9.1328125
6497,910,7407,7.13956043956044
17,469,486,0.0362473347547974
23,703,726,0.0327169274537695
46,269,315,0.1710037174721189
322,412,734,0.7815533980582524
753,388,1141,1.940721649484536
1220,12,1232,101.66666666666669
1245,21,1266,59.285714285714285
1293,406,1699,3.184729064039409
1727,770,2497,2.242857142857143
58,609,667,0.0952380952380952
23,265,288,0.0867924528301886
421,482,903,0.8734439834024896
936,490,1426,1.910204081632653
1447,488,1935,2.9651639344262297
1982,510,2492,3.8862745098039215
2559,512,3071,4.998046875
154,747,901,0.2061579651941097
938,289,1227,3.245674740484429
1264,283,1547,4.46643109540636
1576,681,2257,2.31424375917768
247,672,919,0.3675595238095238
43,575,618,0.0747826086956521
688,872,1560,0.7889908256880734
1583,769,2352,2.05851755526658
2399,613,3012,3.913539967373573
3044,661,3705,4.605143721633888
3757,679,4436,5.533136966126657
4452,587,5039,7.584327086882453
5079,470,5549,10.806382978723404
5564,583,6147,9.543739279588335
6165,464,6629,13.286637931034482
6669,812,7481,8.213054187192117
7584,517,8101,14.669245647969053
835,892,1727,0.9360986547085202
1794,523,2317,3.4302103250478013
2370,140,2510,16.928571428571427
2545,875,3420,2.9085714285714284
3431,534,3965,6.425093632958801
3985,595,4580,6.697478991596639
25,645,670,0.0387596899224806
682,493,1175,1.383367139959432
1253,498,1751,2.5160642570281126
1780,535,2315,3.3271028037383177
502,25,527,20.08
542,123,665,4.40650406504065
678,123,801,5.512195121951219
34,672,706,0.050595238095238
718,539,1257,1.3320964749536175
1303,543,1846,2.3996316758747698
1881,582,2463,3.231958762886598
172,359,531,0.479108635097493
646,566,1212,1.1413427561837457
1229,183,1412,6.715846994535519
1660,537,2197,3.091247672253259
2202,353,2555,6.237960339943343
2570,639,3209,4.021909233176839
3227,289,3516,11.166089965397925
3523,319,3842,11.043887147335424
3850,480,4330,8.020833333333334
4335,188,4523,23.05851063829787
4531,429,4960,10.56177156177156
113,541,654,0.2088724584103512
49,101,150,0.4851485148514851
165,158,323,1.0443037974683544
339,163,502,2.079754601226994
532,478,1010,1.112970711297071
1019,525,1544,1.940952380952381
1559,82,1641,19.01219512195122
3001,499,3500,6.014028056112225
7309,59,7368,123.8813559322034
7383,30,7413,246.1
250,475,725,0.5263157894736842
41,419,460,0.0978520286396181
612,768,1380,0.796875
1551,746,2297,2.079088471849866
19,487,506,0.0390143737166324
563,881,1444,0.6390465380249716
1474,821,2295,1.7953714981729598
2329,966,3295,2.410973084886128
3313,1006,4319,3.29324055666004
4375,285,4660,15.350877192982455
4714,317,5031,14.870662460567823
5131,596,5727,8.609060402684564
5762,952,6714,6.052521008403361
6782,964,7746,7.035269709543568
409,760,1169,0.5381578947368421
1203,199,1402,6.045226130653266
1521,560,2081,2.7160714285714285
2172,700,2872,3.1028571428571428
2925,476,3401,6.144957983193278
3431,596,4027,5.756711409395973
4054,600,4654,6.756666666666667
16,686,702,0.0233236151603498
1598,230,1828,6.947826086956522
27,22,49,1.2272727272727273
199,550,749,0.3618181818181818
795,35,830,22.714285714285715
1718,658,2376,2.610942249240121
3294,701,3995,4.699001426533523
4005,31,4036,129.19354838709677
4997,720,5717,6.940277777777778
5784,643,6427,8.995334370139968
6473,350,6823,18.494285714285716
6852,649,7501,10.557781201848998
7556,503,8059,15.02186878727634
94,648,742,0.1450617283950617
791,668,1459,1.184131736526946
9,21,30,0.4285714285714285
201,764,965,0.2630890052356021
1272,99,1371,12.848484848484848
1438,669,2107,2.1494768310911807
2109,78,2187,27.03846153846154
2241,593,2834,3.779089376053963
2860,548,3408,5.218978102189781
3434,500,3934,6.868
3956,592,4548,6.6824324324324325
60,381,441,0.1574803149606299
38,542,580,0.070110701107011
622,652,1274,0.9539877300613496
1383,573,1956,2.413612565445026
2032,574,2606,3.5400696864111496
2665,279,2944,9.551971326164876
2975,307,3282,9.69055374592834
3556,954,4510,3.7274633123689727
4551,666,5217,6.833333333333333
5233,374,5607,13.991978609625669
5618,712,6330,7.890449438202247
6501,878,7379,7.404328018223235
7394,217,7611,34.07373271889401
1042,267,1309,3.902621722846442
1344,315,1659,4.266666666666667
1222,1005,2227,1.2159203980099502
2243,207,2450,10.83574879227053
2477,465,2942,5.326881720430108
2965,526,3491,5.636882129277566
3515,612,4127,5.743464052287582
4151,547,4698,7.588665447897624
4720,713,5433,6.6199158485273495
5456,643,6099,8.485225505443236
6114,635,6749,9.628346456692912
6771,549,7320,12.333333333333334
7337,575,7912,12.76
539,669,1208,0.8056801195814649
1300,593,1893,2.1922428330522767
1945,789,2734,2.465145754119138
2786,819,3605,3.4017094017094016
4468,900,5368,4.964444444444444
5471,903,6374,6.058693244739756
6376,305,6681,20.904918032786885
7451,443,7894,16.81941309255079
89,578,667,0.1539792387543252
690,590,1280,1.1694915254237288
1308,651,1959,2.009216589861752
1977,948,2925,2.085443037974684
361,179,540,2.016759776536313
569,274,843,2.076642335766423
308,178,486,1.7303370786516854
489,196,685,2.4948979591836733
688,184,872,3.739130434782609
875,140,1015,6.25
11,235,246,0.0468085106382978
1131,239,1370,4.7322175732217575
1438,672,2110,2.139880952380953
140,58,198,2.413793103448276
203,40,243,5.075
2304,76,2380,30.31578947368421
3346,67,3413,49.940298507462686
6280,80,6360,78.5
7794,2,7796,3897.0
60,407,467,0.1474201474201474
92,514,606,0.178988326848249
639,1024,1663,0.6240234375
1666,163,1829,10.220858895705522
23,821,844,0.028014616321559
158,917,1075,0.1723009814612868
1183,531,1714,2.2278719397363465
1855,302,2157,6.142384105960265
2204,248,2452,8.887096774193548
2539,275,2814,9.232727272727272
2886,167,3053,17.281437125748504
3070,300,3370,10.233333333333333
3407,151,3558,22.56291390728477
3677,171,3848,21.502923976608187
3865,153,4018,25.26143790849673
4035,367,4402,10.994550408719348
4491,195,4686,23.03076923076923
4703,429,5132,10.962703962703962
192,844,1036,0.2274881516587677
1062,788,1850,1.3477157360406091
1951,311,2262,6.273311897106109
2295,400,2695,5.7375
2755,571,3326,4.824868651488616
3394,603,3997,5.628524046434494
54,229,283,0.2358078602620087
294,184,478,1.5978260869565215
489,244,733,2.0040983606557377
741,288,1029,2.5729166666666665
1037,298,1335,3.4798657718120807
1343,353,1696,3.8045325779036823
1704,319,2023,5.341692789968652
2031,340,2371,5.973529411764706
2379,343,2722,6.9358600583090375
2730,354,3084,7.711864406779661
3092,399,3491,7.74937343358396
3499,422,3921,8.291469194312796
3929,379,4308,10.366754617414248
4311,424,4735,10.16745283018868
4738,458,5196,10.344978165938864
5199,416,5615,12.497596153846152
5618,433,6051,12.97459584295612
6054,445,6499,13.604494382022471
6502,487,6989,13.351129363449692
6992,476,7468,14.6890756302521
7471,519,7990,14.394990366088631
177,627,804,0.2822966507177033
824,519,1343,1.5876685934489403
1412,586,1998,2.409556313993174
2019,623,2642,3.240770465489567
258,89,347,2.898876404494382
377,170,547,2.217647058823529
577,309,886,1.867313915857605
905,233,1138,3.88412017167382
1165,243,1408,4.794238683127572
1442,350,1792,4.12
1855,354,2209,5.240112994350283
2225,269,2494,8.271375464684015
44,608,652,0.0723684210526315
706,590,1296,1.1966101694915254
1306,465,1771,2.8086021505376344
15,387,402,0.0387596899224806
415,329,744,1.2613981762917934
756,498,1254,1.5180722891566265
1264,443,1707,2.853273137697517
67,907,974,0.073869900771775
982,385,1367,2.550649350649351
1408,924,2332,1.5238095238095235
2355,932,3287,2.526824034334764
3310,908,4218,3.645374449339207
4241,930,5171,4.560215053763441
5179,836,6015,6.194976076555024
6065,711,6776,8.530239099859353
6796,907,7703,7.492833517089306
7711,319,8030,24.17241379310345
448,649,1097,0.6902927580893683
1169,218,1387,5.362385321100917
1410,64,1474,22.03125
1516,130,1646,11.66153846153846
1651,59,1710,27.983050847457623
1738,201,1939,8.64676616915423
1990,248,2238,8.024193548387096
2425,382,2807,6.348167539267016
2884,545,3429,5.291743119266055
28,49,77,0.5714285714285714
105,25,130,4.2
894,3,897,298.0
915,3,918,305.0
1231,3,1234,410.3333333333333
1252,3,1255,417.3333333333333
1771,3,1774,590.3333333333334
1792,3,1795,597.3333333333334
2623,3,2626,874.3333333333334
2659,2,2661,1329.5
4524,52,4576,87.0
4608,441,5049,10.448979591836734
5092,512,5604,9.9453125
5616,406,6022,13.832512315270936
6087,112,6199,54.348214285714285
6211,121,6332,51.33057851239669
6348,789,7137,8.045627376425855
43,507,550,0.0848126232741617
574,529,1103,1.0850661625708884
1122,488,1610,2.2991803278688523
1622,862,2484,1.8816705336426915
129,559,688,0.2307692307692307
43,2,45,21.5
129,2,131,64.5
318,2,320,159.0
330,214,544,1.5420560747663552
995,2,997,497.5
1013,257,1270,3.941634241245136
1407,2,1409,703.5
1425,263,1688,5.418250950570342
1702,187,1889,9.101604278074866
2267,2,2269,1133.5
2285,401,2686,5.698254364089776
2954,351,3305,8.415954415954415
3323,376,3699,8.837765957446809
3804,45,3849,84.53333333333333
3855,222,4077,17.364864864864863
4368,688,5056,6.348837209302325
54,365,419,0.147945205479452
443,564,1007,0.7854609929078015
1023,497,1520,2.058350100603622
1539,660,2199,2.331818181818182
2213,378,2591,5.854497354497354
2610,587,3197,4.4463373083475295
3266,703,3969,4.6458036984352775
3987,663,4650,6.013574660633484
133,757,890,0.1756935270805812
910,803,1713,1.1332503113325032
1754,566,2320,3.0989399293286217
2352,921,3273,2.553745928338762
3279,689,3968,4.759071117561684
111,598,709,0.1856187290969899
767,664,1431,1.1551204819277108
852,365,1217,2.334246575342466
1388,101,1489,13.742574257425742
1996,974,2970,2.0492813141683777
3047,272,3319,11.202205882352942
3341,320,3661,10.440625
3728,335,4063,11.128358208955223
4097,246,4343,16.65447154471545
4366,128,4494,34.109375
4516,270,4786,16.725925925925925
4982,44,5026,113.22727272727272
11,29,40,0.3793103448275862
2307,360,2667,6.408333333333333
2677,28,2705,95.60714285714286
6358,214,6572,29.710280373831772
6589,259,6848,25.44015444015444
487,294,781,1.6564625850340136
796,871,1667,0.9138920780711826
1671,603,2274,2.771144278606965
99,851,950,0.1163337250293772
1030,966,1996,1.0662525879917184
2060,790,2850,2.607594936708861
167,633,800,0.2638230647709321
110,489,599,0.2249488752556237
735,386,1121,1.9041450777202076
1137,201,1338,5.656716417910448
1346,160,1506,8.4125
1518,249,1767,6.096385542168675
1784,257,2041,6.941634241245136
2063,390,2453,5.28974358974359
2467,263,2730,9.38022813688213
4137,370,4507,11.18108108108108
4523,153,4676,29.562091503267972
4688,205,4893,22.86829268292683
4930,198,5128,24.8989898989899
5188,203,5391,25.55665024630542
5424,173,5597,31.352601156069365
628,14,642,44.85714285714285
987,135,1122,7.311111111111111
1347,287,1634,4.693379790940766
1855,289,2144,6.418685121107266
2659,280,2939,9.496428571428572
3643,489,4132,7.449897750511248
6258,553,6811,11.316455696202532
12,921,933,0.013029315960912
941,589,1530,1.5976230899830222
1541,671,2212,2.2965722801788377
2225,394,2619,5.647208121827411
2638,719,3357,3.6689847009735743
3375,149,3524,22.651006711409394
3537,75,3612,47.16
3623,139,3762,26.06474820143885
3797,110,3907,34.518181818181816
3933,143,4076,27.503496503496503
4089,148,4237,27.62837837837838
23,117,140,0.1965811965811965
165,103,268,1.6019417475728157
310,496,806,0.625
329,400,729,0.8225
745,360,1105,2.0694444444444446
1145,398,1543,2.8768844221105527
1547,177,1724,8.740112994350282
537,873,1410,0.6151202749140894
1421,861,2282,1.6504065040650406
2293,827,3120,2.7726723095526
3131,871,4002,3.5947187141216994
4013,678,4691,5.9188790560471976
47,765,812,0.061437908496732
821,113,934,7.265486725663717
939,110,1049,8.536363636363637
1147,618,1765,1.8559870550161808
1780,367,2147,4.8501362397820165
2245,588,2833,3.818027210884354
2847,802,3649,3.5498753117206983
3671,749,4420,4.901201602136181
4503,768,5271,5.86328125
53,944,997,0.0561440677966101
1016,223,1239,4.556053811659193
1295,583,1878,2.221269296740995
1911,1017,2928,1.87905604719764
4033,667,4700,6.04647676161919
5845,1022,6867,5.719178082191781
6915,1011,7926,6.839762611275964
36,633,669,0.0568720379146919
692,319,1011,2.169278996865204
1033,382,1415,2.7041884816753927
1429,646,2075,2.2120743034055725
27,676,703,0.0399408284023668
727,458,1185,1.5873362445414847
1203,588,1791,2.045918367346939
1801,682,2483,2.6407624633431084
21,245,266,0.0857142857142857
280,112,392,2.5
404,180,584,2.2444444444444445
611,254,865,2.405511811023622
880,294,1174,2.993197278911565
1189,279,1468,4.261648745519714
1482,322,1804,4.60248447204969
1817,334,2151,5.440119760479042
2167,370,2537,5.856756756756757
2549,216,2765,11.800925925925926
2778,334,3112,8.317365269461078
3126,299,3425,10.45484949832776
3437,311,3748,11.05144694533762
16,939,955,0.0170394036208732
975,547,1522,1.7824497257769654
22,328,350,0.0670731707317073
366,362,728,1.011049723756906
836,612,1448,1.3660130718954249
94,149,243,0.6308724832214765
277,239,516,1.1589958158995817
590,292,882,2.0205479452054798
933,154,1087,6.058441558441558
37,58,95,0.6379310344827587
35,452,487,0.077433628318584
39,488,527,0.0799180327868852
572,575,1147,0.9947826086956522
1166,803,1969,1.452054794520548
2005,644,2649,3.1133540372670807
2690,444,3134,6.058558558558558
3201,345,3546,9.278260869565218
3624,658,4282,5.507598784194529
166,326,492,0.50920245398773
511,241,752,2.120331950207469
803,283,1086,2.8374558303886928
1199,548,1747,2.187956204379562
1796,529,2325,3.395085066162571
2512,532,3044,4.7218045112781954
3158,546,3704,5.783882783882784
3751,436,4187,8.603211009174313
4210,607,4817,6.9357495881383855
5020,310,5330,16.193548387096776
48,319,367,0.1504702194357366
23,226,249,0.1017699115044247
262,457,719,0.5733041575492341
755,346,1101,2.1820809248554918
1113,411,1524,2.708029197080292
1530,196,1726,7.806122448979591
1740,382,2122,4.554973821989528
2220,358,2578,6.201117318435754
2585,289,2874,8.944636678200691
119,642,761,0.1853582554517134
30,586,616,0.0511945392491467
622,740,1362,0.8405405405405405
1387,710,2097,1.9535211267605637
954,380,1334,2.5105263157894737
1874,617,2491,3.0372771474878446
2597,1007,3604,2.5789473684210527
43,507,550,0.0848126232741617
574,529,1103,1.0850661625708884
457,32,489,14.28125
491,182,673,2.697802197802198
698,369,1067,1.89159891598916
1077,254,1331,4.24015748031496
1349,309,1658,4.365695792880259
1666,227,1893,7.339207048458149
1896,301,2197,6.299003322259137
2213,258,2471,8.577519379844961
111,680,791,0.163235294117647
811,289,1100,2.8062283737024223
1114,267,1381,4.1722846441947565
1414,169,1583,8.366863905325443
1592,393,1985,4.0508905852417305
2004,673,2677,2.9777117384843983
2733,921,3654,2.96742671009772
3656,284,3940,12.873239436619718
3983,499,4482,7.981963927855712
4531,267,4798,16.970037453183522
4822,944,5766,5.108050847457627
5768,230,5998,25.078260869565216
6009,350,6359,17.16857142857143
6400,896,7296,7.142857142857143
203,541,744,0.3752310536044362
81,176,257,0.4602272727272727
348,621,969,0.5603864734299517
985,539,1524,1.8274582560296848
1545,587,2132,2.6320272572402046
16,991,1007,0.0161453077699293
19,691,710,0.0274963820549927
724,468,1192,1.547008547008547
841,818,1659,1.028117359413203
1675,542,2217,3.0904059040590406
2233,612,2845,3.648692810457516
2869,887,3756,3.234498308906426
3772,870,4642,4.335632183908046
4658,866,5524,5.378752886836028
5540,433,5973,12.79445727482679
5989,562,6551,10.65658362989324
6581,631,7212,10.42947702060222
7228,584,7812,12.376712328767123
298,632,930,0.4715189873417721
1243,533,1776,2.3320825515947465
2172,872,3044,2.4908256880733943
3166,437,3603,7.244851258581236
3634,553,4187,6.571428571428571
4201,838,5039,5.013126491646778
5136,804,5940,6.388059701492537
5964,740,6704,8.05945945945946
6991,523,7514,13.367112810707455
7688,161,7849,47.75155279503105
9,146,155,0.0616438356164383
166,205,371,0.8097560975609757
125,995,1120,0.1256281407035175
1128,828,1956,1.3623188405797102
1982,710,2692,2.791549295774648
263,415,678,0.6337349397590362
702,364,1066,1.9285714285714288
1127,34,1161,33.14705882352941
2223,502,2725,4.4282868525896415
2734,424,3158,6.44811320754717
4,80,84,0.05
88,608,696,0.1447368421052631
700,697,1397,1.0043041606886658
65,318,383,0.2044025157232704
395,428,823,0.9228971962616822
832,710,1542,1.171830985915493
1565,507,2072,3.086785009861933
2081,348,2429,5.9798850574712645
2442,482,2924,5.066390041493776
3458,392,3850,8.821428571428571
4559,638,5197,7.14576802507837
5209,442,5651,11.785067873303168
5777,482,6259,11.985477178423237
6320,223,6543,28.34080717488789
6564,510,7074,12.870588235294118
7085,153,7238,46.30718954248366
7257,564,7821,12.867021276595745
76,477,553,0.1593291404612159
580,420,1000,1.380952380952381
1010,247,1257,4.089068825910931
1284,230,1514,5.582608695652174
1837,485,2322,3.787628865979381
2355,192,2547,12.265625
2562,306,2868,8.372549019607844
2876,178,3054,16.15730337078652
3079,185,3264,16.643243243243244
3285,169,3454,19.437869822485208
486,447,933,1.087248322147651
1005,438,1443,2.294520547945205
1674,159,1833,10.528301886792454
128,469,597,0.2729211087420042
712,415,1127,1.7156626506024095
1171,373,1544,3.1394101876675604
1603,552,2155,2.903985507246377
2195,481,2676,4.563409563409564
2721,531,3252,5.124293785310734
3264,437,3701,7.469107551487414
3785,612,4397,6.184640522875817
4424,496,4920,8.919354838709678
4980,402,5382,12.388059701492535
5421,477,5898,11.364779874213836
5928,463,6391,12.803455723542116
6626,496,7122,13.358870967741936
7143,433,7576,16.496535796766743
7599,470,8069,16.16808510638298
173,887,1060,0.1950394588500563
48,72,120,0.6666666666666666
1356,245,1601,5.53469387755102
2262,285,2547,7.936842105263158
2557,170,2727,15.041176470588235
2746,263,3009,10.44106463878327
3015,330,3345,9.136363636363637
3374,651,4025,5.182795698924731
4045,369,4414,10.962059620596206
4636,363,4999,12.771349862258951
73,721,794,0.1012482662968099
813,701,1514,1.159771754636234
1552,888,2440,1.7477477477477477
2458,888,3346,2.768018018018018
3484,358,3842,9.731843575418994
3892,450,4342,8.648888888888889
4365,423,4788,10.319148936170214
4818,215,5033,22.4093023255814
5324,530,5854,10.045283018867924
5871,475,6346,12.36
6518,491,7009,13.274949083503056
7020,352,7372,19.943181818181817
7387,388,7775,19.038659793814432
7788,297,8085,26.22222222222222
269,420,689,0.6404761904761904
4096,27,4123,151.7037037037037
38,410,448,0.0926829268292682
450,367,817,1.2261580381471389
819,195,1014,4.2
1016,154,1170,6.597402597402597
1176,357,1533,3.294117647058824
1535,258,1793,5.949612403100775
1820,388,2208,4.690721649484536
2210,370,2580,5.972972972972973
2582,88,2670,29.34090909090909
2697,383,3080,7.04177545691906
98,474,572,0.2067510548523206
620,474,1094,1.3080168776371308
1127,620,1747,1.8177419354838709
1751,635,2386,2.7574803149606297
2443,575,3018,4.248695652173913
3035,450,3485,6.7444444444444445
3503,657,4160,5.331811263318112
4178,803,4981,5.202988792029888
5125,586,5711,8.745733788395905
5729,692,6421,8.278901734104046
6440,422,6862,15.260663507109005
6868,37,6905,185.6216216216216
20,397,417,0.0503778337531486
454,449,903,1.0111358574610243
920,721,1641,1.276005547850208
1665,768,2433,2.16796875
2453,983,3436,2.495422177009156
4594,730,5324,6.293150684931507
79,627,706,0.1259968102073365
806,790,1596,1.020253164556962
1655,791,2446,2.092288242730721
2603,825,3428,3.1551515151515157
3430,825,4255,4.157575757575757
4299,833,5132,5.160864345738295
5142,234,5376,21.97435897435897
5540,398,5938,13.919597989949748
5952,612,6564,9.72549019607843
38,733,771,0.0518417462482946
809,568,1377,1.4242957746478873
1389,927,2316,1.4983818770226538
2331,354,2685,6.584745762711864
7,596,603,0.011744966442953
622,634,1256,0.9810725552050472
1270,569,1839,2.231985940246046
1858,518,2376,3.586872586872587
2391,470,2861,5.087234042553192
2876,525,3401,5.478095238095238
3432,700,4132,4.902857142857143
4140,59,4199,70.16949152542372
4212,382,4594,11.026178010471204
4606,251,4857,18.350597609561756
4875,492,5367,9.908536585365852
5396,530,5926,10.181132075471698
5938,186,6124,31.9247311827957
6143,378,6521,16.25132275132275
6554,472,7026,13.885593220338984
7032,414,7446,16.985507246376812
883,287,1170,3.076655052264808
1273,515,1788,2.471844660194175
1945,434,2379,4.481566820276497
2382,363,2745,6.56198347107438
2818,316,3134,8.917721518987342
3195,345,3540,9.26086956521739
3589,410,3999,8.753658536585366
4002,341,4343,11.736070381231672
4484,431,4915,10.40371229698376
4918,161,5079,30.546583850931675
5257,386,5643,13.61917098445596
5646,287,5933,19.67247386759582
6344,419,6763,15.140811455847256
6766,355,7121,19.059154929577463
7124,349,7473,20.412607449856733
7678,386,8064,19.89119170984456
50,759,809,0.0658761528326745
816,744,1560,1.096774193548387
1571,399,1970,3.93734335839599
1990,771,2761,2.5810635538262
2767,56,2823,49.410714285714285
2831,289,3120,9.795847750865052
3132,641,3773,4.886115444617785
18,623,641,0.0288924558587479
1979,735,2714,2.692517006802721
2738,852,3590,3.2136150234741785
3601,864,4465,4.167824074074074
4476,461,4937,9.70932754880694
115,964,1079,0.1192946058091286
1279,461,1740,2.774403470715835
1967,667,2634,2.949025487256372
2661,363,3024,7.330578512396694
714,803,1517,0.8891656288916563
1532,24,1556,63.833333333333336
1660,624,2284,2.66025641025641
2436,704,3140,3.460227272727273
3158,80,3238,39.475
3244,86,3330,37.72093023255814
3362,69,3431,48.72463768115942
3463,587,4050,5.899488926746167
4065,56,4121,72.58928571428571
4138,67,4205,61.76119402985075
82,608,690,0.1348684210526315
764,657,1421,1.1628614916286149
1462,470,1932,3.1106382978723404
148,544,692,0.2720588235294117
41,790,831,0.0518987341772151
858,443,1301,1.9367945823927768
1326,414,1740,3.2028985507246377
1763,412,2175,4.279126213592233
2196,449,2645,4.89086859688196
2711,390,3101,6.951282051282052
3118,576,3694,5.413194444444445
3801,547,4348,6.948811700182816
4384,461,4845,9.509761388286334
4913,958,5871,5.12839248434238
5886,493,6379,11.939148073022311
6395,343,6738,18.644314868804663
16,137,153,0.1167883211678832
176,787,963,0.2236340533672172
85,66,151,1.2878787878787878
176,627,803,0.2807017543859649
881,409,1290,2.154034229828851
1354,331,1685,4.090634441087613
1755,166,1921,10.572289156626503
83,339,422,0.2448377581120944
437,534,971,0.8183520599250936
977,249,1226,3.923694779116466
1239,689,1928,1.7982583454281569
14,213,227,0.0657276995305164
238,688,926,0.3459302325581395
39,64,103,0.609375
130,820,950,0.1585365853658536
975,839,1814,1.162097735399285
1882,796,2678,2.364321608040201
2714,621,3335,4.37037037037037
3356,739,4095,4.54127198917456
4141,690,4831,6.001449275362319
4892,603,5495,8.112769485903815
69,393,462,0.1755725190839694
501,325,826,1.5415384615384615
886,395,1281,2.2430379746835443
1296,379,1675,3.4195250659630605
61,784,845,0.0778061224489796
848,65,913,13.046153846153846
1290,544,1834,2.3713235294117645
1879,336,2215,5.592261904761905
2266,396,2662,5.722222222222222
2713,337,3050,8.050445103857566
3091,387,3478,7.987080103359173
120,507,627,0.2366863905325443
35,69,104,0.5072463768115942
124,103,227,1.203883495145631
240,92,332,2.608695652173913
55,391,446,0.1406649616368286
13,780,793,0.0166666666666666
114,57,171,2.0
20,809,829,0.0247218788627935
850,661,1511,1.285930408472012
307,639,946,0.4804381846635367
1012,467,1479,2.1670235546038543
1582,747,2329,2.1178045515394914
2548,723,3271,3.524204702627939
50,537,587,0.0931098696461825
52,350,402,0.1485714285714285
410,418,828,0.9808612440191388
876,384,1260,2.28125
1268,443,1711,2.862302483069977
1719,301,2020,5.710963455149502
2036,364,2400,5.593406593406593
2408,472,2880,5.101694915254237
2913,355,3268,8.205633802816902
3291,394,3685,8.352791878172589
3693,144,3837,25.64583333333333
3855,401,4256,9.613466334164588
4264,419,4683,10.176610978520287
4707,411,5118,11.452554744525548
5155,379,5534,13.601583113456464
5542,397,5939,13.959697732997482
5947,375,6322,15.858666666666666
6330,395,6725,16.025316455696203
6733,320,7053,21.040625
7070,470,7540,15.04255319148936
47,811,858,0.0579531442663378
869,699,1568,1.2432045779685266
863,621,1484,1.3896940418679549
1736,273,2009,6.358974358974359
2094,227,2321,9.224669603524228
2634,470,3104,5.604255319148936
3111,47,3158,66.19148936170212
36,503,539,0.0715705765407554
595,509,1104,1.168958742632613
1168,467,1635,2.501070663811563
1682,466,2148,3.609442060085837
2177,610,2787,3.568852459016393
2801,535,3336,5.235514018691589
3346,443,3789,7.553047404063205
3805,318,4123,11.965408805031446
4129,385,4514,10.724675324675324
22,87,109,0.2528735632183908
152,131,283,1.1603053435114503
304,187,491,1.625668449197861
509,171,680,2.9766081871345027
701,210,911,3.3380952380952382
947,234,1181,4.047008547008547
1220,146,1366,8.356164383561644
1709,256,1965,6.67578125
2012,178,2190,11.303370786516854
2232,255,2487,8.75294117647059
2634,155,2789,16.993548387096773
2917,175,3092,16.66857142857143
3113,176,3289,17.6875
3426,298,3724,11.496644295302014
5,386,391,0.0129533678756476
410,352,762,1.1647727272727273
814,844,1658,0.9644549763033176
1687,409,2096,4.124694376528117
2125,520,2645,4.086538461538462
2689,675,3364,3.983703703703704
3410,609,4019,5.599343185550082
4040,730,4770,5.534246575342466
4798,843,5641,5.691577698695136
5688,847,6535,6.715466351829988
6538,437,6975,14.961098398169336
6996,412,7408,16.980582524271846
7420,247,7667,30.040485829959515
646,929,1575,0.6953713670613563
1597,387,1984,4.126614987080103
41,273,314,0.1501831501831501
330,287,617,1.1498257839721255
623,243,866,2.5637860082304527
880,235,1115,3.74468085106383
1134,326,1460,3.478527607361963
1530,515,2045,2.970873786407767
2068,247,2315,8.37246963562753
2328,222,2550,10.486486486486486
2566,370,2936,6.935135135135135
2938,319,3257,9.210031347962383
3336,414,3750,8.057971014492754
3758,497,4255,7.561368209255533
4265,244,4509,17.479508196721312
4540,304,4844,14.93421052631579
4852,399,5251,12.160401002506266
5282,263,5545,20.083650190114067
5552,395,5947,14.055696202531646
6038,465,6503,12.98494623655914
6514,402,6916,16.203980099502488
6921,265,7186,26.116981132075477
7208,407,7615,17.71007371007371
7647,312,7959,24.509615384615383
23,116,139,0.1982758620689655
201,420,621,0.4785714285714286
660,225,885,2.933333333333333
976,633,1609,1.5418641390205372
1648,277,1925,5.949458483754513
2063,510,2573,4.045098039215686
2686,815,3501,3.2957055214723927
4163,626,4789,6.6501597444089455
4835,589,5424,8.208828522920204
5447,830,6277,6.562650602409638
6742,726,7468,9.286501377410469
9,568,577,0.0158450704225352
28,194,222,0.1443298969072164
231,101,332,2.287128712871287
404,204,608,1.9803921568627447
624,637,1261,0.979591836734694
1293,841,2134,1.5374554102259217
3255,319,3574,10.203761755485893
3590,1018,4608,3.5265225933202355
4619,598,5217,7.724080267558528
109,425,534,0.2564705882352941
550,581,1131,0.9466437177280552
1148,534,1682,2.149812734082397
1697,644,2341,2.6350931677018634
37,439,476,0.0842824601366742
560,123,683,4.5528455284552845
862,251,1113,3.434262948207172
1139,476,1615,2.392857142857143
1636,395,2031,4.141772151898734
60,90,150,0.6666666666666666
520,586,1106,0.8873720136518771
122,800,922,0.1525
929,95,1024,9.778947368421052
1047,372,1419,2.814516129032258
1482,533,2015,2.7804878048780486
2097,855,2952,2.4526315789473685
2959,381,3340,7.766404199475065
3413,841,4254,4.058263971462544
4261,293,4554,14.542662116040956
20,545,565,0.036697247706422
616,512,1128,1.203125
1147,521,1668,2.201535508637236
1733,688,2421,2.518895348837209
68,430,498,0.1581395348837209
15,723,738,0.0207468879668049
753,468,1221,1.608974358974359
66,933,999,0.0707395498392283
1271,407,1678,3.122850122850122
1697,363,2060,4.674931129476584
14,468,482,0.0299145299145299
960,748,1708,1.2834224598930482
1811,847,2658,2.1381345926800472
2777,766,3543,3.62532637075718
3559,777,4336,4.5804375804375805
171,432,603,0.3958333333333333
611,423,1034,1.4444444444444444
1042,464,1506,2.2456896551724137
1514,296,1810,5.114864864864865
60,64,124,0.9375
549,922,1471,0.5954446854663774
22,879,901,0.0250284414106939
955,678,1633,1.4085545722713864
1659,637,2296,2.6043956043956045
3892,934,4826,4.167023554603855
550,307,857,1.791530944625407
1383,264,1647,5.238636363636363
1848,298,2146,6.201342281879195
2180,950,3130,2.294736842105263
303,307,610,0.986970684039088
631,359,990,1.757660167130919
25,342,367,0.0730994152046783
389,273,662,1.424908424908425
679,553,1232,1.2278481012658229
1250,352,1602,3.551136363636364
1614,710,2324,2.2732394366197184
2351,343,2694,6.854227405247814
2704,89,2793,30.382022471910112
44,533,577,0.0825515947467167
599,339,938,1.766961651917404
1373,678,2051,2.0250737463126844
2251,1007,3258,2.235352532274081
3343,74,3417,45.17567567567568
4575,137,4712,33.394160583941606
5789,671,6460,8.6274217585693
6479,127,6606,51.01574803149607
6637,998,7635,6.650300601202405
1447,341,1788,4.243401759530792
9,312,321,0.0288461538461538
325,154,479,2.1103896103896105
498,187,685,2.663101604278075
692,405,1097,1.708641975308642
1170,467,1637,2.505353319057816
1672,789,2461,2.119138149556401
2492,989,3481,2.519716885743175
3496,224,3720,15.607142857142858
3774,961,4735,3.927159209157128
4762,996,5758,4.781124497991968
5761,504,6265,11.430555555555555
6295,734,7029,8.576294277929156
12,468,480,0.0256410256410256
528,239,767,2.209205020920502
772,664,1436,1.1626506024096386
1498,330,1828,4.539393939393939
1890,532,2422,3.5526315789473686
2447,567,3014,4.315696649029983
3036,331,3367,9.172205438066465
3409,273,3682,12.487179487179487
3718,290,4008,12.820689655172414
381,439,820,0.8678815489749431
1201,483,1684,2.4865424430641823
1998,312,2310,6.403846153846154
2576,293,2869,8.791808873720136
3465,449,3914,7.717149220489977
271,15,286,18.066666666666663
322,15,337,21.466666666666665
340,269,609,1.2639405204460967
677,15,692,45.13333333333333
695,444,1139,1.5653153153153154
1181,15,1196,78.73333333333333
1199,515,1714,2.328155339805825
87,75,162,1.16
210,533,743,0.3939962476547842
811,886,1697,0.9153498871331828
1736,923,2659,1.8808234019501624
2730,921,3651,2.964169381107492
3716,1009,4725,3.682854311199207
4733,766,5499,6.178851174934726
148,338,486,0.4378698224852071
499,556,1055,0.8974820143884892
89,589,678,0.1511035653650254
685,453,1138,1.5121412803532008
1148,474,1622,2.4219409282700424
1632,414,2046,3.942028985507247
2049,366,2415,5.598360655737705
2425,352,2777,6.889204545454546
2780,420,3200,6.619047619047619
206,11,217,18.727272727272727
228,157,385,1.4522292993630572
437,195,632,2.241025641025641
670,155,825,4.32258064516129
827,622,1449,1.3295819935691318
22,783,805,0.0280970625798212
74,244,318,0.3032786885245901
363,71,434,5.112676056338028
1680,778,2458,2.159383033419023
17,691,708,0.024602026049204
720,391,1111,1.8414322250639383
1145,332,1477,3.448795180722892
1521,605,2126,2.5140495867768595
2145,685,2830,3.1313868613138687
2873,754,3627,3.810344827586207
3654,451,4105,8.1019955654102
4108,477,4585,8.61215932914046
5628,562,6190,10.01423487544484
6542,405,6947,16.153086419753087
40,19,59,2.1052631578947367
101,93,194,1.086021505376344
224,89,313,2.5168539325842696
442,88,530,5.0227272727272725
550,94,644,5.851063829787234
656,108,764,6.074074074074074
781,163,944,4.791411042944786
964,229,1193,4.209606986899563
1204,256,1460,4.703125
216,680,896,0.3176470588235294
975,692,1667,1.4089595375722543
1682,236,1918,7.127118644067797
1944,566,2510,3.4346289752650176
2528,544,3072,4.647058823529412
27,22,49,1.2272727272727273
199,550,749,0.3618181818181818
795,35,830,22.714285714285715
1718,658,2376,2.610942249240121
3294,701,3995,4.699001426533523
4005,31,4036,129.19354838709677
4997,720,5717,6.940277777777778
5784,643,6427,8.995334370139968
6473,350,6823,18.494285714285716
6852,649,7501,10.557781201848998
7556,503,8059,15.02186878727634
523,680,1203,0.7691176470588236
1250,638,1888,1.9592476489028208
1910,447,2357,4.272930648769575
15,717,732,0.0209205020920502
744,522,1266,1.4252873563218391
682,666,1348,1.024024024024024
1393,645,2038,2.15968992248062
2056,388,2444,5.298969072164948
2463,546,3009,4.510989010989011
3025,609,3634,4.967159277504105
3636,395,4031,9.20506329113924
4046,1020,5066,3.966666666666667
5069,540,5609,9.387037037037038
5612,859,6471,6.533178114086147
221,165,386,1.3393939393939394
410,148,558,2.77027027027027
633,145,778,4.36551724137931
1209,748,1957,1.6163101604278074
2285,218,2503,10.48165137614679
3065,203,3268,15.098522167487683
3889,713,4602,5.454417952314166
4629,38,4667,121.8157894736842
4685,889,5574,5.269966254218223
5586,340,5926,16.429411764705883
5952,101,6053,58.93069306930693
6073,46,6119,132.02173913043478
6183,754,6937,8.20026525198939
7018,156,7174,44.98717948717949
53,110,163,0.4818181818181818
200,110,310,1.818181818181818
332,112,444,2.9642857142857144
453,130,583,3.4846153846153847
603,132,735,4.568181818181818
749,267,1016,2.805243445692884
1034,464,1498,2.228448275862069
1524,288,1812,5.291666666666667
27,190,217,0.1421052631578947
206,11,217,18.727272727272727
228,157,385,1.4522292993630572
437,195,632,2.241025641025641
670,155,825,4.32258064516129
827,622,1449,1.3295819935691318
29,498,527,0.0582329317269076
20,651,671,0.0307219662058371
696,548,1244,1.27007299270073
1261,464,1725,2.717672413793104
879,343,1222,2.56268221574344
1246,427,1673,2.918032786885246
1699,548,2247,3.1003649635036497
2277,748,3025,3.044117647058824
3056,918,3974,3.328976034858388
4006,434,4440,9.23041474654378
4458,577,5035,7.726169844020797
5100,685,5785,7.445255474452555
5816,491,6307,11.84521384928717
6320,240,6560,26.33333333333333
6610,355,6965,18.61971830985916
7023,320,7343,21.946875
7363,402,7765,18.31592039800995
93,1011,1104,0.0919881305637982
1106,413,1519,2.6779661016949152
1546,662,2208,2.3353474320241694
2219,328,2547,6.765243902439025
2557,391,2948,6.539641943734015
2967,623,3590,4.762439807383628
3652,964,4616,3.788381742738589
4618,224,4842,20.616071428571427
4864,677,5541,7.1846381093057605
5550,308,5858,18.01948051948052
5863,279,6142,21.014336917562723
6147,189,6336,32.523809523809526
6348,424,6772,14.971698113207546
6806,978,7784,6.959100204498977
327,660,987,0.4954545454545455
1011,474,1485,2.132911392405063
1502,497,1999,3.022132796780684
2279,997,3276,2.2858575727181543
3321,588,3909,5.6479591836734695
3936,329,4265,11.963525835866262
4300,333,4633,12.912912912912914
4754,417,5171,11.400479616306956
5257,960,6217,5.476041666666666
6279,591,6870,10.624365482233502
316,506,822,0.6245059288537549
830,264,1094,3.143939393939394
1108,123,1231,9.008130081300813
1236,177,1413,6.983050847457627
1431,194,1625,7.376288659793815
1631,186,1817,8.768817204301076
1825,166,1991,10.99397590361446
1997,197,2194,10.137055837563452
2203,120,2323,18.35833333333333
2333,175,2508,13.331428571428573
2540,262,2802,9.69465648854962
2806,166,2972,16.903614457831324
2980,156,3136,19.102564102564106
3142,153,3295,20.535947712418302
3298,196,3494,16.8265306122449
3507,186,3693,18.85483870967742
3705,209,3914,17.727272727272727
3927,123,4050,31.92682926829268
4059,220,4279,18.45
4289,148,4437,28.97972972972973
4442,227,4669,19.568281938325992
4683,145,4828,32.296551724137935
4836,115,4951,42.05217391304348
4960,109,5069,45.5045871559633
5079,222,5301,22.87837837837838
5307,199,5506,26.668341708542712
5522,149,5671,37.06040268456376
5680,85,5765,66.82352941176471
5777,177,5954,32.63841807909605
5967,275,6242,21.69818181818182
6249,167,6416,37.41916167664671
6425,112,6537,57.36607142857143
6543,200,6743,32.715
6747,127,6874,53.1259842519685
6892,289,7181,23.847750865051903
7194,148,7342,48.608108108108105
7366,301,7667,24.471760797342192
7677,150,7827,51.18
205,197,402,1.0406091370558377
523,212,735,2.4669811320754715
878,106,984,8.283018867924529
1049,118,1167,8.889830508474576
1229,80,1309,15.3625
1352,65,1417,20.8
1493,120,1613,12.441666666666666
1743,120,1863,14.525
2181,269,2450,8.107806691449815
2459,149,2608,16.503355704697988
2728,209,2937,13.052631578947368
3017,43,3060,70.16279069767442
2433,433,2866,5.618937644341801
2897,158,3055,18.335443037974684
3076,323,3399,9.523219814241486
3411,305,3716,11.183606557377049
3729,366,4095,10.188524590163937
12,460,472,0.0260869565217391
49,118,167,0.4152542372881356
1723,416,2139,4.141826923076923
2170,179,2349,12.12290502793296
2358,328,2686,7.189024390243903
2723,109,2832,24.98165137614679
2865,353,3218,8.11614730878187
3235,178,3413,18.174157303370787
3426,229,3655,14.960698689956333
3682,381,4063,9.664041994750656
4071,189,4260,21.53968253968254
4278,259,4537,16.517374517374517
4553,228,4781,19.969298245614038
4798,233,5031,20.59227467811159
5039,258,5297,19.531007751937985
5321,164,5485,32.44512195121951
5494,228,5722,24.09649122807017
5732,249,5981,23.02008032128514
5997,320,6317,18.740625
6358,328,6686,19.384146341463413
6701,414,7115,16.185990338164252
7148,274,7422,26.087591240875916
7435,272,7707,27.334558823529413
7741,260,8001,29.773076923076925
35,398,433,0.0879396984924623
480,571,1051,0.840630472854641
17,186,203,0.0913978494623656
430,714,1144,0.6022408963585434
1215,843,2058,1.4412811387900355
2129,973,3102,2.188078108941418
3106,357,3463,8.700280112044817
3490,229,3719,15.240174672489085
3838,664,4502,5.780120481927711
4516,631,5147,7.15689381933439
5481,464,5945,11.8125
6439,745,7184,8.642953020134229
7253,206,7459,35.20873786407767
7639,371,8010,20.590296495956878
27,580,607,0.046551724137931
616,536,1152,1.1492537313432836
1159,897,2056,1.2920847268673357
2064,568,2632,3.633802816901409
2643,225,2868,11.746666666666666
2871,930,3801,3.087096774193548
434,645,1079,0.6728682170542636
11,37,48,0.2972972972972973
1852,46,1898,40.26086956521739
1918,88,2006,21.795454545454547
2021,512,2533,3.947265625
2549,536,3085,4.755597014925373
3108,551,3659,5.64065335753176
228,533,761,0.4277673545966229
777,419,1196,1.8544152744630071
1230,173,1403,7.109826589595376
14,635,649,0.0220472440944881
691,386,1077,1.7901554404145077
1087,484,1571,2.245867768595041
1591,563,2154,2.8259325044404973
2162,708,2870,3.053672316384181
486,487,973,0.997946611909651
1677,497,2174,3.374245472837022
46,1008,1054,0.0456349206349206
230,333,563,0.6906906906906907
881,888,1769,0.9921171171171173
1842,810,2652,2.274074074074074
2678,900,3578,2.975555555555556
3605,929,4534,3.880516684607104
4552,234,4786,19.45299145299145
1857,786,2643,2.362595419847328
2652,444,3096,5.972972972972973
34,811,845,0.0419235511713933
904,479,1383,1.8872651356993737
143,616,759,0.2321428571428571
781,334,1115,2.338323353293413
1130,446,1576,2.533632286995516
1584,646,2230,2.4520123839009287
2268,129,2397,17.58139534883721
2414,258,2672,9.356589147286822
2707,3,2710,902.3333333333334
787,738,1525,1.0663956639566397
2687,922,3609,2.914316702819957
4432,718,5150,6.172701949860724
30,353,383,0.0849858356940509
395,474,869,0.8333333333333334
891,393,1284,2.267175572519084
1295,454,1749,2.852422907488987
1760,163,1923,10.797546012269938
24,161,185,0.1490683229813664
2587,325,2912,7.96
287,721,1008,0.3980582524271844
3730,868,4598,4.297235023041475
5095,909,6004,5.605060506050605
935,987,1922,0.9473150962512664
2975,981,3956,3.032619775739042
3958,990,4948,3.997979797979798
238,215,453,1.1069767441860463
479,203,682,2.3596059113300494
710,191,901,3.717277486910995
991,247,1238,4.012145748987854
53,543,596,0.0976058931860036
605,406,1011,1.4901477832512315
22,82,104,0.2682926829268293
214,522,736,0.4099616858237548
814,669,1483,1.2167414050822123
2353,270,2623,8.714814814814815
2667,923,3590,2.889490790899241
3628,186,3814,19.50537634408602
3845,190,4035,20.23684210526316
4070,231,4301,17.61904761904762
4394,267,4661,16.45692883895131
4715,37,4752,127.43243243243244
4801,40,4841,120.025
4866,183,5049,26.59016393442623
5060,181,5241,27.955801104972377
5259,238,5497,22.096638655462183
5571,174,5745,32.01724137931034
5840,290,6130,20.13793103448276
6424,415,6839,15.479518072289157
6855,73,6928,93.9041095890411
6938,38,6976,182.57894736842104
6991,66,7057,105.92424242424242
7117,91,7208,78.20879120879121
7265,62,7327,117.1774193548387
105,736,841,0.1426630434782608
684,644,1328,1.062111801242236
1481,651,2132,2.2749615975422426
2197,621,2818,3.5378421900161032
2814,39,2853,72.15384615384616
5098,86,5184,59.27906976744186
99,265,364,0.3735849056603773
450,506,956,0.8893280632411067
1152,410,1562,2.8097560975609754
1665,641,2306,2.5975039001560063
2368,448,2816,5.285714285714286
2980,727,3707,4.099037138927097
4085,497,4582,8.219315895372233
4775,686,5461,6.960641399416909
5710,1013,6723,5.6367226061204345
1193,529,1722,2.2551984877126654
5251,263,5514,19.96577946768061
5529,657,6186,8.415525114155251
6194,801,6995,7.732833957553058
7003,503,7506,13.922465208747514
7515,590,8105,12.73728813559322
68,231,299,0.2943722943722944
1682,625,2307,2.6912
2371,677,3048,3.502215657311669
3132,861,3993,3.637630662020906
4039,382,4421,10.573298429319372
4528,818,5346,5.5354523227383865
6624,869,7493,7.622554660529344
7516,419,7935,17.937947494033413
7952,57,8009,139.50877192982455
50,869,919,0.0575373993095512
944,869,1813,1.0863060989643267
48,204,252,0.2352941176470588
19,305,324,0.0622950819672131
90,586,676,0.1535836177474402
748,821,1569,0.9110840438489648
1580,302,1882,5.231788079470198
1888,223,2111,8.466367713004484
2165,942,3107,2.298301486199575
3109,437,3546,7.11441647597254
3568,224,3792,15.928571428571429
3802,373,4175,10.193029490616622
4241,990,5231,4.283838383838384
5234,169,5403,30.97041420118343
5410,36,5446,150.27777777777777
5454,987,6441,5.525835866261398
6449,639,7088,10.092331768388108
960,21,981,45.71428571428572
1045,20,1065,52.25
1098,21,1119,52.285714285714285
1341,27,1368,49.66666666666666
1397,24,1421,58.208333333333336
1500,47,1547,31.91489361702128
1701,31,1732,54.87096774193548
1756,43,1799,40.83720930232558
2073,33,2106,62.81818181818182
2171,40,2211,54.275
2306,47,2353,49.06382978723404
2380,54,2434,44.07407407407408
2483,35,2518,70.94285714285714
2557,51,2608,50.13725490196079
2627,40,2667,65.675
2715,57,2772,47.63157894736842
2821,58,2879,48.63793103448276
2935,50,2985,58.7
3022,75,3097,40.29333333333334
3141,59,3200,53.23728813559322
3298,26,3324,126.84615384615384
3375,64,3439,52.734375
3464,37,3501,93.62162162162164
3525,49,3574,71.93877551020408
3614,49,3663,73.75510204081633
3696,52,3748,71.07692307692308
3814,60,3874,63.56666666666667
3948,63,4011,62.66666666666666
4040,63,4103,64.12698412698413
4117,46,4163,89.5
4194,55,4249,76.25454545454545
4336,60,4396,72.26666666666667
4452,58,4510,76.75862068965517
4637,107,4744,43.33644859813084
4864,146,5010,33.31506849315068
5066,108,5174,46.907407407407405
5218,74,5292,70.51351351351352
5375,96,5471,55.989583333333336
5566,68,5634,81.8529411764706
5862,117,5979,50.1025641025641
6052,115,6167,52.62608695652174
6227,56,6283,111.19642857142856
6352,75,6427,84.69333333333333
6504,72,6576,90.33333333333331
6633,61,6694,108.7377049180328
6718,62,6780,108.35483870967742
6835,59,6894,115.84745762711864
6935,64,6999,108.359375
7098,58,7156,122.3793103448276
7197,71,7268,101.3661971830986
7300,46,7346,158.69565217391303
7383,32,7415,230.71875
7667,77,7744,99.57142857142856
65,972,1037,0.0668724279835391
1048,1001,2049,1.046953046953047
39,140,179,0.2785714285714286
2158,393,2551,5.4910941475826975
210,736,946,0.2853260869565217
1050,925,1975,1.135135135135135
2061,907,2968,2.2723263506063947
3050,808,3858,3.7747524752475248
3937,549,4486,7.171220400728598
4520,644,5164,7.018633540372671
5224,796,6020,6.562814070351759
6069,549,6618,11.05464480874317
6646,236,6882,28.161016949152543
6920,523,7443,13.231357552581262
7509,305,7814,24.619672131147546
453,250,703,1.812
2809,472,3281,5.951271186440678
3407,263,3670,12.954372623574145
3680,3,3683,1226.6666666666667
209,89,298,2.348314606741573
329,132,461,2.492424242424242
30,632,662,0.0474683544303797
692,651,1343,1.062980030721966
1375,487,1862,2.8234086242299794
1892,642,2534,2.947040498442368
33,390,423,0.0846153846153846
431,402,833,1.072139303482587
841,410,1251,2.051219512195122
1309,448,1757,2.921875
14,814,828,0.0171990171990172
153,164,317,0.9329268292682928
358,294,652,1.217687074829932
666,279,945,2.3870967741935485
973,370,1343,2.6297297297297297
1375,330,1705,4.166666666666667
1746,362,2108,4.823204419889502
25,549,574,0.0455373406193078
590,343,933,1.720116618075802
950,448,1398,2.1205357142857144
1412,211,1623,6.691943127962086
97,682,779,0.1422287390029325
825,653,1478,1.2633996937212864
1422,453,1875,3.1390728476821192
1893,501,2394,3.7784431137724552
2438,244,2682,9.991803278688524
2689,120,2809,22.40833333333333
2821,104,2925,27.125
2991,214,3205,13.976635514018692
3227,286,3513,11.283216783216783
3586,350,3936,10.245714285714286
4605,321,4926,14.345794392523365
4946,301,5247,16.431893687707642
5268,321,5589,16.411214953271028
5748,115,5863,49.982608695652175
6951,320,7271,21.721875
7300,340,7640,21.47058823529412
15,499,514,0.0300601202404809
190,264,454,0.7196969696969697
10,506,516,0.0197628458498023
537,624,1161,0.8605769230769231
1171,510,1681,2.296078431372549
1699,1002,2701,1.6956087824351298
2704,390,3094,6.933333333333334
2873,34,2907,84.5
5379,130,5509,41.37692307692308
6524,52,6576,125.46153846153848
6595,475,7070,13.884210526315789
7105,480,7585,14.802083333333334
7851,156,8007,50.32692307692308
16,311,327,0.0514469453376205
335,489,824,0.6850715746421268
844,640,1484,1.31875
75,1011,1086,0.0741839762611275
1092,204,1296,5.352941176470588
1510,976,2486,1.5471311475409837
2493,609,3102,4.093596059113301
318,305,623,1.042622950819672
634,379,1013,1.6728232189973615
1024,367,1391,2.790190735694823
1402,345,1747,4.063768115942029
1758,143,1901,12.293706293706292
1915,96,2011,19.947916666666668
2037,284,2321,7.172535211267606
2352,267,2619,8.808988764044944
2634,114,2748,23.105263157894736
2875,338,3213,8.505917159763314
3224,342,3566,9.42690058479532
3577,274,3851,13.054744525547443
3868,331,4199,11.685800604229607
4210,345,4555,12.202898550724637
4597,312,4909,14.73397435897436
4920,278,5198,17.697841726618705
5201,369,5570,14.094850948509484
16,512,528,0.03125
549,453,1002,1.2119205298013245
23,595,618,0.0386554621848739
104,563,667,0.1847246891651865
10,49,59,0.2040816326530612
102,61,163,1.6721311475409837
179,354,533,0.5056497175141242
595,475,1070,1.2526315789473683
1083,141,1224,7.680851063829787
1230,140,1370,8.785714285714286
911,13,924,70.07692307692308
945,711,1656,1.3291139240506329
19,94,113,0.202127659574468
453,581,1034,0.7796901893287436
1039,489,1528,2.124744376278118
1533,477,2010,3.2138364779874213
2015,576,2591,3.498263888888889
2733,598,3331,4.570234113712375
3336,711,4047,4.69198312236287
4190,373,4563,11.233243967828418
4626,454,5080,10.189427312775331
5232,647,5879,8.086553323029367
118,427,545,0.2763466042154566
632,567,1199,1.1146384479717812
10,289,299,0.0346020761245674
322,413,735,0.7796610169491526
1655,368,2023,4.497282608695652
2200,218,2418,10.091743119266056
2636,427,3063,6.173302107728337
3214,162,3376,19.839506172839503
3513,152,3665,23.11184210526316
4154,103,4257,40.33009708737864
4356,834,5190,5.223021582733813
5506,113,5619,48.72566371681416
5726,818,6544,7.0
6773,828,7601,8.179951690821255
51,68,119,0.75
132,78,210,1.6923076923076923
269,583,852,0.4614065180102916
901,277,1178,3.252707581227437
3390,905,4295,3.74585635359116
4321,321,4642,13.461059190031152
4754,112,4866,42.44642857142857
4888,39,4927,125.33333333333331
5040,53,5093,95.09433962264151
5123,76,5199,67.40789473684211
5229,129,5358,40.53488372093023
5385,235,5620,22.91489361702128
15,170,185,0.088235294117647
193,203,396,0.9507389162561576
406,631,1037,0.6434231378763867
1045,238,1283,4.390756302521009
1293,194,1487,6.664948453608248
1494,119,1613,12.554621848739496
1616,172,1788,9.395348837209305
31,18,49,1.7222222222222223
63,29,92,2.1724137931034484
115,27,142,4.25925925925926
151,61,212,2.4754098360655736
244,35,279,6.971428571428572
488,207,695,2.357487922705314
1014,131,1145,7.740458015267175
1206,70,1276,17.228571428571428
1284,17,1301,75.52941176470588
1307,33,1340,39.60606060606061
1358,65,1423,20.892307692307693
1505,132,1637,11.401515151515152
1654,317,1971,5.217665615141956
2041,422,2463,4.8364928909952605
2471,232,2703,10.650862068965518
2719,432,3151,6.293981481481482
3158,191,3349,16.534031413612567
3358,736,4094,4.5625
4134,196,4330,21.09183673469388
4334,58,4392,74.72413793103448
4400,255,4655,17.254901960784313
4754,288,5042,16.506944444444443
5056,539,5595,9.380333951762523
5612,210,5822,26.723809523809525
5837,192,6029,30.401041666666668
6043,252,6295,23.98015873015873
6312,209,6521,30.20095693779904
6532,248,6780,26.33870967741936
6793,208,7001,32.65865384615385
7017,50,7067,140.34
7084,38,7122,186.42105263157896
7125,23,7148,309.7826086956522
7171,35,7206,204.88571428571427
7212,28,7240,257.57142857142856
7262,36,7298,201.72222222222223
7312,23,7335,317.9130434782609
7347,210,7557,34.98571428571429
7565,41,7606,184.5121951219512
7621,193,7814,39.487046632124354
1043,890,1933,1.1719101123595506
6,208,214,0.0288461538461538
240,218,458,1.1009174311926606
474,388,862,1.2216494845360826
872,197,1069,4.426395939086294
1079,367,1446,2.9400544959128063
1481,428,1909,3.460280373831776
186,137,323,1.3576642335766422
39,388,427,0.1005154639175257
1237,984,2221,1.2571138211382114
470,344,814,1.3662790697674418
830,347,1177,2.3919308357348705
56,665,721,0.0842105263157894
108,606,714,0.1782178217821782
334,724,1058,0.4613259668508287
1657,737,2394,2.248303934871099
3052,715,3767,4.268531468531468
4452,874,5326,5.093821510297483
5777,932,6709,6.198497854077253
7332,164,7496,44.707317073170735
83,726,809,0.1143250688705234
22,148,170,0.1486486486486486
198,423,621,0.4680851063829787
632,426,1058,1.483568075117371
1123,409,1532,2.745721271393643
1541,375,1916,4.109333333333334
1931,243,2174,7.946502057613169
2194,204,2398,10.754901960784316
2473,93,2566,26.591397849462364
2894,267,3161,10.838951310861423
3179,369,3548,8.615176151761517
3551,326,3877,10.892638036809815
3903,251,4154,15.549800796812749
4161,160,4321,26.00625
4323,158,4481,27.360759493670887
4484,137,4621,32.72992700729927
4627,289,4916,16.01038062283737
4920,423,5343,11.631205673758863
5354,3,5357,1784.6666666666667
87,92,179,0.9456521739130436
344,265,609,1.2981132075471695
789,112,901,7.044642857142857
1093,116,1209,9.422413793103448
1374,109,1483,12.605504587155965
1504,91,1595,16.52747252747253
1616,370,1986,4.367567567567567
34,556,590,0.0611510791366906
623,245,868,2.5428571428571427
881,553,1434,1.593128390596745
1458,361,1819,4.038781163434903
1834,562,2396,3.263345195729537
2417,433,2850,5.581986143187067
2893,368,3261,7.861413043478261
3273,336,3609,9.741071428571429
3655,502,4157,7.280876494023905
177,793,970,0.223203026481715
24,121,145,0.1983471074380165
163,528,691,0.3087121212121212
734,870,1604,0.8436781609195402
1640,132,1772,12.424242424242424
30,408,438,0.0735294117647058
462,159,621,2.9056603773584904
676,233,909,2.9012875536480687
932,323,1255,2.8854489164086687
29,426,455,0.068075117370892
472,295,767,1.6
802,454,1256,1.7665198237885462
1272,631,1903,2.0158478605388277
1921,398,2319,4.826633165829146
495,4,499,123.75
2940,4,2944,735.0
5636,4,5640,1409.0
5680,232,5912,24.48275862068965
5953,256,6209,23.25390625
6242,703,6945,8.879089615931722
6986,749,7735,9.32710280373832
67,888,955,0.0754504504504504
14,921,935,0.015200868621064
98,406,504,0.2413793103448276
144,377,521,0.3819628647214854
524,421,945,1.2446555819477434
948,217,1165,4.368663594470046
113,987,1100,0.1144883485309017
1102,255,1357,4.32156862745098
1385,829,2214,1.6706875753920385
2227,181,2408,12.303867403314918
2440,966,3406,2.525879917184265
3446,646,4092,5.3343653250774
5593,727,6320,7.693259972489684
104,317,421,0.3280757097791798
424,131,555,3.236641221374046
626,379,1005,1.6517150395778364
1008,191,1199,5.277486910994765
19,566,585,0.0335689045936395
648,561,1209,1.1550802139037433
91,243,334,0.3744855967078189
412,491,903,0.8391038696537678
30,655,685,0.0458015267175572
706,814,1520,0.8673218673218673
1559,635,2194,2.4551181102362203
3309,336,3645,9.848214285714286
3697,786,4483,4.703562340966921
4505,968,5473,4.653925619834711
5481,293,5774,18.706484641638227
60,832,892,0.0721153846153846
900,880,1780,1.0227272727272727
47,863,910,0.0544611819235225
62,846,908,0.0732860520094562
58,328,386,0.1768292682926829
2981,602,3583,4.951827242524917
3986,556,4542,7.169064748201439
4554,343,4897,13.276967930029157
4962,821,5783,6.043848964677223
3310,968,4278,3.419421487603306
5821,836,6657,6.962918660287081
6903,382,7285,18.07068062827225
124,69,193,1.7971014492753623
341,116,457,2.939655172413793
507,73,580,6.945205479452055
590,54,644,10.925925925925926
728,209,937,3.4832535885167464
13,617,630,0.0210696920583468
1197,424,1621,2.82311320754717
1926,314,2240,6.13375796178344
106,595,701,0.1781512605042017
400,192,592,2.083333333333333
1339,234,1573,5.722222222222222
1949,287,2236,6.790940766550523
2969,371,3340,8.002695417789758
3726,365,4091,10.208219178082192
4478,371,4849,12.070080862533692
5051,414,5465,12.20048309178744
5521,521,6042,10.596928982725528
755,401,1156,1.8827930174563592
1273,13,1286,97.92307692307692
117,65,182,1.8
279,118,397,2.364406779661017
452,180,632,2.511111111111111
656,200,856,3.28
946,335,1281,2.823880597014925
45,897,942,0.0501672240802675
965,951,1916,1.0147213459516298
1935,401,2336,4.8254364089775565
2368,778,3146,3.043701799485861
3160,936,4096,3.376068376068376
4125,1005,5130,4.104477611940299
5165,885,6050,5.836158192090395
6072,501,6573,12.119760479041917
6602,478,7080,13.811715481171548
7102,514,7616,13.817120622568094
3973,9,3982,441.44444444444446
4066,529,4595,7.686200378071834
4665,608,5273,7.672697368421052
33,97,130,0.3402061855670103
152,168,320,0.9047619047619048
1260,828,2088,1.5217391304347827
5780,823,6603,7.023086269744836
6739,962,7701,7.005197505197505
20,396,416,0.0505050505050505
498,682,1180,0.7302052785923754
1200,59,1259,20.338983050847457
1332,995,2327,1.3386934673366837
51,546,597,0.0934065934065934
622,522,1144,1.1915708812260537
1158,487,1645,2.37782340862423
1024,631,1655,1.622820919175911
160,672,832,0.238095238095238
4345,953,5298,4.559286463798531
5384,513,5897,10.49512670565302
16,598,614,0.0267558528428093
630,379,1009,1.6622691292875988
1026,478,1504,2.146443514644352
1537,244,1781,6.299180327868853
1831,431,2262,4.248259860788863
2349,392,2741,5.99234693877551
2813,720,3533,3.906944444444445
3551,426,3977,8.335680751173708
4009,235,4244,17.059574468085106
4257,524,4781,8.124045801526718
4842,513,5355,9.43859649122807
5373,475,5848,11.31157894736842
5863,373,6236,15.718498659517426
1189,339,1528,3.5073746312684366
1542,271,1813,5.6900369003690034
1846,169,2015,10.923076923076923
2024,393,2417,5.150127226463105
2436,673,3109,3.6196136701337296
3165,921,4086,3.436482084690554
4088,284,4372,14.394366197183098
4415,499,4914,8.847695390781563
4963,267,5230,18.588014981273407
5254,944,6198,5.565677966101695
6200,230,6430,26.956521739130437
6441,350,6791,18.402857142857144
6832,896,7728,7.625
53,417,470,0.1270983213429256
511,194,705,2.634020618556701
742,286,1028,2.5944055944055946
1084,446,1530,2.430493273542601
1570,186,1756,8.440860215053764
1766,181,1947,9.756906077348066
1958,225,2183,8.702222222222222
2203,536,2739,4.110074626865671
1154,562,1716,2.0533807829181496
2838,717,3555,3.9581589958159
38,250,288,0.152
555,330,885,1.681818181818182
906,243,1149,3.728395061728395
1165,371,1536,3.140161725067385
32,46,78,0.6956521739130435
515,3,518,171.66666666666666
1288,3,1291,429.3333333333333
18,319,337,0.0564263322884012
345,592,937,0.5827702702702703
942,711,1653,1.3248945147679323
27,580,607,0.046551724137931
100,870,970,0.1149425287356321
1031,408,1439,2.5269607843137254
1482,709,2191,2.090267983074753
2217,584,2801,3.796232876712329
51,384,435,0.1328125
457,251,708,1.8207171314741035
24,628,652,0.0382165605095541
23,38,61,0.6052631578947368
67,296,363,0.2263513513513513
373,159,532,2.3459119496855347
553,296,849,1.8682432432432432
874,512,1386,1.70703125
1425,348,1773,4.094827586206897
1790,436,2226,4.105504587155964
21,527,548,0.0398481973434535
571,568,1139,1.005281690140845
1147,547,1694,2.096892138939671
18,1019,1037,0.0176643768400392
1043,632,1675,1.6503164556962024
91,210,301,0.4333333333333333
429,112,541,3.830357142857143
569,443,1012,1.2844243792325056
1023,17,1040,60.1764705882353
1057,315,1372,3.355555555555556
1435,185,1620,7.756756756756757
1792,445,2237,4.026966292134832
2254,142,2396,15.873239436619718
2495,260,2755,9.596153846153848
2919,282,3201,10.351063829787234
3301,397,3698,8.314861460957179
3748,290,4038,12.924137931034483
4159,306,4465,13.591503267973856
1255,689,1944,1.8214804063860668
242,896,1138,0.2700892857142857
1141,147,1288,7.761904761904762
1323,919,2242,1.439608269858542
2245,253,2498,8.873517786561266
2512,958,3470,2.6221294363256784
470,664,1134,0.7078313253012049
1143,512,1655,2.232421875
3725,150,3875,24.83333333333333
3930,894,4824,4.395973154362416
4897,537,5434,9.119180633147112
5461,293,5754,18.638225255972696
5791,446,6237,12.984304932735428
6267,597,6864,10.49748743718593
6906,144,7050,47.958333333333336
7195,96,7291,74.94791666666667
41,860,901,0.0476744186046511
936,994,1930,0.9416498993963782
5278,1005,6283,5.251741293532338
6296,972,7268,6.477366255144033
32,814,846,0.0393120393120393
889,829,1718,1.0723763570566949
1733,757,2490,2.2892998678996035
2567,781,3348,3.2868117797695264
3363,471,3834,7.140127388535032
3862,770,4632,5.015584415584415
4639,728,5367,6.372252747252747
5400,530,5930,10.18867924528302
5980,701,6681,8.530670470756062
6747,752,7499,8.972074468085106
19,113,132,0.168141592920354
170,160,330,1.0625
335,41,376,8.170731707317072
407,312,719,1.3044871794871795
741,310,1051,2.390322580645161
1096,263,1359,4.167300380228137
1373,3,1376,457.6666666666667
242,896,1138,0.2700892857142857
1141,147,1288,7.761904761904762
1323,919,2242,1.439608269858542
1222,1005,2227,1.2159203980099502
2243,207,2450,10.83574879227053
2477,465,2942,5.326881720430108
2965,526,3491,5.636882129277566
3515,612,4127,5.743464052287582
4151,547,4698,7.588665447897624
4720,713,5433,6.6199158485273495
5456,643,6099,8.485225505443236
6114,635,6749,9.628346456692912
6771,549,7320,12.333333333333334
7337,575,7912,12.76
92,527,619,0.174573055028463
633,139,772,4.553956834532374
801,438,1239,1.8287671232876712
1285,280,1565,4.589285714285714
1581,460,2041,3.4369565217391305
2087,405,2492,5.153086419753087
2503,107,2610,23.39252336448598
2642,427,3069,6.187353629976581
3071,277,3348,11.086642599277978
3363,185,3548,18.17837837837838
3571,205,3776,17.41951219512195
3787,103,3890,36.76699029126213
3912,307,4219,12.742671009771987
4232,366,4598,11.562841530054644
84,69,153,1.2173913043478262
189,191,380,0.9895287958115184
386,64,450,6.03125
532,232,764,2.293103448275862
12,721,733,0.0166435506241331
751,920,1671,0.816304347826087
1683,639,2322,2.6338028169014085
2339,973,3312,2.403905447070915
3341,692,4033,4.828034682080925
4053,893,4946,4.538633818589026
4976,647,5623,7.690880989180835
5640,836,6476,6.746411483253588
185,414,599,0.4468599033816425
760,402,1162,1.890547263681592
1164,451,1615,2.580931263858093
1617,355,1972,4.554929577464788
1974,453,2427,4.357615894039735
2429,195,2624,12.456410256410257
2704,382,3086,7.0785340314136125
3125,413,3538,7.566585956416465
3540,386,3926,9.17098445595855
3971,413,4384,9.615012106537533
4386,413,4799,10.619854721549636
4801,220,5021,21.822727272727278
5070,441,5511,11.496598639455785
5551,506,6057,10.970355731225297
6065,352,6417,17.230113636363637
6441,488,6929,13.19877049180328
6931,363,7294,19.09366391184573
62,820,882,0.0756097560975609
906,607,1513,1.4925864909390445
1592,653,2245,2.437978560490046
2280,433,2713,5.265588914549654
2808,416,3224,6.75
3245,459,3704,7.069716775599129
3746,772,4518,4.852331606217617
4568,442,5010,10.334841628959277
5051,656,5707,7.699695121951219
15,573,588,0.0261780104712041
600,648,1248,0.925925925925926
1316,703,2019,1.871977240398293
2037,719,2756,2.8331015299026427
2815,948,3763,2.969409282700422
3780,994,4774,3.8028169014084505
4781,158,4939,30.25949367088608
4953,727,5680,6.81292984869326
345,469,814,0.7356076759061834
18,636,654,0.0283018867924528
60,75,135,0.8
392,583,975,0.6723842195540308
3001,601,3602,4.993344425956739
21,251,272,0.0836653386454183
277,358,635,0.7737430167597765
640,234,874,2.735042735042735
879,256,1135,3.43359375
1140,228,1368,5.0
1403,133,1536,10.548872180451127
1571,361,1932,4.351800554016621
1937,348,2285,5.566091954022989
2290,206,2496,11.116504854368932
2558,368,2926,6.951086956521739
2931,377,3308,7.774535809018568
3313,287,3600,11.54355400696864
3645,302,3947,12.06953642384106
3952,245,4197,16.13061224489796
4221,544,4765,7.759191176470588
4770,482,5252,9.896265560165975
5281,296,5577,17.841216216216218
5582,84,5666,66.45238095238095
794,480,1274,1.6541666666666666
1324,605,1929,2.188429752066116
2000,465,2465,4.301075268817204
2851,526,3377,5.420152091254753
6467,680,7147,9.510294117647058
1238,955,2193,1.2963350785340315
23,226,249,0.1017699115044247
262,457,719,0.5733041575492341
755,346,1101,2.1820809248554918
1113,411,1524,2.708029197080292
1530,196,1726,7.806122448979591
1740,382,2122,4.554973821989528
2220,358,2578,6.201117318435754
2585,289,2874,8.944636678200691
2963,452,3415,6.5553097345132745
94,109,203,0.8623853211009175
257,58,315,4.431034482758621
1101,347,1448,3.1729106628242074
1991,403,2394,4.94044665012407
3053,420,3473,7.269047619047619
3513,61,3574,57.59016393442623
3703,637,4340,5.813186813186813
4383,424,4807,10.337264150943396
4832,398,5230,12.14070351758794
5262,167,5429,31.508982035928145
5467,145,5612,37.70344827586207
5647,405,6052,13.943209876543207
6095,289,6384,21.08996539792388
6407,457,6864,14.01969365426696
474,423,897,1.1205673758865249
903,271,1174,3.3321033210332103
1208,475,1683,2.5431578947368423
1725,466,2191,3.7017167381974247
2214,805,3019,2.750310559006212
1608,375,1983,4.288
1990,404,2394,4.925742574257426
2401,414,2815,5.799516908212561
2822,283,3105,9.97173144876325
3112,37,3149,84.10810810810811
212,38,250,5.578947368421052
283,208,491,1.3605769230769231
584,250,834,2.336
872,254,1126,3.4330708661417324
1179,259,1438,4.552123552123552
1468,299,1767,4.909698996655519
1978,38,2016,52.05263157894737
2051,174,2225,11.78735632183908
2254,224,2478,10.0625
2486,259,2745,9.5984555984556
2794,292,3086,9.568493150684931
3141,354,3495,8.872881355932204
3520,392,3912,8.979591836734693
3938,713,4651,5.5231416549789625
57,787,844,0.0724269377382465
231,481,712,0.4802494802494803
734,395,1129,1.8582278481012655
1137,415,1552,2.7397590361445783
1561,57,1618,27.385964912280706
1625,24,1649,67.70833333333333
1655,41,1696,40.36585365853659
2211,513,2724,4.309941520467836
19,361,380,0.0526315789473684
402,508,910,0.7913385826771654
128,469,597,0.2729211087420042
712,415,1127,1.7156626506024095
1171,373,1544,3.1394101876675604
1603,552,2155,2.903985507246377
2195,481,2676,4.563409563409564
2721,531,3252,5.124293785310734
3264,437,3701,7.469107551487414
3785,612,4397,6.184640522875817
4424,496,4920,8.919354838709678
4980,402,5382,12.388059701492535
5421,477,5898,11.364779874213836
5928,463,6391,12.803455723542116
6626,496,7122,13.358870967741936
7143,433,7576,16.496535796766743
7599,470,8069,16.16808510638298
77,571,648,0.1348511383537653
667,104,771,6.413461538461538
83,339,422,0.2448377581120944
437,534,971,0.8183520599250936
35,741,776,0.0472334682860998
809,494,1303,1.637651821862348
130,446,576,0.2914798206278027
584,413,997,1.414043583535109
129,812,941,0.1588669950738916
286,623,909,0.4590690208667737
936,434,1370,2.1566820276497696
1396,458,1854,3.0480349344978164
33,964,997,0.0342323651452282
1021,168,1189,6.0773809523809526
1205,283,1488,4.257950530035336
1496,175,1671,8.548571428571428
1679,57,1736,29.45614035087719
1762,79,1841,22.303797468354432
53,350,403,0.1514285714285714
416,540,956,0.7703703703703704
969,556,1525,1.7428057553956835
1546,613,2159,2.5220228384991845
2167,413,2580,5.246973365617434
2595,461,3056,5.629067245119306
3113,637,3750,4.8869701726844585
3763,540,4303,6.968518518518518
4319,529,4848,8.164461247637051
4859,882,5741,5.50907029478458
5762,342,6104,16.84795321637427
6129,375,6504,16.344
6533,88,6621,74.23863636363636
6642,66,6708,100.63636363636364
6718,75,6793,89.57333333333334
155,789,944,0.1964512040557668
981,884,1865,1.1097285067873304
1887,985,2872,1.915736040609137
2908,733,3641,3.967257844474761
3666,631,4297,5.809825673534073
4321,760,5081,5.685526315789474
5120,182,5302,28.13186813186813
5347,708,6055,7.55225988700565
6065,915,6980,6.628415300546448
6988,891,7879,7.84287317620651
171,225,396,0.76
418,233,651,1.793991416309013
826,157,983,5.261146496815287
1188,107,1295,11.102803738317755
5254,250,5504,21.016
5521,52,5573,106.17307692307692
5606,43,5649,130.3720930232558
5670,3,5673,1890.0
31,149,180,0.2080536912751678
191,218,409,0.8761467889908257
95,538,633,0.1765799256505576
728,537,1265,1.355679702048417
1362,590,1952,2.3084745762711862
1989,919,2908,2.16430903155604
2947,810,3757,3.638271604938272
3811,824,4635,4.625
4744,1011,5755,4.692383778437191
121,753,874,0.1606905710491367
11,151,162,0.0728476821192053
183,202,385,0.905940594059406
410,530,940,0.7735849056603774
960,433,1393,2.2170900692840645
1412,642,2054,2.1993769470404985
2067,153,2220,13.509803921568627
2240,339,2579,6.607669616519174
2599,383,2982,6.785900783289817
2998,319,3317,9.398119122257054
27,643,670,0.0419906687402799
687,427,1114,1.6088992974238876
1137,281,1418,4.0462633451957295
1451,513,1964,2.828460038986355
1988,570,2558,3.487719298245614
118,50,168,2.36
254,33,287,7.696969696969697
289,341,630,0.8475073313782991
78,616,694,0.1266233766233766
702,587,1289,1.1959114139693356
675,29,704,23.27586206896552
709,63,772,11.253968253968257
780,86,866,9.069767441860463
878,81,959,10.839506172839506
967,16,983,60.4375
998,69,1067,14.46376811594203
129,78,207,1.6538461538461535
224,61,285,3.672131147540984
315,120,435,2.625
439,124,563,3.540322580645161
582,152,734,3.8289473684210527
738,226,964,3.265486725663717
1099,138,1237,7.963768115942029
1382,127,1509,10.881889763779528
1517,86,1603,17.63953488372093
1612,245,1857,6.579591836734694
1933,212,2145,9.117924528301886
2162,186,2348,11.623655913978494
2403,145,2548,16.572413793103447
2552,702,3254,3.635327635327635
3277,79,3356,41.48101265822785
3362,73,3435,46.05479452054794
4001,621,4622,6.442834138486313
4641,457,5098,10.155361050328228
5123,401,5524,12.775561097256858
5533,861,6394,6.426248548199768
88,403,491,0.2183622828784119
636,439,1075,1.44874715261959
1287,495,1782,2.6
1797,522,2319,3.442528735632184
2333,608,2941,3.8371710526315783
2975,696,3671,4.274425287356322
3697,777,4474,4.758043758043758
4496,703,5199,6.395448079658606
5247,673,5920,7.796433878157503
6107,707,6814,8.637906647807638
6877,766,7643,8.97780678851175
30,679,709,0.0441826215022091
722,548,1270,1.3175182481751824
1286,610,1896,2.1081967213114754
1907,405,2312,4.708641975308642
2358,666,3024,3.5405405405405403
3090,329,3419,9.39209726443769
3589,587,4176,6.114139693356048
4205,382,4587,11.00785340314136
4628,460,5088,10.060869565217391
5340,502,5842,10.637450199203188
5866,273,6139,21.487179487179485
6155,255,6410,24.137254901960784
6451,349,6800,18.484240687679083
6818,285,7103,23.92280701754386
7304,481,7785,15.185031185031184
85,881,966,0.0964812712826333
979,552,1531,1.7735507246376812
1552,535,2087,2.9009345794392525
142,84,226,1.6904761904761905
55,571,626,0.0963222416812609
650,924,1574,0.7034632034632035
1612,791,2403,2.0379266750948166
2410,154,2564,15.64935064935065
2573,160,2733,16.08125
2745,256,3001,10.72265625
3026,271,3297,11.166051660516604
3313,402,3715,8.24129353233831
3732,281,4013,13.281138790035588
11,42,53,0.2619047619047619
118,73,191,1.6164383561643836
206,111,317,1.855855855855856
31,334,365,0.092814371257485
277,431,708,0.642691415313225
715,479,1194,1.4926931106471817
46,535,581,0.0859813084112149
6592,766,7358,8.605744125326371
14,529,543,0.0264650283553875
64,389,453,0.1645244215938303
487,390,877,1.2487179487179487
919,377,1296,2.4376657824933687
1316,403,1719,3.265508684863524
1740,362,2102,4.806629834254144
2114,579,2693,3.651122625215889
2724,551,3275,4.943738656987295
3286,161,3447,20.40993788819876
3457,260,3717,13.296153846153846
40,772,812,0.0518134715025906
18,762,780,0.0236220472440944
791,448,1239,1.765625
19,332,351,0.0572289156626506
409,1017,1426,0.4021632251720747
1528,728,2256,2.098901098901099
2389,624,3013,3.828525641025641
3053,625,3678,4.8848
3719,769,4488,4.836150845253576
4564,710,5274,6.428169014084507
38,182,220,0.2087912087912088
320,964,1284,0.3319502074688796
1291,983,2274,1.313326551373347
2306,974,3280,2.3675564681724848
3287,627,3914,5.242424242424242
1049,198,1247,5.297979797979798
1252,201,1453,6.2288557213930345
1458,407,1865,3.5823095823095823
1871,206,2077,9.08252427184466
2082,209,2291,9.961722488038278
2297,44,2341,52.20454545454545
3590,81,3671,44.32098765432099
3738,183,3921,20.42622950819672
3946,328,4274,12.03048780487805
4314,777,5091,5.552123552123552
11,65,76,0.1692307692307692
85,78,163,1.0897435897435896
221,246,467,0.8983739837398373
481,192,673,2.505208333333333
689,222,911,3.103603603603604
960,169,1129,5.680473372781065
1143,310,1453,3.687096774193548
1519,31,1550,49.0
1617,125,1742,12.936
1821,221,2042,8.239819004524886
2058,180,2238,11.433333333333334
2298,168,2466,13.678571428571429
31,80,111,0.3875
557,231,788,2.411255411255411
810,29,839,27.93103448275862
1624,3,1627,541.3333333333334
2184,3,2187,728.0
2962,3,2965,987.3333333333334
2989,33,3022,90.57575757575758
3741,3,3744,1247.0
3756,159,3915,23.62264150943396
5818,3,5821,1939.3333333333333
5876,402,6278,14.616915422885572
6337,443,6780,14.304740406320542
6816,424,7240,16.07547169811321
25,732,757,0.0341530054644808
768,464,1232,1.6551724137931034
1262,402,1664,3.1393034825870645
11,151,162,0.0728476821192053
183,202,385,0.905940594059406
410,530,940,0.7735849056603774
960,433,1393,2.2170900692840645
1412,642,2054,2.1993769470404985
2069,226,2295,9.154867256637168
2315,430,2745,5.383720930232558
2761,388,3149,7.115979381443299
3164,87,3251,36.367816091954026
74,526,600,0.1406844106463878
619,7,626,88.42857142857143
637,96,733,6.635416666666667
913,537,1450,1.7001862197392923
1492,584,2076,2.554794520547945
2103,458,2561,4.591703056768559
2567,34,2601,75.5
2606,37,2643,70.43243243243244
9,57,66,0.1578947368421052
71,137,208,0.5182481751824818
1248,1008,2256,1.238095238095238
2259,220,2479,10.268181818181818
2483,131,2614,18.95419847328244
2630,503,3133,5.228628230616303
3179,201,3380,15.81592039800995
3399,57,3456,59.63157894736842
3506,851,4357,4.119858989424207
4410,249,4659,17.710843373493976
4679,687,5366,6.810771470160116
5385,223,5608,24.14798206278027
5632,288,5920,19.55555555555556
5949,853,6802,6.974208675263775
6804,859,7663,7.920838183934808
73,451,524,0.1618625277161862
564,512,1076,1.1015625
1098,244,1342,4.5
95,937,1032,0.1013874066168623
1034,41,1075,25.21951219512195
1092,619,1711,1.764135702746365
1728,634,2362,2.725552050473186
57,419,476,0.1360381861575179
489,262,751,1.866412213740458
760,328,1088,2.317073170731707
1096,573,1669,1.912739965095986
1680,461,2141,3.644251626898048
182,361,543,0.5041551246537396
992,484,1476,2.049586776859504
1899,329,2228,5.772036474164134
2692,374,3066,7.197860962566845
3774,234,4008,16.128205128205128
4185,328,4513,12.759146341463415
5508,544,6052,10.125
6064,41,6105,147.90243902439025
40,704,744,0.0568181818181818
773,928,1701,0.8329741379310345
236,630,866,0.3746031746031746
939,664,1603,1.414156626506024
1706,868,2574,1.9654377880184333
2581,435,3016,5.933333333333334
3065,669,3734,4.581464872944694
321,311,632,1.0321543408360128
652,237,889,2.7510548523206757
757,600,1357,1.2616666666666667
1498,544,2042,2.7536764705882355
2127,902,3029,2.358093126385809
3034,496,3530,6.116935483870968
3586,729,4315,4.919067215363512
4344,397,4741,10.94206549118388
4758,497,5255,9.57344064386318
69,24,93,2.875
728,628,1356,1.1592356687898089
1363,480,1843,2.839583333333333
1883,865,2748,2.176878612716763
2899,387,3286,7.490956072351421
3288,404,3692,8.138613861386139
3767,301,4068,12.514950166112955
4070,360,4430,11.305555555555555
4595,319,4914,14.404388714733544
4958,359,5317,13.81058495821727
5563,378,5941,14.716931216931217
209,89,298,2.348314606741573
329,132,461,2.492424242424242
491,192,683,2.5572916666666665
46,979,1025,0.0469867211440245
1036,416,1452,2.4903846153846154
237,74,311,3.202702702702702
331,110,441,3.0090909090909093
562,231,793,2.432900432900433
840,122,962,6.885245901639344
976,93,1069,10.494623655913978
1165,123,1288,9.471544715447154
1359,229,1588,5.934497816593886
1615,136,1751,11.875
1816,136,1952,13.352941176470589
1962,115,2077,17.06086956521739
2092,245,2337,8.538775510204081
2349,140,2489,16.77857142857143
12,579,591,0.0207253886010362
607,553,1160,1.0976491862567812
1220,868,2088,1.4055299539170507
2172,644,2816,3.372670807453416
20,717,737,0.0278940027894002
54,240,294,0.225
313,257,570,1.2178988326848248
578,44,622,13.136363636363637
41,148,189,0.277027027027027
117,342,459,0.3421052631578947
477,717,1194,0.6652719665271967
43,185,228,0.2324324324324324
247,151,398,1.6357615894039734
416,103,519,4.038834951456311
74,66,140,1.121212121212121
174,43,217,4.046511627906977
256,35,291,7.314285714285714
339,41,380,8.268292682926829
430,43,473,10.0
527,48,575,10.979166666666666
619,43,662,14.395348837209305
692,726,1418,0.953168044077135
3888,906,4794,4.291390728476821
4802,548,5350,8.762773722627736
172,752,924,0.2287234042553191
12,322,334,0.0372670807453416
343,446,789,0.7690582959641256
812,520,1332,1.5615384615384615
1797,597,2394,3.010050251256281
2441,813,3254,3.002460024600246
3452,610,4062,5.659016393442623
4095,525,4620,7.8
4699,815,5514,5.765644171779141
5584,749,6333,7.455273698264352
6391,914,7305,6.99234135667396
162,692,854,0.2341040462427745
31,811,842,0.0382244143033292
85,354,439,0.2401129943502825
477,332,809,1.436746987951807
836,366,1202,2.2841530054644807
796,289,1085,2.754325259515571
1362,958,2320,1.4217118997912317
2334,472,2806,4.944915254237288
2827,691,3518,4.091172214182344
3604,761,4365,4.735873850197109
4377,756,5133,5.78968253968254
5144,46,5190,111.82608695652172
5209,406,5615,12.830049261083744
16,634,650,0.0252365930599369
667,674,1341,0.9896142433234422
20,423,443,0.0472813238770685
471,816,1287,0.5772058823529411
1292,171,1463,7.555555555555555
1487,834,2321,1.7829736211031175
2326,576,2902,4.038194444444445
2933,804,3737,3.648009950248756
3751,816,4567,4.596813725490196
4572,152,4724,30.07894736842105
4775,702,5477,6.801994301994302
5501,748,6249,7.35427807486631
6301,818,7119,7.702933985330073
7142,853,7995,8.372801875732709
169,20,189,8.45
203,218,421,0.9311926605504588
74,244,318,0.3032786885245901
363,71,434,5.112676056338028
1680,778,2458,2.159383033419023
2510,102,2612,24.607843137254903
2689,175,2864,15.365714285714288
4109,134,4243,30.66417910447761
4298,80,4378,53.725
4866,399,5265,12.19548872180451
5336,155,5491,34.42580645161291
5518,288,5806,19.15972222222222
5861,847,6708,6.919716646989374
6770,313,7083,21.62939297124601
7208,238,7446,30.285714285714285
7458,302,7760,24.6953642384106
33,511,544,0.0645792563600782
2621,328,2949,7.990853658536586
16,20,36,0.8
40,22,62,1.818181818181818
67,38,105,1.763157894736842
109,37,146,2.945945945945946
152,40,192,3.8
82,516,598,0.1589147286821705
15,65,80,0.2307692307692307
133,87,220,1.528735632183908
17,89,106,0.1910112359550561
133,284,417,0.4683098591549295
440,57,497,7.719298245614035
508,386,894,1.3160621761658031
921,409,1330,2.251833740831296
1343,412,1755,3.2597087378640777
1761,446,2207,3.948430493273543
2214,81,2295,27.33333333333333
2312,207,2519,11.169082125603865
2553,411,2964,6.211678832116788
160,918,1078,0.1742919389978213
1096,583,1679,1.8799313893653515
1738,935,2673,1.8588235294117648
2690,415,3105,6.481927710843373
3168,591,3759,5.360406091370559
3846,297,4143,12.94949494949495
4252,942,5194,4.51380042462845
5202,947,6149,5.493136219640972
6157,645,6802,9.545736434108528
6857,942,7799,7.279193205944798
37,650,687,0.0569230769230769
726,612,1338,1.1862745098039216
30,632,662,0.0474683544303797
692,651,1343,1.062980030721966
1375,487,1862,2.8234086242299794
1892,642,2534,2.947040498442368
2686,811,3497,3.3119605425400738
3542,330,3872,10.733333333333333
12,576,588,0.0208333333333333
816,795,1611,1.0264150943396226
41,144,185,0.2847222222222222
201,533,734,0.3771106941838649
755,73,828,10.342465753424657
685,471,1156,1.454352441613588
1198,241,1439,4.970954356846473
2202,665,2867,3.311278195488722
21,251,272,0.0836653386454183
277,358,635,0.7737430167597765
640,234,874,2.735042735042735
879,256,1135,3.43359375
1140,228,1368,5.0
1403,133,1536,10.548872180451127
1571,361,1932,4.351800554016621
1937,348,2285,5.566091954022989
2290,206,2496,11.116504854368932
2558,368,2926,6.951086956521739
2931,377,3308,7.774535809018568
3313,287,3600,11.54355400696864
3645,302,3947,12.06953642384106
3952,245,4197,16.13061224489796
4221,544,4765,7.759191176470588
4770,482,5252,9.896265560165975
5281,296,5577,17.841216216216218
5582,84,5666,66.45238095238095
5695,346,6041,16.459537572254334
6046,184,6230,32.858695652173914
6322,319,6641,19.818181818181817
6646,6,6652,1107.6666666666667
6696,416,7112,16.096153846153847
7142,141,7283,50.65248226950354
7289,89,7378,81.89887640449439
119,653,772,0.1822358346094946
820,168,988,4.880952380952381
1001,212,1213,4.721698113207547
1287,81,1368,15.88888888888889
1442,323,1765,4.464396284829721
1772,26,1798,68.15384615384616
1882,221,2103,8.515837104072398
2156,62,2218,34.774193548387096
2331,129,2460,18.069767441860463
2496,80,2576,31.2
2602,51,2653,51.01960784313726
2678,78,2756,34.333333333333336
2765,73,2838,37.87671232876713
2921,110,3031,26.55454545454545
3051,76,3127,40.14473684210526
3133,14,3147,223.78571428571428
3174,40,3214,79.35
3238,103,3341,31.436893203883496
3367,54,3421,62.351851851851855
3432,19,3451,180.6315789473684
3693,551,4244,6.702359346642468
4272,57,4329,74.94736842105263
4359,64,4423,68.109375
4440,103,4543,43.10679611650485
4564,243,4807,18.781893004115226
4821,90,4911,53.56666666666667
5051,179,5230,28.217877094972067
5257,148,5405,35.520270270270274
5430,261,5691,20.804597701149422
5700,102,5802,55.88235294117647
5830,93,5923,62.68817204301075
5930,60,5990,98.83333333333331
6007,90,6097,66.74444444444444
6118,113,6231,54.14159292035398
6300,98,6398,64.28571428571429
6416,77,6493,83.32467532467533
6516,162,6678,40.22222222222222
6704,243,6947,27.588477366255145
6960,640,7600,10.875
802,748,1550,1.072192513368984
1562,919,2481,1.6996735582154516
2483,181,2664,13.718232044198896
56,547,603,0.1023765996343692
676,62,738,10.903225806451612
772,101,873,7.643564356435643
904,84,988,10.761904761904765
1018,86,1104,11.83720930232558
1128,82,1210,13.75609756097561
1239,67,1306,18.49253731343284
1320,65,1385,20.307692307692307
1402,225,1627,6.231111111111111
1662,107,1769,15.532710280373832
1793,108,1901,16.60185185185185
1965,144,2109,13.645833333333334
2133,109,2242,19.568807339449545
2279,122,2401,18.68032786885246
2419,152,2571,15.914473684210526
2587,134,2721,19.30597014925373
2741,70,2811,39.15714285714286
2856,106,2962,26.943396226415093
3008,113,3121,26.61946902654867
3128,43,3171,72.74418604651163
3193,91,3284,35.08791208791209
85,66,151,1.2878787878787878
176,627,803,0.2807017543859649
881,409,1290,2.154034229828851
25,817,842,0.0305997552019583
12,361,373,0.0332409972299169
3052,683,3735,4.468521229868228
4932,978,5910,5.042944785276074
5934,225,6159,26.37333333333333
6184,566,6750,10.925795053003531
6828,528,7356,12.931818181818182
7395,294,7689,25.1530612244898
7717,366,8083,21.084699453551917
51,26,77,1.9615384615384612
99,167,266,0.592814371257485
346,603,949,0.5737976782752903
1080,191,1271,5.654450261780105
1458,618,2076,2.3592233009708736
2263,542,2805,4.175276752767528
3035,775,3810,3.916129032258064
4005,634,4639,6.317034700315458
4841,555,5396,8.722522522522523
5489,404,5893,13.586633663366335
5933,63,5996,94.17460317460318
6034,60,6094,100.56666666666666
6141,66,6207,93.04545454545456
6254,53,6307,118.0
6346,64,6410,99.15625
6454,319,6773,20.23197492163009
19,578,597,0.0328719723183391
617,973,1590,0.6341212744090442
1605,977,2582,1.6427840327533263
2590,840,3430,3.083333333333333
3445,919,4364,3.748639825897715
4389,989,5378,4.437815975733064
5393,969,6362,5.565531475748194
6373,580,6953,10.98793103448276
6976,884,7860,7.891402714932127
1260,828,2088,1.5217391304347827
5780,823,6603,7.023086269744836
6739,962,7701,7.005197505197505
1731,349,2080,4.959885386819484
2083,421,2504,4.947743467933492
2507,390,2897,6.4282051282051285
2900,477,3377,6.079664570230608
3380,385,3765,8.779220779220779
3768,449,4217,8.391982182628063
4220,168,4388,25.11904761904762
4413,394,4807,11.200507614213198
4824,255,5079,18.91764705882353
5086,401,5487,12.683291770573566
5490,174,5664,31.55172413793104
1351,881,2232,1.533484676503973
122,800,922,0.1525
929,95,1024,9.778947368421052
1047,372,1419,2.814516129032258
1482,533,2015,2.7804878048780486
2097,855,2952,2.4526315789473685
2959,381,3340,7.766404199475065
3413,841,4254,4.058263971462544
4261,293,4554,14.542662116040956
4639,864,5503,5.369212962962963
5510,258,5768,21.356589147286822
62,707,769,0.0876944837340877
782,640,1422,1.221875
20,346,366,0.0578034682080924
11,250,261,0.044
269,360,629,0.7472222222222222
661,313,974,2.1118210862619806
1005,431,1436,2.331786542923434
1478,157,1635,9.414012738853502
1656,242,1898,6.8429752066115705
1989,284,2273,7.003521126760563
2280,402,2682,5.6716417910447765
2782,473,3255,5.881606765327696
3290,509,3799,6.4636542239685655
3813,222,4035,17.175675675675677
98,665,763,0.1473684210526315
921,678,1599,1.3584070796460177
1669,948,2617,1.760548523206751
2620,572,3192,4.580419580419581
3394,663,4057,5.119155354449472
4087,276,4363,14.807971014492754
4442,37,4479,120.05405405405403
4500,162,4662,27.77777777777778
4683,462,5145,10.136363636363637
5206,64,5270,81.34375
5279,460,5739,11.47608695652174
5742,463,6205,12.40172786177106
6208,156,6364,39.7948717948718
6404,961,7365,6.663891779396462
7398,454,7852,16.295154185022028
42,300,342,0.14
361,256,617,1.41015625
675,289,964,2.3356401384083045
1012,292,1304,3.4657534246575343
1314,262,1576,5.015267175572519
1605,271,1876,5.922509225092251
1899,168,2067,11.303571428571429
2082,221,2303,9.42081447963801
15,208,223,0.0721153846153846
237,320,557,0.740625
605,400,1005,1.5125
1223,502,1725,2.4362549800796813
1838,521,2359,3.527831094049904
2413,470,2883,5.134042553191489
2897,200,3097,14.485
3160,257,3417,12.295719844357976
3468,540,4008,6.422222222222223
4144,967,5111,4.285418821096174
6094,537,6631,11.348230912476724
274,542,816,0.5055350553505535
831,502,1333,1.655378486055777
1390,459,1849,3.028322440087146
1867,382,2249,4.887434554973822
2271,431,2702,5.269141531322505
2715,418,3133,6.4952153110047846
3144,544,3688,5.779411764705882
3698,434,4132,8.52073732718894
762,276,1038,2.760869565217391
1051,216,1267,4.8657407407407405
19,572,591,0.0332167832167832
602,742,1344,0.8113207547169812
2262,394,2656,5.741116751269035
2664,428,3092,6.224299065420561
3100,446,3546,6.95067264573991
3554,475,4029,7.482105263157894
4102,498,4600,8.236947791164658
4608,475,5083,9.701052631578948
5091,424,5515,12.007075471698114
6922,926,7848,7.475161987041036
509,437,946,1.1647597254004576
957,446,1403,2.145739910313901
1426,206,1632,6.922330097087379
1644,169,1813,9.727810650887577
2328,788,3116,2.954314720812183
832,834,1666,0.9976019184652278
34,517,551,0.0657640232108317
594,749,1343,0.7930574098798397
1361,615,1976,2.2130081300813007
47,811,858,0.0579531442663378
869,699,1568,1.2432045779685266
1605,802,2407,2.001246882793017
9,51,60,0.1764705882352941
74,657,731,0.1126331811263318
742,873,1615,0.849942726231386
292,89,381,3.2808988764044944
393,239,632,1.6443514644351465
664,227,891,2.9251101321585904
908,167,1075,5.437125748502994
20,536,556,0.0373134328358208
561,842,1403,0.666270783847981
1462,651,2113,2.2457757296466974
12,87,99,0.1379310344827586
124,392,516,0.3163265306122449
518,342,860,1.5146198830409356
862,373,1235,2.310991957104558
1237,209,1446,5.91866028708134
1513,361,1874,4.191135734072022
1876,383,2259,4.898172323759791
2261,337,2598,6.70919881305638
2624,366,2990,7.169398907103825
2992,397,3389,7.536523929471032
3391,319,3710,10.630094043887148
3712,188,3900,19.74468085106383
4856,420,5276,11.561904761904762
5278,408,5686,12.93627450980392
5688,250,5938,22.752
86,79,165,1.0886075949367089
189,478,667,0.3953974895397489
799,122,921,6.549180327868853
995,107,1102,9.299065420560748
1130,438,1568,2.5799086757990866
1589,714,2303,2.2254901960784315
2336,503,2839,4.644135188866799
2876,60,2936,47.93333333333333
2968,74,3042,40.108108108108105
3075,55,3130,55.90909090909091
3232,782,4014,4.132992327365729
4058,905,4963,4.483977900552486
4977,70,5047,71.1
5085,968,6053,5.253099173553719
6076,196,6272,31.0
6325,231,6556,27.38095238095238
6582,68,6650,96.79411764705884
6667,248,6915,26.883064516129032
6981,570,7551,12.24736842105263
46,823,869,0.0558930741190765
886,896,1782,0.9888392857142856
1796,666,2462,2.6966966966966965
69,451,520,0.1529933481152993
29,618,647,0.046925566343042
13,576,589,0.0225694444444444
614,713,1327,0.8611500701262272
197,44,241,4.477272727272728
499,195,694,2.5589743589743588
13,411,424,0.0316301703163017
18,876,894,0.0205479452054794
27,879,906,0.030716723549488
926,591,1517,1.5668358714043993
1526,649,2175,2.3513097072419105
2194,744,2938,2.9489247311827955
2952,672,3624,4.392857142857143
3646,308,3954,11.837662337662335
3963,245,4208,16.175510204081633
4226,650,4876,6.501538461538462
4895,608,5503,8.050986842105264
5522,662,6184,8.341389728096678
221,425,646,0.52
667,3,670,222.33333333333331
152,15,167,10.133333333333333
192,983,1175,0.1953204476093591
1278,982,2260,1.3014256619144602
2298,974,3272,2.359342915811088
13,322,335,0.0403726708074534
341,340,681,1.0029411764705882
702,207,909,3.391304347826087
929,332,1261,2.798192771084337
1280,287,1567,4.45993031358885
1593,273,1866,5.835164835164835
169,20,189,8.45
203,212,415,0.9575471698113208
555,653,1208,0.8499234303215927
1261,580,1841,2.174137931034483
21,835,856,0.0251497005988023
2728,958,3686,2.847599164926931
21,370,391,0.0567567567567567
22,55,77,0.4
100,626,726,0.1597444089456869
731,726,1457,1.0068870523415978
1472,562,2034,2.619217081850534
53,96,149,0.5520833333333334
193,130,323,1.484615384615385
361,305,666,1.1836065573770491
724,314,1038,2.305732484076433
1098,260,1358,4.223076923076923
1423,586,2009,2.4283276450511946
2060,718,2778,2.86908077994429
2796,847,3643,3.3010625737898467
3699,869,4568,4.256616800920599
4575,421,4996,10.866983372921617
5058,650,5708,7.781538461538462
22,458,480,0.0480349344978165
492,514,1006,0.9571984435797666
48,315,363,0.1523809523809524
372,112,484,3.321428571428572
241,694,935,0.3472622478386167
954,685,1639,1.392700729927007
1719,638,2357,2.69435736677116
2373,340,2713,6.979411764705882
2782,557,3339,4.994614003590664
3435,520,3955,6.605769230769231
20,810,830,0.0246913580246913
865,820,1685,1.054878048780488
176,745,921,0.236241610738255
951,578,1529,1.6453287197231834
1611,637,2248,2.529042386185244
2354,785,3139,2.9987261146496813
3202,492,3694,6.508130081300813
3718,381,4099,9.758530183727034
4124,955,5079,4.318324607329843
5095,237,5332,21.49789029535865
5412,812,6224,6.665024630541872
1192,418,1610,2.851674641148325
1652,485,2137,3.406185567010309
2230,703,2933,3.1721194879089616
4046,1021,5067,3.962781586679726
5088,1000,6088,5.088
6118,1019,7137,6.003925417075564
24,98,122,0.2448979591836734
132,68,200,1.9411764705882355
230,118,348,1.9491525423728813
405,111,516,3.6486486486486487
545,294,839,1.8537414965986396
10,83,93,0.1204819277108433
105,95,200,1.105263157894737
736,610,1346,1.2065573770491804
1766,330,2096,5.351515151515152
2448,416,2864,5.884615384615385
3240,247,3487,13.117408906882591
3864,207,4071,18.666666666666668
4144,468,4612,8.854700854700855
4720,670,5390,7.044776119402985
5501,107,5608,51.41121495327103
6520,181,6701,36.02209944751381
6741,93,6834,72.48387096774194
7709,185,7894,41.67027027027027
19,899,918,0.0211345939933259
82,809,891,0.1013597033374536
896,706,1602,1.2691218130311614
1618,594,2212,2.723905723905724
2672,801,3473,3.3358302122347068
3478,796,4274,4.369346733668341
4279,690,4969,6.201449275362319
5005,816,5821,6.133578431372549
6054,804,6858,7.529850746268656
6906,819,7725,8.432234432234432
85,190,275,0.4473684210526316
296,352,648,0.8409090909090909
678,169,847,4.011834319526627
872,14,886,62.285714285714285
934,89,1023,10.49438202247191
1041,165,1206,6.3090909090909095
1289,213,1502,6.051643192488263
1527,250,1777,6.108
1836,180,2016,10.2
89,793,882,0.1122320302648171
167,618,785,0.2702265372168285
47,50,97,0.94
144,67,211,2.149253731343284
21,496,517,0.0423387096774193
208,613,821,0.3393148450244698
833,432,1265,1.9282407407407407
1494,502,1996,2.9760956175298805
2158,419,2577,5.15035799522673
2719,468,3187,5.80982905982906
3402,344,3746,9.88953488372093
3972,396,4368,10.030303030303031
29,892,921,0.0325112107623318
965,914,1879,1.0557986870897156
1920,896,2816,2.142857142857143
2965,903,3868,3.283499446290144
4038,898,4936,4.496659242761693
5018,874,5892,5.741418764302059
578,883,1461,0.6545866364665912
1490,895,2385,1.664804469273743
2882,1003,3885,2.873379860418744
3976,42,4018,94.66666666666669
5867,40,5907,146.675
78,858,936,0.0909090909090909
981,574,1555,1.7090592334494774
1564,1003,2567,1.5593220338983051
3018,1008,4026,2.994047619047619
4048,412,4460,9.8252427184466
4483,642,5125,6.982866043613707
5140,352,5492,14.602272727272728
5501,414,5915,13.28743961352657
5923,649,6572,9.126348228043144
6575,533,7108,12.335834896810509
18,856,874,0.0210280373831775
879,411,1290,2.1386861313868613
46,928,974,0.0495689655172413
20,585,605,0.0341880341880341
619,381,1000,1.6246719160104988
1013,310,1323,3.267741935483871
1330,337,1667,3.946587537091988
1724,464,2188,3.7155172413793114
2237,499,2736,4.482965931863728
2750,93,2843,29.56989247311828
2866,525,3391,5.459047619047619
3416,435,3851,7.852873563218391
3863,290,4153,13.320689655172414
4166,507,4673,8.216962524654832
174,904,1078,0.1924778761061946
15,200,215,0.075
247,174,421,1.4195402298850577
438,187,625,2.342245989304813
644,188,832,3.425531914893617
836,150,986,5.573333333333333
31,231,262,0.1341991341991342
16,380,396,0.0421052631578947
410,374,784,1.0962566844919786
11,878,889,0.0125284738041002
904,849,1753,1.0647820965842167
1776,661,2437,2.686838124054463
3488,794,4282,4.392947103274559
4294,413,4707,10.397094430992736
4714,724,5438,6.511049723756906
6503,845,7348,7.69585798816568
1063,145,1208,7.3310344827586205
300,479,779,0.6263048016701461
781,486,1267,1.6069958847736625
1269,478,1747,2.654811715481172
2014,397,2411,5.073047858942066
2413,469,2882,5.144989339019189
2884,217,3101,13.290322580645162
72,56,128,1.2857142857142858
131,54,185,2.425925925925926
192,68,260,2.823529411764706
262,65,327,4.030769230769231
329,65,394,5.061538461538461
34,515,549,0.0660194174757281
19,578,597,0.0328719723183391
617,973,1590,0.6341212744090442
1605,977,2582,1.6427840327533263
2590,840,3430,3.083333333333333
3445,919,4364,3.748639825897715
4389,989,5378,4.437815975733064
5393,969,6362,5.565531475748194
6373,580,6953,10.98793103448276
6976,884,7860,7.891402714932127
44,625,669,0.0704
694,194,888,3.577319587628866
896,369,1265,2.4281842818428183
1308,154,1462,8.493506493506494
1508,161,1669,9.366459627329192
1712,183,1895,9.3551912568306
1970,478,2448,4.121338912133891
2572,277,2849,9.28519855595668
2934,286,3220,10.258741258741258
3339,261,3600,12.79310344827586
3629,606,4235,5.988448844884489
4273,648,4921,6.594135802469136
4972,214,5186,23.233644859813083
5214,635,5849,8.211023622047245
5867,432,6299,13.58101851851852
6366,644,7010,9.885093167701864
7021,568,7589,12.360915492957746
384,5,389,76.8
1152,992,2144,1.1612903225806452
2146,826,2972,2.598062953995157
2979,484,3463,6.154958677685951
3470,562,4032,6.174377224199288
4038,610,4648,6.619672131147541
4655,736,5391,6.324728260869565
33,537,570,0.0614525139664804
13,41,54,0.3170731707317073
246,508,754,0.484251968503937
764,58,822,13.172413793103448
842,498,1340,1.6907630522088353
1354,458,1812,2.9563318777292578
1837,631,2468,2.911251980982567
2527,523,3050,4.831739961759082
3063,374,3437,8.189839572192513
17,875,892,0.0194285714285714
959,896,1855,1.0703125
1888,892,2780,2.116591928251121
2791,86,2877,32.45348837209303
2909,260,3169,11.18846153846154
3177,375,3552,8.472
3568,433,4001,8.240184757505773
264,652,916,0.4049079754601227
962,150,1112,6.413333333333333
1155,141,1296,8.191489361702128
46,979,1025,0.0469867211440245
1036,416,1452,2.4903846153846154
1478,603,2081,2.451077943615257
2108,624,2732,3.378205128205128
2756,585,3341,4.711111111111111
3367,590,3957,5.706779661016949
3973,467,4440,8.507494646680943
4462,537,4999,8.309124767225326
5014,300,5314,16.713333333333335
5368,717,6085,7.486750348675035
6126,922,7048,6.644251626898048
195,728,923,0.2678571428571428
992,218,1210,4.5504587155963305
1313,612,1925,2.145424836601307
1981,656,2637,3.019817073170732
67,687,754,0.0975254730713246
782,956,1738,0.8179916317991632
1742,526,2268,3.311787072243346
2288,929,3217,2.46286329386437
3221,505,3726,6.3782178217821786
3742,947,4689,3.95142555438226
759,99,858,7.666666666666667
871,165,1036,5.278787878787878
1136,310,1446,3.664516129032258
1894,287,2181,6.599303135888502
2229,832,3061,2.6790865384615383
3072,993,4065,3.093655589123867
4078,959,5037,4.252346193952033
5044,363,5407,13.895316804407711
111,680,791,0.163235294117647
811,289,1100,2.8062283737024223
146,513,659,0.2846003898635477
706,611,1317,1.1554828150572831
1340,587,1927,2.282793867120954
1967,573,2540,3.432809773123909
2557,538,3095,4.75278810408922
27,672,699,0.0401785714285714
775,786,1561,0.986005089058524
401,244,645,1.6434426229508197
658,277,935,2.375451263537906
944,662,1606,1.4259818731117824
1146,501,1647,2.287425149700599
1664,773,2437,2.152652005174644
79,42,121,1.880952380952381
240,256,496,0.9375
2051,490,2541,4.185714285714286
5174,26,5200,199.0
19,332,351,0.0572289156626506
409,1017,1426,0.4021632251720747
1528,728,2256,2.098901098901099
473,433,906,1.092378752886836
111,70,181,1.5857142857142856
189,84,273,2.25
163,954,1117,0.1708595387840671
1153,1007,2160,1.1449851042701091
2202,997,3199,2.208625877632899
4312,892,5204,4.834080717488789
5239,939,6178,5.579339723109691
6215,836,7051,7.434210526315789
7083,792,7875,8.943181818181818
48,384,432,0.125
445,594,1039,0.7491582491582491
1080,412,1492,2.621359223300971
1504,526,2030,2.859315589353612
2046,546,2592,3.7472527472527473
2598,394,2992,6.593908629441624
19,484,503,0.0392561983471074
520,453,973,1.1479028697571745
44,37,81,1.1891891891891893
3084,45,3129,68.53333333333333
5649,34,5683,166.14705882352942
35,162,197,0.2160493827160493
82,106,188,0.7735849056603774
387,448,835,0.8638392857142857
1073,489,1562,2.1942740286298568
1624,267,1891,6.082397003745318
791,867,1658,0.9123414071510956
1660,532,2192,3.1203007518796992
20,984,1004,0.0203252032520325
1013,562,1575,1.802491103202847
2389,22,2411,108.5909090909091
5544,724,6268,7.657458563535911
6410,934,7344,6.862955032119914
7392,714,8106,10.352941176470589
27,764,791,0.0353403141361256
881,772,1653,1.1411917098445596
42,845,887,0.0497041420118343
889,61,950,14.57377049180328
1001,793,1794,1.2622950819672132
1156,571,1727,2.0245183887915936
1781,799,2580,2.229036295369212
2665,738,3403,3.611111111111111
3444,568,4012,6.063380281690141
10,785,795,0.0127388535031847
812,820,1632,0.9902439024390244
1636,496,2132,3.298387096774193
2159,876,3035,2.4646118721461185
3039,857,3896,3.546091015169195
3900,864,4764,4.513888888888889
4768,872,5640,5.467889908256881
1213,490,1703,2.475510204081633
1712,610,2322,2.8065573770491805
2332,280,2612,8.32857142857143
2625,452,3077,5.807522123893805
3087,419,3506,7.3675417661097855
3564,408,3972,8.735294117647058
4001,257,4258,15.568093385214008
4310,632,4942,6.819620253164557
4967,961,5928,5.168574401664932
6009,524,6533,11.467557251908396
6688,946,7634,7.069767441860465
3084,357,3441,8.638655462184873
3444,467,3911,7.374732334047109
3914,363,4277,10.782369146005507
4280,184,4464,23.26086956521739
96,647,743,0.1483771251931993
764,866,1630,0.8822170900692841
1903,561,2464,3.392156862745098
2676,923,3599,2.8992416034669555
3667,878,4545,4.176537585421412
5155,379,5534,13.601583113456464
5541,228,5769,24.30263157894737
5789,416,6205,13.915865384615383
6219,959,7178,6.484880083420229
30,995,1025,0.0301507537688442
1027,14,1041,73.35714285714286
12,579,591,0.0207253886010362
604,420,1024,1.438095238095238
44,647,691,0.0680061823802163
1857,786,2643,2.362595419847328
2652,444,3096,5.972972972972973
3105,153,3258,20.294117647058822
33,863,896,0.0382387022016222
976,762,1738,1.2808398950131237
105,629,734,0.1669316375198728
762,458,1220,1.6637554585152838
1234,197,1431,6.2639593908629445
1564,795,2359,1.9672955974842767
2442,947,3389,2.578669482576557
3410,585,3995,5.829059829059829
4018,479,4497,8.388308977035491
4510,330,4840,13.666666666666666
883,287,1170,3.076655052264808
1273,515,1788,2.471844660194175
1945,434,2379,4.481566820276497
2382,363,2745,6.56198347107438
2818,316,3134,8.917721518987342
3195,345,3540,9.26086956521739
3589,410,3999,8.753658536585366
4002,341,4343,11.736070381231672
4484,431,4915,10.40371229698376
4918,161,5079,30.546583850931675
5257,386,5643,13.61917098445596
5646,287,5933,19.67247386759582
6344,419,6763,15.140811455847256
6766,355,7121,19.059154929577463
7124,349,7473,20.412607449856733
7678,386,8064,19.89119170984456
70,78,148,0.8974358974358975
894,916,1810,0.9759825327510916
1979,881,2860,2.246311010215664
225,273,498,0.8241758241758241
863,355,1218,2.4309859154929576
1281,367,1648,3.490463215258856
1687,562,2249,3.001779359430605
2278,104,2382,21.903846153846157
2712,335,3047,8.0955223880597
3509,411,3920,8.53771289537713
4116,167,4283,24.646706586826348
4815,457,5272,10.536105032822755
5356,961,6317,5.573361082206035
95,442,537,0.2149321266968326
561,159,720,3.5283018867924527
62,820,882,0.0756097560975609
17,145,162,0.1172413793103448
174,429,603,0.4055944055944055
623,383,1006,1.6266318537859008
1016,83,1099,12.240963855421686
1125,447,1572,2.5167785234899327
1586,756,2342,2.0978835978835977
2383,311,2694,7.662379421221865
2792,86,2878,32.46511627906977
2978,137,3115,21.73722627737226
3132,584,3716,5.363013698630137
3826,532,4358,7.19172932330827
4369,125,4494,34.952
4513,782,5295,5.771099744245524
5314,307,5621,17.309446254071663
5636,395,6031,14.268354430379746
6042,458,6500,13.192139737991264
6518,378,6896,17.243386243386244
6909,108,7017,63.97222222222222
7033,488,7521,14.41188524590164
24,636,660,0.0377358490566037
691,687,1378,1.0058224163027656
1408,582,1990,2.419243986254296
2006,240,2246,8.358333333333333
2272,532,2804,4.270676691729324
2826,740,3566,3.818918918918919
3574,390,3964,9.164102564102564
3987,274,4261,14.55109489051095
5059,305,5364,16.58688524590164
5383,137,5520,39.29197080291971
6170,85,6255,72.58823529411765
6272,130,6402,48.246153846153845
6453,225,6678,28.68
6698,229,6927,29.24890829694323
6963,183,7146,38.04918032786885
7174,170,7344,42.2
7360,179,7539,41.11731843575419
7557,467,8024,16.182012847965737
1571,648,2219,2.424382716049383
4264,686,4950,6.215743440233236
6325,505,6830,12.524752475247524
28,566,594,0.0494699646643109
607,1019,1626,0.5956820412168793
11,163,174,0.0674846625766871
185,128,313,1.4453125
341,994,1335,0.3430583501006036
1356,224,1580,6.053571428571429
1586,156,1742,10.166666666666666
1752,724,2476,2.4198895027624308
2478,858,3336,2.888111888111888
3366,3,3369,1122.0
215,82,297,2.6219512195121952
305,358,663,0.8519553072625698
700,190,890,3.684210526315789
1827,268,2095,6.817164179104478
3816,236,4052,16.16949152542373
5841,288,6129,20.28125
30,759,789,0.0395256916996047
798,788,1586,1.012690355329949
1599,682,2281,2.344574780058651
43,4,47,10.75
64,412,476,0.1553398058252427
508,358,866,1.4189944134078212
721,447,1168,1.6129753914988814
1519,523,2042,2.904397705544933
2111,7,2118,301.57142857142856
2841,464,3305,6.122844827586207
3656,542,4198,6.745387453874539
4267,7,4274,609.5714285714286
4896,449,5345,10.90423162583519
5647,488,6135,11.57172131147541
6204,7,6211,886.2857142857143
6834,393,7227,17.389312977099237
7529,434,7963,17.347926267281107
8032,7,8039,1147.428571428571
77,963,1040,0.0799584631360332
12,333,345,0.036036036036036
354,341,695,1.0381231671554252
742,360,1102,2.061111111111111
1105,364,1469,3.0357142857142856
1472,278,1750,5.294964028776978
1767,345,2112,5.121739130434783
2115,325,2440,6.507692307692308
2443,231,2674,10.575757575757576
2710,325,3035,8.338461538461539
3041,359,3400,8.470752089136491
3403,355,3758,9.585915492957746
3761,52,3813,72.32692307692308
3832,190,4022,20.16842105263158
4025,424,4449,9.492924528301886
4452,735,5187,6.057142857142857
5225,170,5395,30.735294117647054
5398,361,5759,14.952908587257618
5762,608,6370,9.476973684210526
6373,119,6492,53.55462184873949
6495,346,6841,18.771676300578036
6843,369,7212,18.54471544715447
7214,350,7564,20.61142857142857
7566,120,7686,63.05
186,186,372,1.0
394,72,466,5.472222222222222
480,48,528,10.0
551,386,937,1.427461139896373
992,354,1346,2.8022598870056497
1398,385,1783,3.6311688311688313
1817,425,2242,4.275294117647059
15,575,590,0.0260869565217391
615,503,1118,1.2226640159045723
32,636,668,0.050314465408805
683,509,1192,1.3418467583497051
1280,379,1659,3.3773087071240107
1707,369,2076,4.626016260162602
2121,532,2653,3.986842105263158
2674,747,3421,3.5796519410977243
2305,268,2573,8.600746268656716
2585,243,2828,10.637860082304528
2837,861,3698,3.295005807200929
3809,346,4155,11.008670520231211
4170,386,4556,10.803108808290157
4574,372,4946,12.295698924731182
4961,780,5741,6.36025641025641
13,622,635,0.0209003215434083
25,683,708,0.0366032210834553
782,842,1624,0.9287410926365796
1633,302,1935,5.4072847682119205
2021,844,2865,2.394549763033176
2872,338,3210,8.497041420118343
3247,845,4092,3.842603550295858
4123,616,4739,6.693181818181818
4780,882,5662,5.419501133786848
5669,598,6267,9.479933110367892
6392,867,7259,7.372549019607843
7285,650,7935,11.207692307692309
40,749,789,0.0534045393858478
821,686,1507,1.196793002915452
1532,832,2364,1.8413461538461535
2381,973,3354,2.447070914696814
3458,953,4411,3.628541448058762
4422,72,4494,61.41666666666666
7,133,140,0.0526315789473684
148,178,326,0.8314606741573034
337,373,710,0.903485254691689
726,393,1119,1.847328244274809
545,866,1411,0.6293302540415704
1421,444,1865,3.2004504504504503
1888,918,2806,2.056644880174292
2816,296,3112,9.513513513513514
11,37,48,0.2972972972972973
1852,46,1898,40.26086956521739
1918,88,2006,21.795454545454547
2021,512,2533,3.947265625
2549,536,3085,4.755597014925373
3108,551,3659,5.64065335753176
81,173,254,0.4682080924855491
275,178,453,1.5449438202247192
500,46,546,10.869565217391305
599,188,787,3.186170212765957
509,600,1109,0.8483333333333334
2539,351,2890,7.233618233618234
2918,478,3396,6.104602510460251
3491,808,4299,4.320544554455446
4441,543,4984,8.178637200736649
5015,564,5579,8.891843971631205
5613,564,6177,9.952127659574469
1009,340,1349,2.967647058823529
101,909,1010,0.1111111111111111
1015,914,1929,1.1105032822757113
1934,938,2872,2.06183368869936
2879,396,3275,7.27020202020202
3285,428,3713,7.675233644859813
3743,441,4184,8.487528344671201
4194,723,4917,5.800829875518672
4936,659,5595,7.490136570561456
5606,605,6211,9.26611570247934
6226,616,6842,10.107142857142858
6847,648,7495,10.566358024691358
140,906,1046,0.1545253863134658
1057,711,1768,1.4866385372714486
1921,941,2862,2.0414452709883104
2873,560,3433,5.130357142857143
3573,949,4522,3.765015806111697
4668,900,5568,5.1866666666666665
17,757,774,0.0224570673712021
231,98,329,2.357142857142857
496,903,1399,0.5492801771871539
1618,940,2558,1.721276595744681
25,460,485,0.0543478260869565
514,125,639,4.112
168,278,446,0.60431654676259
853,323,1176,2.6408668730650158
16,673,689,0.0237741456166419
916,635,1551,1.44251968503937
1598,560,2158,2.8535714285714286
2194,546,2740,4.018315018315018
9,255,264,0.0352941176470588
281,764,1045,0.3678010471204188
1053,527,1580,1.9981024667931688
1639,959,2598,1.7090719499478624
2612,607,3219,4.303130148270181
3235,732,3967,4.419398907103825
4008,623,4631,6.43338683788122
162,290,452,0.5586206896551724
459,387,846,1.186046511627907
957,876,1833,1.0924657534246576
1854,875,2729,2.1188571428571428
2749,874,3623,3.145308924485126
1072,885,1957,1.2112994350282489
1965,860,2825,2.2848837209302326
44,21,65,2.095238095238096
202,804,1006,0.2512437810945274
1063,628,1691,1.6926751592356688
50,632,682,0.0791139240506329
702,232,934,3.0258620689655173
949,341,1290,2.782991202346041
37,684,721,0.0540935672514619
36,667,703,0.0539730134932533
729,411,1140,1.7737226277372262
1168,382,1550,3.0575916230366493
271,754,1025,0.3594164456233422
1094,30,1124,36.46666666666667
1203,605,1808,1.988429752066116
1811,658,2469,2.7522796352583585
2501,765,3266,3.269281045751634
3269,771,4040,4.239948119325551
4145,667,4812,6.214392803598201
4927,603,5530,8.170812603648425
5572,721,6293,7.728155339805825
6310,209,6519,30.19138755980861
6529,197,6726,33.142131979695435
6787,607,7394,11.181219110378912
7398,59,7457,125.38983050847456
262,112,374,2.3392857142857144
941,130,1071,7.238461538461538
1077,295,1372,3.650847457627119
1378,739,2117,1.86468200270636
2123,860,2983,2.468604651162791
2989,648,3637,4.612654320987654
3643,927,4570,3.929881337648328
4576,706,5282,6.481586402266289
5288,992,6280,5.330645161290323
6286,787,7073,7.987293519695044
7079,1004,8083,7.050796812749004
13,654,667,0.0198776758409785
2602,653,3255,3.98468606431853
3265,485,3750,6.731958762886598
3766,671,4437,5.612518628912071
86,81,167,1.0617283950617284
194,756,950,0.2566137566137566
972,758,1730,1.282321899736148
4,767,771,0.0052151238591916
108,705,813,0.1531914893617021
38,263,301,0.1444866920152091
356,184,540,1.934782608695652
557,75,632,7.426666666666667
3970,207,4177,19.17874396135266
4385,871,5256,5.034443168771527
5298,875,6173,6.054857142857143
6175,656,6831,9.413109756097562
6838,758,7596,9.021108179419524
349,693,1042,0.5036075036075036
19,667,686,0.0284857571214392
870,568,1438,1.5316901408450705
1465,431,1896,3.3990719257540603
1915,903,2818,2.120708748615725
2852,774,3626,3.684754521963825
3639,645,4284,5.641860465116279
4297,414,4711,10.379227053140095
4728,474,5202,9.974683544303796
5237,1024,6261,5.1142578125
61,38,99,1.605263157894737
433,93,526,4.655913978494624
570,206,776,2.766990291262136
1111,357,1468,3.112044817927171
135,612,747,0.2205882352941176
780,481,1261,1.6216216216216215
1288,438,1726,2.9406392694063928
1750,571,2321,3.064798598949212
2339,609,2948,3.8407224958949095
319,58,377,5.5
382,54,436,7.074074074074074
442,68,510,6.5
528,94,622,5.617021276595745
637,72,709,8.847222222222221
713,73,786,9.767123287671232
791,71,862,11.140845070422536
876,82,958,10.682926829268292
973,104,1077,9.35576923076923
1087,97,1184,11.206185567010309
1199,117,1316,10.247863247863249
1340,110,1450,12.181818181818182
1457,95,1552,15.336842105263155
941,524,1465,1.795801526717557
2363,324,2687,7.29320987654321
3648,340,3988,10.729411764705882
4001,791,4792,5.058154235145386
26,461,487,0.0563991323210412
505,386,891,1.3082901554404145
116,371,487,0.3126684636118598
517,545,1062,0.9486238532110092
1108,419,1527,2.6443914081145583
1610,915,2525,1.7595628415300546
2601,947,3548,2.746568109820486
174,348,522,0.5
546,53,599,10.30188679245283
640,422,1062,1.5165876777251184
1141,486,1627,2.347736625514403
8,541,549,0.0147874306839186
559,248,807,2.254032258064516
874,553,1427,1.5804701627486435
24,636,660,0.0377358490566037
691,687,1378,1.0058224163027656
1408,582,1990,2.419243986254296
2006,240,2246,8.358333333333333
2272,532,2804,4.270676691729324
2826,740,3566,3.818918918918919
3574,390,3964,9.164102564102564
3987,274,4261,14.55109489051095
5059,305,5364,16.58688524590164
17,140,157,0.1214285714285714
172,367,539,0.4686648501362397
543,143,686,3.797202797202797
702,294,996,2.3877551020408165
1001,370,1371,2.705405405405405
1384,277,1661,4.996389891696751
1665,338,2003,4.92603550295858
33,352,385,0.09375
397,393,790,1.010178117048346
820,424,1244,1.9339622641509435
1267,713,1980,1.776998597475456
1990,477,2467,4.171907756813417
2483,349,2832,7.114613180515759
2850,266,3116,10.714285714285714
3131,954,4085,3.2819706498951784
4105,503,4608,8.1610337972167
4625,701,5326,6.59771754636234
5344,663,6007,8.060331825037707
6028,596,6624,10.114093959731544
6633,394,7027,16.83502538071066
7053,661,7714,10.670196671709531
30,745,775,0.0402684563758389
847,24,871,35.291666666666664
943,4,947,235.75
1019,467,1486,2.182012847965739
1488,432,1920,3.4444444444444446
1923,284,2207,6.77112676056338
39,502,541,0.0776892430278884
2531,550,3081,4.601818181818182
3145,491,3636,6.405295315682281
3658,216,3874,16.935185185185187
3967,706,4673,5.618980169971671
178,135,313,1.3185185185185184
333,52,385,6.403846153846154
406,33,439,12.303030303030305
454,36,490,12.61111111111111
526,72,598,7.305555555555555
618,48,666,12.875
685,55,740,12.454545454545457
749,65,814,11.523076923076925
833,88,921,9.465909090909092
1174,139,1313,8.446043165467627
1330,40,1370,33.25
1387,52,1439,26.673076923076923
1454,62,1516,23.451612903225808
1528,53,1581,28.83018867924528
1593,53,1646,30.056603773584907
1664,83,1747,20.048192771084334
1792,58,1850,30.89655172413793
1895,89,1984,21.292134831460675
16,172,188,0.0930232558139534
195,250,445,0.78
463,267,730,1.7340823970037451
734,277,1011,2.649819494584837
1015,197,1212,5.152284263959391
1216,197,1413,6.1725888324873095
1417,186,1603,7.618279569892473
1607,203,1810,7.916256157635468
103,440,543,0.2340909090909091
551,433,984,1.2725173210161662
992,393,1385,2.524173027989822
451,83,534,5.433734939759036
550,276,826,1.9927536231884055
844,278,1122,3.035971223021583
60,367,427,0.1634877384196185
73,198,271,0.3686868686868687
643,787,1430,0.8170266836086404
1467,89,1556,16.48314606741573
15,544,559,0.0275735294117647
568,398,966,1.4271356783919598
18,758,776,0.0237467018469656
135,573,708,0.2356020942408377
76,4,80,19.0
111,680,791,0.163235294117647
84,332,416,0.253012048192771
420,378,798,1.1111111111111112
814,329,1143,2.474164133738602
1164,296,1460,3.932432432432433
1464,334,1798,4.383233532934132
1819,297,2116,6.124579124579125
2183,310,2493,7.041935483870968
2526,174,2700,14.517241379310343
190,8,198,23.75
219,122,341,1.7950819672131149
362,134,496,2.701492537313433
612,198,810,3.090909090909091
924,245,1169,3.7714285714285714
1250,293,1543,4.266211604095563
1563,748,2311,2.089572192513369
209,294,503,0.7108843537414966
3,24,27,0.125
41,231,272,0.1774891774891775
284,301,585,0.9435215946843852
604,365,969,1.6547945205479453
982,411,1393,2.389294403892944
1416,472,1888,3.0
1927,415,2342,4.643373493975903
2355,290,2645,8.120689655172415
2659,457,3116,5.818380743982495
3135,291,3426,10.77319587628866
3449,420,3869,8.211904761904762
3891,538,4429,7.232342007434944
4447,439,4886,10.12984054669704
4898,296,5194,16.5472972972973
5209,471,5680,11.059447983014865
5694,347,6041,16.40922190201729
48,141,189,0.3404255319148936
35,682,717,0.0513196480938416
65,554,619,0.1173285198555956
634,401,1035,1.5810473815461346
1051,371,1422,2.8328840970350404
1438,257,1695,5.595330739299611
33,535,568,0.0616822429906542
848,367,1215,2.310626702997275
1237,224,1461,5.522321428571429
1480,29,1509,51.03448275862069
1534,6,1540,255.66666666666663
1807,6,1813,301.1666666666667
2254,75,2329,30.05333333333333
2353,702,3055,3.351851851851852
3068,995,4063,3.083417085427136
4077,896,4973,4.550223214285714
4982,1018,6000,4.893909626719057
6008,729,6737,8.241426611796982
6745,782,7527,8.62531969309463
23,390,413,0.0589743589743589
153,948,1101,0.1613924050632911
1110,188,1298,5.904255319148936
1314,486,1800,2.703703703703704
1826,395,2221,4.622784810126582
55,744,799,0.0739247311827957
812,574,1386,1.4146341463414631
2141,706,2847,3.03257790368272
2870,860,3730,3.3372093023255816
3744,855,4599,4.378947368421053
4611,880,5491,5.239772727272728
5503,957,6460,5.750261233019854
6486,983,7469,6.598168870803662
188,290,478,0.6482758620689655
508,200,708,2.54
732,331,1063,2.211480362537764
1084,317,1401,3.419558359621451
1422,316,1738,4.5
175,6,181,29.166666666666668
695,943,1638,0.7370095440084835
2822,883,3705,3.1959229898074746
4919,525,5444,9.369523809523807
431,270,701,1.5962962962962963
753,412,1165,1.827669902912621
1219,391,1610,3.117647058823529
1617,430,2047,3.76046511627907
2054,382,2436,5.37696335078534
2443,231,2674,10.575757575757576
24,881,905,0.0272417707150964
1145,188,1333,6.090425531914893
186,713,899,0.2608695652173913
1092,3,1095,364.0
33,898,931,0.0367483296213808
268,857,1125,0.3127187864644107
23,512,535,0.044921875
48,126,174,0.3809523809523809
224,737,961,0.3039348710990502
14,905,919,0.0154696132596685
928,912,1840,1.0175438596491229
3000,748,3748,4.010695187165775
3837,17,3854,225.7058823529412
3884,974,4858,3.9876796714579057
6058,506,6564,11.972332015810276
6572,824,7396,7.975728155339806
471,489,960,0.9631901840490796
23,1008,1031,0.0228174603174603
1033,521,1554,1.982725527831094
1703,699,2402,2.436337625178827
2422,638,3060,3.7962382445141065
804,65,869,12.36923076923077
912,133,1045,6.857142857142857
1087,81,1168,13.419753086419751
7,18,25,0.3888888888888889
165,331,496,0.4984894259818731
689,350,1039,1.9685714285714289
1305,407,1712,3.2063882063882065
1755,445,2200,3.943820224719101
2248,322,2570,6.9813664596273295
2615,178,2793,14.691011235955056
3224,77,3301,41.87012987012987
80,607,687,0.1317957166392092
303,336,639,0.9017857142857144
921,303,1224,3.03960396039604
1990,308,2298,6.461038961038961
3232,434,3666,7.447004608294931
3770,369,4139,10.21680216802168
363,153,516,2.372549019607843
645,413,1058,1.5617433414043584
52,185,237,0.2810810810810811
343,542,885,0.6328413284132841
1003,555,1558,1.8072072072072072
1706,659,2365,2.588770864946889
2483,708,3191,3.5070621468926557
3450,827,4277,4.171704957678355
4387,676,5063,6.489644970414201
5128,613,5741,8.36541598694943
5811,725,6536,8.015172413793103
6617,592,7209,11.177364864864863
7289,668,7957,10.911676646706589
26,117,143,0.2222222222222222
77,24,101,3.208333333333333
744,628,1372,1.1847133757961783
1387,480,1867,2.8895833333333334
1915,865,2780,2.213872832369942
2056,292,2348,7.041095890410959
2356,361,2717,6.526315789473684
2720,171,2891,15.90643274853801
3034,368,3402,8.244565217391305
3405,373,3778,9.128686327077748
3781,358,4139,10.56145251396648
4142,360,4502,11.505555555555556
4505,297,4802,15.168350168350168
400,657,1057,0.60882800608828
1131,1007,2138,1.1231380337636545
2150,762,2912,2.8215223097112863
19,20,39,0.95
63,676,739,0.0931952662721893
758,751,1509,1.0093209054593877
1517,857,2374,1.7701283547257876
2420,1019,3439,2.3748773307163886
3461,14,3475,247.2142857142857
433,269,702,1.6096654275092936
705,493,1198,1.4300202839756593
10,829,839,0.0120627261761158
876,676,1552,1.2958579881656804
1560,980,2540,1.5918367346938775
2632,343,2975,7.673469387755102
3011,541,3552,5.565619223659889
3569,982,4551,3.634419551934827
4560,614,5174,7.426710097719869
5205,959,6164,5.427528675703858
6189,831,7020,7.447653429602888
7040,809,7849,8.702101359703338
177,47,224,3.765957446808511
240,123,363,1.951219512195122
367,91,458,4.032967032967033
489,157,646,3.1146496815286624
669,122,791,5.483606557377049
802,160,962,5.0125
994,151,1145,6.582781456953643
1182,306,1488,3.862745098039216
1673,202,1875,8.282178217821782
1879,212,2091,8.86320754716981
2105,121,2226,17.39669421487603
2231,223,2454,10.004484304932737
2469,112,2581,22.044642857142858
707,46,753,15.369565217391305
1195,493,1688,2.4239350912778903
2168,538,2706,4.029739776951673
3148,511,3659,6.160469667318982
79,627,706,0.1259968102073365
806,790,1596,1.020253164556962
1655,791,2446,2.092288242730721
2603,825,3428,3.1551515151515157
3430,825,4255,4.157575757575757
4299,833,5132,5.160864345738295
5142,234,5376,21.97435897435897
5540,398,5938,13.919597989949748
5952,612,6564,9.72549019607843
6625,410,7035,16.158536585365855
7042,856,7898,8.226635514018692
7903,22,7925,359.22727272727275
38,758,796,0.050131926121372
111,680,791,0.163235294117647
811,289,1100,2.8062283737024223
141,535,676,0.2635514018691589
6687,766,7453,8.72976501305483
79,951,1030,0.0830704521556256
8029,120,8149,66.90833333333333
18,41,59,0.4390243902439024
62,46,108,1.3478260869565215
111,50,161,2.22
165,54,219,3.055555555555556
223,64,287,3.484375
296,119,415,2.4873949579831933
419,72,491,5.819444444444445
494,79,573,6.253164556962025
577,87,664,6.632183908045977
668,96,764,6.958333333333333
768,106,874,7.245283018867925
877,114,991,7.692982456140351
994,122,1116,8.147540983606557
1157,48,1205,24.104166666666668
1208,22,1230,54.90909090909091
1234,24,1258,51.41666666666666
1275,96,1371,13.28125
1374,23,1397,59.73913043478261
1400,25,1425,56.0
1432,29,1461,49.37931034482759
1465,24,1489,61.04166666666666
1493,28,1521,53.32142857142857
1525,24,1549,63.54166666666666
1553,22,1575,70.5909090909091
57,315,372,0.1809523809523809
378,797,1175,0.4742785445420326
1196,797,1993,1.5006273525721456
86,493,579,0.1744421906693712
619,481,1100,1.2869022869022868
852,522,1374,1.632183908045977
55,744,799,0.0739247311827957
812,574,1386,1.4146341463414631
34,570,604,0.0596491228070175
631,521,1152,1.2111324376199617
1263,584,1847,2.162671232876712
1859,599,2458,3.1035058430717863
2526,687,3213,3.6768558951965065
3246,340,3586,9.547058823529412
3629,130,3759,27.91538461538461
3794,584,4378,6.4965753424657535
4388,542,4930,8.095940959409594
13,547,560,0.0237659963436928
571,374,945,1.5267379679144386
956,328,1284,2.914634146341464
1314,703,2017,1.8691322901849217
25,97,122,0.2577319587628865
152,87,239,1.7471264367816093
285,313,598,0.9105431309904152
601,375,976,1.602666666666667
980,363,1343,2.6997245179063363
1440,260,1700,5.538461538461538
1716,421,2137,4.076009501187649
2139,463,2602,4.619870410367171
2604,254,2858,10.251968503937007
2873,367,3240,7.8283378746594
3242,360,3602,9.005555555555556
3605,357,3962,10.098039215686274
3966,120,4086,33.05
4094,402,4496,10.18407960199005
4511,352,4863,12.815340909090908
4867,303,5170,16.062706270627064
24,636,660,0.0377358490566037
691,687,1378,1.0058224163027656
1408,582,1990,2.419243986254296
2006,240,2246,8.358333333333333
2272,532,2804,4.270676691729324
2826,740,3566,3.818918918918919
3574,390,3964,9.164102564102564
3987,274,4261,14.55109489051095
5059,305,5364,16.58688524590164
5383,137,5520,39.29197080291971
6170,85,6255,72.58823529411765
6272,130,6402,48.246153846153845
6453,225,6678,28.68
6698,229,6927,29.24890829694323
6963,183,7146,38.04918032786885
7174,170,7344,42.2
7360,179,7539,41.11731843575419
7557,467,8024,16.182012847965737
623,972,1595,0.6409465020576132
1600,499,2099,3.2064128256513027
2265,890,3155,2.544943820224719
3212,917,4129,3.502726281352236
4152,407,4559,10.201474201474202
4584,731,5315,6.270861833105335
5351,989,6340,5.41051567239636
6347,454,6801,13.980176211453744
6858,806,7664,8.508684863523573
7696,84,7780,91.61904761904762
972,313,1285,3.1054313099041533
1500,268,1768,5.597014925373134
1962,268,2230,7.32089552238806
2414,268,2682,9.007462686567164
2801,268,3069,10.451492537313433
4052,268,4320,15.119402985074627
4536,414,4950,10.956521739130435
5916,268,6184,22.074626865671643
7098,371,7469,19.132075471698112
35,755,790,0.0463576158940397
4282,9,4291,475.77777777777777
7691,9,7700,854.5555555555555
96,173,269,0.5549132947976878
480,321,801,1.4953271028037385
806,314,1120,2.56687898089172
1125,313,1438,3.594249201277955
1443,259,1702,5.571428571428571
1707,267,1974,6.393258426966292
2048,338,2386,6.059171597633136
2485,261,2746,9.521072796934869
2751,28,2779,98.25
31,489,520,0.0633946830265848
565,447,1012,1.2639821029082774
1056,500,1556,2.112
1582,460,2042,3.4391304347826086
2085,188,2273,11.090425531914894
2303,185,2488,12.448648648648648
2502,539,3041,4.641929499072356
3055,400,3455,7.6375
3495,394,3889,8.870558375634518
262,863,1125,0.3035921205098493
2224,371,2595,5.994609164420485
2604,793,3397,3.283732660781841
3435,942,4377,3.646496815286624
4384,116,4500,37.793103448275865
4519,324,4843,13.947530864197532
4854,75,4929,64.72
4980,925,5905,5.383783783783784
5916,372,6288,15.903225806451612
6341,966,7307,6.564182194616977
7316,336,7652,21.77380952380953
25,365,390,0.0684931506849315
423,434,857,0.9746543778801844
865,403,1268,2.1464019851116625
1194,805,1999,1.4832298136645965
2006,811,2817,2.4734895191122077
2937,820,3757,3.5817073170731706
3779,498,4277,7.588353413654619
4296,267,4563,16.089887640449437
340,22,362,15.454545454545457
374,40,414,9.35
457,145,602,3.1517241379310343
673,513,1186,1.3118908382066277
1213,559,1772,2.1699463327370303
1781,473,2254,3.7653276955602535
2288,434,2722,5.271889400921659
3140,552,3692,5.688405797101449
3754,428,4182,8.771028037383177
4278,224,4502,19.098214285714285
4510,394,4904,11.446700507614214
4944,378,5322,13.07936507936508
5376,372,5748,14.451612903225806
5757,370,6127,15.55945945945946
6148,366,6514,16.797814207650273
6555,245,6800,26.755102040816325
6878,69,6947,99.68115942028986
7097,38,7135,186.76315789473685
7363,72,7435,102.26388888888889
7642,46,7688,166.1304347826087
7893,137,8030,57.613138686131386
1655,427,2082,3.8758782201405153
87,563,650,0.1545293072824156
37,485,522,0.0762886597938144
184,183,367,1.005464480874317
379,264,643,1.4356060606060606
646,272,918,2.375
9,26,35,0.3461538461538461
55,421,476,0.1306413301662707
492,112,604,4.392857142857143
618,169,787,3.6568047337278102
800,112,912,7.142857142857143
931,120,1051,7.758333333333334
1066,124,1190,8.596774193548388
1207,88,1295,13.715909090909092
1303,107,1410,12.177570093457945
1418,115,1533,12.330434782608696
1544,325,1869,4.75076923076923
1882,430,2312,4.376744186046512
2324,363,2687,6.402203856749312
2707,174,2881,15.557471264367816
2889,326,3215,8.86196319018405
863,621,1484,1.3896940418679549
1736,273,2009,6.358974358974359
2094,227,2321,9.224669603524228
2634,470,3104,5.604255319148936
3111,47,3158,66.19148936170212
3381,524,3905,6.452290076335878
3947,322,4269,12.25776397515528
4334,163,4497,26.588957055214724
4579,367,4946,12.47683923705722
5018,299,5317,16.782608695652176
5441,297,5738,18.31986531986532
5745,57,5802,100.78947368421052
5902,225,6127,26.23111111111111
6176,239,6415,25.84100418410042
6455,168,6623,38.42261904761905
6693,264,6957,25.352272727272727
95,801,896,0.1186017478152309
953,803,1756,1.186799501867995
1837,902,2739,2.0365853658536586
3910,852,4762,4.589201877934272
167,579,746,0.2884283246977547
1822,33,1855,55.21212121212121
2964,33,2997,89.81818181818181
4049,35,4084,115.68571428571428
4904,35,4939,140.11428571428573
5776,35,5811,165.02857142857144
7067,31,7098,227.96774193548387
7125,396,7521,17.992424242424242
100,56,156,1.7857142857142858
276,31,307,8.903225806451612
964,491,1455,1.9633401221995928
247,760,1007,0.325
1047,936,1983,1.1185897435897436
2100,879,2979,2.389078498293516
3137,188,3325,16.68617021276596
3353,936,4289,3.5822649572649574
156,826,982,0.1888619854721549
28,418,446,0.0669856459330143
471,806,1277,0.5843672456575683
1296,754,2050,1.7188328912466844
23,960,983,0.0239583333333333
1014,468,1482,2.1666666666666665
1554,121,1675,12.84297520661157
1976,460,2436,4.295652173913044
2464,1015,3479,2.427586206896552
4720,496,5216,9.516129032258064
5257,244,5501,21.545081967213115
5574,167,5741,33.377245508982035
5766,152,5918,37.93421052631579
6409,615,7024,10.421138211382114
927,90,1017,10.3
57,939,996,0.060702875399361
44,442,486,0.0995475113122171
108,251,359,0.4302788844621514
364,40,404,9.1
435,603,1038,0.7213930348258707
1063,865,1928,1.2289017341040462
1967,632,2599,3.1123417721518987
2630,660,3290,3.984848484848485
3314,647,3961,5.12210200927357
4010,599,4609,6.69449081803005
4622,582,5204,7.941580756013746
5221,649,5870,8.044684129429893
5893,661,6554,8.915279878971255
6572,560,7132,11.735714285714286
7156,581,7737,12.31669535283993
50,55,105,0.9090909090909092
125,111,236,1.1261261261261262
259,108,367,2.3981481481481484
701,352,1053,1.9914772727272727
1069,345,1414,3.0985507246376813
1416,90,1506,15.733333333333333
2412,371,2783,6.501347708894879
228,298,526,0.7651006711409396
29,100,129,0.29
1266,362,1628,3.4972375690607733
219,963,1182,0.2274143302180685
1222,627,1849,1.94896331738437
1862,1020,2882,1.8254901960784315
2898,858,3756,3.377622377622377
523,21,544,24.904761904761905
568,56,624,10.142857142857142
626,14,640,44.71428571428572
668,85,753,7.858823529411764
755,12,767,62.91666666666666
781,16,797,48.8125
799,14,813,57.07142857142857
842,102,944,8.254901960784315
959,114,1073,8.412280701754385
1075,26,1101,41.34615384615385
1129,164,1293,6.884146341463414
1295,17,1312,76.17647058823529
1340,142,1482,9.43661971830986
1507,104,1611,14.490384615384617
1630,137,1767,11.897810218978105
1779,102,1881,17.441176470588236
1898,30,1928,63.266666666666666
1934,25,1959,77.36
2007,124,2131,16.18548387096774
2133,25,2158,85.32
2165,62,2227,34.91935483870968
2265,116,2381,19.52586206896552
2383,37,2420,64.4054054054054
2439,65,2504,37.52307692307692
2506,21,2527,119.33333333333331
2542,77,2619,33.01298701298701
2632,75,2707,35.093333333333334
2719,75,2794,36.25333333333333
2799,22,2821,127.22727272727272
2862,73,2935,39.2054794520548
2937,31,2968,94.74193548387096
3012,104,3116,28.96153846153846
3118,34,3152,91.70588235294116
3174,53,3227,59.886792452830186
3255,231,3486,14.090909090909092
3515,131,3646,26.83206106870229
3653,49,3702,74.55102040816327
3704,29,3733,127.72413793103448
3780,176,3956,21.477272727272727
3958,28,3986,141.35714285714286
4014,98,4112,40.95918367346939
4141,116,4257,35.69827586206897
4259,35,4294,121.68571428571428
4338,95,4433,45.66315789473684
4450,129,4579,34.49612403100775
4605,245,4850,18.79591836734694
4860,309,5169,15.728155339805824
35,369,404,0.0948509485094851
115,314,429,0.3662420382165605
465,906,1371,0.5132450331125827
1418,718,2136,1.974930362116992
2188,652,2840,3.355828220858896
2968,663,3631,4.4766214177978885
3661,695,4356,5.267625899280575
3837,623,4460,6.158908507223114
4488,84,4572,53.42857142857143
4706,378,5084,12.44973544973545
5166,421,5587,12.270783847980995
5805,592,6397,9.805743243243244
11,614,625,0.017915309446254
32,976,1008,0.0327868852459016
2539,351,2890,7.233618233618234
2918,478,3396,6.104602510460251
3491,808,4299,4.320544554455446
4441,543,4984,8.178637200736649
5015,564,5579,8.891843971631205
5613,564,6177,9.952127659574469
6207,454,6661,13.67180616740088
6679,427,7106,15.641686182669789
7143,623,7766,11.465489566613162
30,51,81,0.5882352941176471
523,53,576,9.867924528301886
1345,44,1389,30.568181818181817
1950,47,1997,41.48936170212766
2315,44,2359,52.61363636363637
2386,39,2425,61.17948717948718
3209,122,3331,26.30327868852459
3348,55,3403,60.87272727272728
3889,132,4021,29.46212121212121
5993,180,6173,33.294444444444444
6272,469,6741,13.373134328358208
6811,448,7259,15.203125
7328,437,7765,16.76887871853547
859,589,1448,1.4584040747028864
23,899,922,0.0255839822024471
933,344,1277,2.7122093023255816
1287,906,2193,1.4205298013245031
2199,888,3087,2.4763513513513518
3099,379,3478,8.176781002638522
3493,782,4275,4.466751918158568
4288,973,5261,4.406988694758479
6424,200,6624,32.12
6634,622,7256,10.665594855305466
222,590,812,0.376271186440678
1241,354,1595,3.505649717514124
17,872,889,0.0194954128440367
34,36,70,0.9444444444444444
1300,290,1590,4.482758620689655
1606,404,2010,3.9752475247524752
111,70,181,1.5857142857142856
276,596,872,0.4630872483221476
892,698,1590,1.2779369627507164
1660,560,2220,2.9642857142857144
2280,383,2663,5.953002610966058
2700,450,3150,6.0
3214,545,3759,5.897247706422019
3819,252,4071,15.154761904761903
4145,321,4466,12.91277258566978
4482,139,4621,32.24460431654676
4631,214,4845,21.64018691588785
4917,322,5239,15.270186335403729
5303,196,5499,27.056122448979597
5548,122,5670,45.47540983606557
12,186,198,0.064516129032258
110,548,658,0.2007299270072992
678,569,1247,1.1915641476274166
35,152,187,0.2302631578947368
259,872,1131,0.2970183486238532
32,984,1016,0.032520325203252
1078,698,1776,1.5444126074498568
1818,965,2783,1.8839378238341968
2829,904,3733,3.129424778761062
3766,942,4708,3.997876857749469
4753,928,5681,5.121767241379311
5703,773,6476,7.377749029754204
6491,520,7011,12.482692307692307
7030,685,7715,10.262773722627736
46,69,115,0.6666666666666666
138,475,613,0.2905263157894737
689,173,862,3.982658959537572
911,558,1469,1.6326164874551972
1536,548,2084,2.802919708029197
2129,153,2282,13.915032679738562
2329,155,2484,15.025806451612905
2528,248,2776,10.193548387096774
2778,110,2888,25.25454545454545
2898,253,3151,11.454545454545457
3153,97,3250,32.50515463917526
3252,116,3368,28.03448275862069
3370,95,3465,35.473684210526315
3467,124,3591,27.95967741935484
3593,181,3774,19.85082872928177
3802,524,4326,7.255725190839694
4369,281,4650,15.548042704626337
4679,223,4902,20.982062780269057
36,658,694,0.0547112462006079
711,579,1290,1.2279792746113989
320,391,711,0.8184143222506394
746,436,1182,1.711009174311927
1196,458,1654,2.611353711790393
11,503,514,0.0218687872763419
527,420,947,1.2547619047619047
962,291,1253,3.305841924398625
36,491,527,0.0733197556008146
41,89,130,0.4606741573033708
183,230,413,0.7956521739130434
462,389,851,1.1876606683804627
917,232,1149,3.952586206896552
1190,181,1371,6.574585635359116
1437,198,1635,7.257575757575758
1665,172,1837,9.680232558139537
1875,153,2028,12.254901960784316
2077,373,2450,5.568364611260054
2470,368,2838,6.711956521739131
2840,168,3008,16.904761904761905
3047,174,3221,17.511494252873565
21,683,704,0.0307467057101024
220,231,451,0.9523809523809524
39,76,115,0.5131578947368421
18,378,396,0.0476190476190476
407,210,617,1.938095238095238
629,232,861,2.711206896551724
880,293,1173,3.0034129692832763
106,275,381,0.3854545454545454
535,512,1047,1.044921875
1061,421,1482,2.5201900237529693
1558,629,2187,2.4769475357710653
2225,730,2955,3.047945205479452
182,672,854,0.2708333333333333
888,732,1620,1.213114754098361
1655,731,2386,2.264021887824897
2423,765,3188,3.1673202614379083
3256,770,4026,4.228571428571429
4079,317,4396,12.867507886435332
4412,365,4777,12.087671232876712
41,784,825,0.0522959183673469
844,962,1806,0.8773388773388774
1823,840,2663,2.170238095238095
2683,729,3412,3.680384087791495
3439,511,3950,6.729941291585127
3977,159,4136,25.0125786163522
4150,345,4495,12.028985507246375
4517,614,5131,7.356677524429967
5157,696,5853,7.4094827586206895
30,963,993,0.0311526479750778
109,310,419,0.3516129032258064
427,340,767,1.2558823529411764
34,286,320,0.1188811188811188
352,154,506,2.2857142857142856
17,186,203,0.0913978494623656
430,714,1144,0.6022408963585434
1215,843,2058,1.4412811387900355
2129,973,3102,2.188078108941418
3106,357,3463,8.700280112044817
3490,229,3719,15.240174672489085
3838,664,4502,5.780120481927711
4516,631,5147,7.15689381933439
5481,464,5945,11.8125
6439,745,7184,8.642953020134229
7253,206,7459,35.20873786407767
7639,371,8010,20.590296495956878
4075,25,4100,163.0
7701,22,7723,350.04545454545456
50,632,682,0.0791139240506329
702,232,934,3.0258620689655173
34,70,104,0.4857142857142857
965,3,968,321.6666666666667
2581,3,2584,860.3333333333334
4506,3,4509,1502.0
6214,3,6217,2071.333333333333
7977,3,7980,2659.0
93,181,274,0.5138121546961326
1535,1001,2536,1.5334665334665334
2561,596,3157,4.296979865771812
3235,789,4024,4.100126742712294
4104,746,4850,5.501340482573727
4874,889,5763,5.4825646794150735
5784,927,6711,6.239482200647249
1018,508,1526,2.003937007874016
2843,118,2961,24.09322033898305
11,57,68,0.1929824561403508
87,121,208,0.71900826446281
223,273,496,0.8168498168498168
508,369,877,1.376693766937669
888,416,1304,2.1346153846153846
1336,305,1641,4.380327868852459
1652,199,1851,8.301507537688442
1871,80,1951,23.3875
1973,374,2347,5.275401069518717
2361,181,2542,13.044198895027623
2558,208,2766,12.298076923076923
2772,365,3137,7.594520547945206
3266,209,3475,15.626794258373206
3625,268,3893,13.526119402985074
3937,437,4374,9.009153318077804
4494,170,4664,26.435294117647057
4683,479,5162,9.77661795407098
5180,517,5697,10.019342359767892
5732,51,5783,112.3921568627451
6145,617,6762,9.959481361426256
6770,577,7347,11.733102253032929
7414,14,7428,529.5714285714286
7489,125,7614,59.912
103,422,525,0.2440758293838862
584,138,722,4.231884057971015
818,399,1217,2.050125313283208
1295,299,1594,4.331103678929765
1648,421,2069,3.914489311163896
2086,447,2533,4.666666666666667
2555,314,2869,8.136942675159236
2880,508,3388,5.669291338582677
3414,455,3869,7.503296703296703
4004,874,4878,4.581235697940503
4960,3,4963,1653.3333333333333
19,609,628,0.0311986863711001
714,710,1424,1.0056338028169014
1438,960,2398,1.4979166666666666
2474,358,2832,6.910614525139665
2857,696,3553,4.1048850574712645
77,26,103,2.9615384615384617
115,108,223,1.0648148148148149
1148,430,1578,2.6697674418604653
2617,262,2879,9.988549618320612
2914,147,3061,19.82312925170068
3079,361,3440,8.529085872576177
3449,466,3915,7.401287553648069
3941,474,4415,8.314345991561181
4436,486,4922,9.127572016460906
5059,184,5243,27.494565217391305
5252,38,5290,138.21052631578948
1258,836,2094,1.5047846889952152
2096,790,2886,2.653164556962025
2888,570,3458,5.066666666666666
35,799,834,0.0438047559449311
841,475,1316,1.7705263157894735
1328,451,1779,2.944567627494457
1788,451,2239,3.964523281596452
2245,290,2535,7.741379310344827
2543,429,2972,5.927738927738928
3000,295,3295,10.169491525423728
3304,466,3770,7.090128755364807
3782,602,4384,6.282392026578073
4409,515,4924,8.561165048543689
4937,500,5437,9.874
5458,870,6328,6.273563218390804
6338,925,7263,6.851891891891892
31,662,693,0.0468277945619335
710,529,1239,1.3421550094517958
687,452,1139,1.5199115044247788
1158,874,2032,1.3249427917620138
22,385,407,0.0571428571428571
424,358,782,1.1843575418994414
103,333,436,0.3093093093093093
474,557,1031,0.8509874326750448
16,600,616,0.0266666666666666
633,702,1335,0.9017094017094016
1355,534,1889,2.5374531835206
129,10,139,12.9
203,7,210,29.0
354,8,362,44.25
383,19,402,20.157894736842103
413,10,423,41.3
434,9,443,48.22222222222222
522,14,536,37.285714285714285
541,29,570,18.655172413793103
575,13,588,44.23076923076923
593,25,618,23.72
622,19,641,32.73684210526316
711,14,725,50.785714285714285
745,31,776,24.032258064516128
788,14,802,56.285714285714285
816,18,834,45.333333333333336
905,18,923,50.27777777777778
959,15,974,63.93333333333333
1136,29,1165,39.172413793103445
1219,16,1235,76.1875
1239,45,1284,27.53333333333333
1305,20,1325,65.25
1333,48,1381,27.77083333333333
1391,43,1434,32.348837209302324
2035,55,2090,37.0
2106,7,2113,300.85714285714283
2175,11,2186,197.72727272727272
2275,37,2312,61.48648648648648
2324,64,2388,36.3125
2399,36,2435,66.63888888888889
24,714,738,0.0336134453781512
9,616,625,0.0146103896103896
656,669,1325,0.9805680119581464
1337,883,2220,1.5141562853907136
2222,445,2667,4.9932584269662925
2679,391,3070,6.851662404092072
3080,309,3389,9.967637540453074
504,655,1159,0.7694656488549618
1291,673,1964,1.9182763744427933
33,393,426,0.0839694656488549
453,450,903,1.0066666666666666
952,502,1454,1.8964143426294824
1612,491,2103,3.283095723014257
96,595,691,0.161344537815126
700,383,1083,1.827676240208877
1108,131,1239,8.458015267175572
1248,67,1315,18.62686567164179
1331,72,1403,18.48611111111111
119,783,902,0.1519795657726692
910,526,1436,1.7300380228136882
1560,775,2335,2.0129032258064514
2343,727,3070,3.22283356258597
3200,839,4039,3.8140643623361146
4047,799,4846,5.065081351689612
4854,256,5110,18.9609375
5239,756,5995,6.92989417989418
6003,808,6811,7.429455445544554
6944,790,7734,8.78987341772152
338,170,508,1.988235294117647
515,260,775,1.9807692307692308
791,493,1284,1.6044624746450304
1295,950,2245,1.363157894736842
2248,151,2399,14.887417218543046
2193,469,2662,4.67590618336887
118,427,545,0.2763466042154566
38,730,768,0.0520547945205479
847,851,1698,0.9952996474735604
1712,459,2171,3.729847494553377
2188,384,2572,5.697916666666667
2598,457,3055,5.6849015317286655
3072,494,3566,6.218623481781377
3591,926,4517,3.8779697624190064
4542,224,4766,20.276785714285715
4948,350,5298,14.137142857142855
5320,465,5785,11.440860215053764
5867,256,6123,22.91796875
6152,963,7115,6.388369678089305
7146,643,7789,11.11353032659409
1504,491,1995,3.0631364562118124
1039,715,1754,1.4531468531468532
2682,1012,3694,2.650197628458498
140,724,864,0.1933701657458563
873,265,1138,3.2943396226415094
1259,848,2107,1.4846698113207548
2154,636,2790,3.3867924528301887
2801,291,3092,9.625429553264604
3699,646,4345,5.726006191950464
4355,428,4783,10.175233644859814
194,345,539,0.5623188405797102
542,295,837,1.83728813559322
841,93,934,9.043010752688172
1074,278,1352,3.8633093525179856
1395,313,1708,4.456869009584665
1741,358,2099,4.863128491620111
2102,295,2397,7.125423728813559
2517,390,2907,6.453846153846154
2910,363,3273,8.016528925619834
3276,368,3644,8.902173913043478
3720,341,4061,10.909090909090908
4064,322,4386,12.62111801242236
4417,328,4745,13.466463414634148
4748,136,4884,34.911764705882355
5010,353,5363,14.192634560906516
5366,211,5577,25.43127962085308
5644,313,5957,18.031948881789138
5976,344,6320,17.372093023255815
6369,334,6703,19.068862275449103
6770,332,7102,20.39156626506024
7105,289,7394,24.58477508650519
7397,136,7533,54.38970588235294
2608,786,3394,3.318066157760814
3400,24,3424,141.66666666666666
3436,210,3646,16.36190476190476
3656,58,3714,63.03448275862069
3726,239,3965,15.589958158995817
3991,240,4231,16.629166666666666
4248,344,4592,12.348837209302326
4610,554,5164,8.321299638989169
5193,711,5904,7.30379746835443
5921,164,6085,36.10365853658536
6093,168,6261,36.267857142857146
26,33,59,0.7878787878787878
102,518,620,0.1969111969111969
8,73,81,0.1095890410958904
89,248,337,0.3588709677419355
353,529,882,0.667296786389414
920,394,1314,2.33502538071066
1330,647,1977,2.05564142194745
1987,135,2122,14.718518518518518
2137,578,2715,3.6972318339100343
2840,252,3092,11.26984126984127
33,424,457,0.0778301886792452
473,428,901,1.105140186915888
916,568,1484,1.6126760563380282
48,271,319,0.1771217712177121
308,386,694,0.7979274611398963
697,430,1127,1.6209302325581396
1130,427,1557,2.646370023419204
1560,273,1833,5.714285714285714
325,387,712,0.8397932816537468
720,642,1362,1.1214953271028036
1372,622,1994,2.2057877813504825
2007,641,2648,3.1310452418096726
18,158,176,0.1139240506329113
190,66,256,2.878787878787879
270,276,546,0.9782608695652174
584,55,639,10.61818181818182
741,153,894,4.8431372549019605
975,178,1153,5.477528089887641
17,684,701,0.0248538011695906
729,674,1403,1.0816023738872405
1457,747,2204,1.9504685408299869
58,268,326,0.2164179104477611
206,12,218,17.166666666666668
1392,20,1412,69.6
2113,938,3051,2.2526652452025586
3059,713,3772,4.290322580645161
44,533,577,0.0825515947467167
599,339,938,1.766961651917404
1373,678,2051,2.0250737463126844
2251,1007,3258,2.235352532274081
3343,74,3417,45.17567567567568
4575,137,4712,33.394160583941606
5789,671,6460,8.6274217585693
6479,127,6606,51.01574803149607
6637,998,7635,6.650300601202405
224,1014,1238,0.2209072978303747
1246,913,2159,1.3647316538882803
17,207,224,0.0821256038647343
262,393,655,0.6666666666666666
687,652,1339,1.053680981595092
1365,747,2112,1.8273092369477912
2132,771,2903,2.765239948119325
2935,493,3428,5.953346855983773
3444,449,3893,7.670378619153674
3932,441,4373,8.91609977324263
4536,175,4711,25.92
4812,172,4984,27.976744186046517
5125,248,5373,20.66532258064516
5384,243,5627,22.156378600823047
5708,247,5955,23.10931174089069
6001,86,6087,69.77906976744185
6095,88,6183,69.26136363636364
6218,215,6433,28.92093023255814
6462,289,6751,22.359861591695505
6780,350,7130,19.37142857142857
7154,325,7479,22.012307692307694
7517,162,7679,46.401234567901234
93,518,611,0.1795366795366795
744,497,1241,1.4969818913480886
1293,544,1837,2.3768382352941178
1937,505,2442,3.835643564356436
2517,756,3273,3.3293650793650795
3289,626,3915,5.253993610223642
3968,737,4705,5.383989145183175
4712,591,5303,7.972927241962775
5424,944,6368,5.745762711864407
6392,86,6478,74.32558139534883
6486,138,6624,47.0
6634,959,7593,6.917622523461939
14,704,718,0.0198863636363636
745,601,1346,1.2396006655574043
1356,342,1698,3.9649122807017534
956,298,1254,3.208053691275168
152,503,655,0.3021868787276341
482,146,628,3.3013698630136985
642,517,1159,1.241779497098646
1174,132,1306,8.893939393939394
1320,133,1453,9.924812030075188
1470,177,1647,8.305084745762711
1674,191,1865,8.764397905759163
1877,153,2030,12.267973856209151
2047,671,2718,3.0506706408345754
2728,364,3092,7.4945054945054945
3101,665,3766,4.663157894736842
3774,623,4397,6.057784911717496
4408,297,4705,14.841750841750844
4723,141,4864,33.49645390070922
4879,424,5303,11.507075471698114
5310,201,5511,26.417910447761194
5521,467,5988,11.822269807280517
5998,507,6505,11.830374753451675
18,546,564,0.0329670329670329
591,656,1247,0.9009146341463414
1262,447,1709,2.8232662192393736
1738,698,2436,2.489971346704871
2448,612,3060,4.0
500,929,1429,0.5382131324004306
1437,527,1964,2.7267552182163186
631,428,1059,1.4742990654205608
1080,391,1471,2.762148337595908
1506,31,1537,48.58064516129032
1559,27,1586,57.74074074074074
1624,182,1806,8.923076923076923
16,521,537,0.0307101727447216
545,679,1224,0.8026509572901326
36,349,385,0.1031518624641833
421,346,767,1.216763005780347
803,332,1135,2.4186746987951806
1171,792,1963,1.4785353535353536
2008,907,2915,2.2138919514884234
2978,897,3875,3.319955406911929
3886,376,4262,10.335106382978724
4306,309,4615,13.935275080906148
632,5,637,126.4
1109,17,1126,65.23529411764706
1254,322,1576,3.894409937888199
1680,472,2152,3.559322033898305
2190,472,2662,4.639830508474576
2697,122,2819,22.10655737704918
2860,272,3132,10.514705882352942
3356,538,3894,6.237918215613383
3955,585,4540,6.760683760683761
4686,907,5593,5.166482910694597
5763,874,6637,6.593821510297483
6682,472,7154,14.15677966101695
7277,296,7573,24.58445945945946
41,790,831,0.0518987341772151
858,443,1301,1.9367945823927768
1326,414,1740,3.2028985507246377
1763,412,2175,4.279126213592233
2196,449,2645,4.89086859688196
2711,390,3101,6.951282051282052
3118,576,3694,5.413194444444445
3801,547,4348,6.948811700182816
4384,461,4845,9.509761388286334
4913,958,5871,5.12839248434238
5886,493,6379,11.939148073022311
6395,343,6738,18.644314868804663
6752,678,7430,9.958702064896755
1328,550,1878,2.4145454545454546
1909,876,2785,2.179223744292237
2798,430,3228,6.506976744186047
3237,642,3879,5.042056074766355
3903,1008,4911,3.872023809523809
4921,522,5443,9.4272030651341
5466,1015,6481,5.385221674876847
6500,382,6882,17.015706806282722
6903,521,7424,13.249520153550865
7446,539,7985,13.814471243042671
53,396,449,0.1338383838383838
617,629,1246,0.9809220985691574
1340,808,2148,1.6584158415841583
2194,590,2784,3.7186440677966095
2849,607,3456,4.693574958813839
3474,572,4046,6.073426573426573
4066,535,4601,7.6
4621,865,5486,5.342196531791908
5594,929,6523,6.021528525296017
6563,453,7016,14.487858719646798
7027,548,7575,12.822992700729928
1125,395,1520,2.848101265822785
1548,379,1927,4.084432717678101
1967,383,2350,5.135770234986945
2575,315,2890,8.174603174603174
2921,441,3362,6.62358276643991
3405,416,3821,8.185096153846153
51,69,120,0.7391304347826086
847,811,1658,1.0443896424167691
1662,18,1680,92.33333333333331
2673,504,3177,5.303571428571429
4796,607,5403,7.901153212520593
6887,317,7204,21.725552050473187
1146,973,2119,1.1778006166495376
3457,829,4286,4.170084439083233
4335,1013,5348,4.279368213228036
5436,554,5990,9.812274368231048
12,152,164,0.0789473684210526
190,699,889,0.2718168812589413
913,125,1038,7.304
1186,441,1627,2.689342403628118
1752,503,2255,3.4831013916500995
2301,249,2550,9.240963855421686
2637,470,3107,5.610638297872341
3364,362,3726,9.292817679558013
23,791,814,0.0290771175726927
865,326,1191,2.6533742331288344
1217,384,1601,3.169270833333333
1956,417,2373,4.690647482014389
2469,126,2595,19.59523809523809
2828,969,3797,2.918472652218782
592,626,1218,0.9456869009584664
2087,80,2167,26.0875
37,824,861,0.0449029126213592
3246,583,3829,5.567753001715266
3860,703,4563,5.490753911806544
4593,626,5219,7.3370607028754
5281,742,6023,7.117250673854447
1160,960,2120,1.2083333333333333
2141,956,3097,2.239539748953975
3105,845,3950,3.674556213017752
105,882,987,0.119047619047619
1956,207,2163,9.44927536231884
2979,644,3623,4.625776397515528
5623,216,5839,26.03240740740741
5870,198,6068,29.646464646464647
6115,407,6522,15.024570024570025
6534,387,6921,16.88372093023256
6931,382,7313,18.143979057591626
7325,366,7691,20.01366120218579
14,288,302,0.0486111111111111
320,76,396,4.2105263157894735
429,313,742,1.3706070287539935
778,383,1161,2.031331592689295
1189,81,1270,14.679012345679013
1306,168,1474,7.773809523809524
1507,387,1894,3.89405684754522
1932,164,2096,11.78048780487805
2132,453,2585,4.706401766004415
2611,116,2727,22.50862068965517
2758,386,3144,7.1450777202072535
3186,363,3549,8.776859504132231
3610,300,3910,12.033333333333331
3927,162,4089,24.24074074074074
652,598,1250,1.0903010033444815
249,545,794,0.4568807339449541
808,530,1338,1.5245283018867926
1822,63,1885,28.92063492063492
1895,33,1928,57.42424242424242
2192,24,2216,91.33333333333331
2226,43,2269,51.76744186046512
2881,445,3326,6.474157303370786
3406,864,4270,3.9421296296296298
4293,338,4631,12.701183431952662
4677,371,5048,12.606469002695418
5090,948,6038,5.369198312236287
6049,564,6613,10.72517730496454
998,640,1638,1.559375
98,598,696,0.1638795986622073
735,615,1350,1.195121951219512
676,466,1142,1.4506437768240343
1216,524,1740,2.3206106870229006
1782,504,2286,3.5357142857142856
2314,621,2935,3.726247987117553
2955,681,3636,4.3392070484581495
49,522,571,0.0938697318007662
18,887,905,0.020293122886133
1390,439,1829,3.1662870159453305
1847,868,2715,2.127880184331797
2796,257,3053,10.879377431906615
3075,237,3312,12.974683544303796
6,122,128,0.0491803278688524
142,511,653,0.2778864970645792
694,670,1364,1.035820895522388
1461,562,2023,2.599644128113879
2058,729,2787,2.823045267489712
2809,769,3578,3.652795838751625
3646,563,4209,6.476021314387212
4261,965,5226,4.415544041450778
5230,247,5477,21.17408906882591
5534,569,6103,9.725834797891038
6176,544,6720,11.352941176470589
6801,558,7359,12.188172043010752
91,907,998,0.1003307607497243
1109,929,2038,1.193756727664155
45,731,776,0.0615595075239398
796,535,1331,1.4878504672897197
1350,437,1787,3.0892448512585813
15,208,223,0.0721153846153846
237,320,557,0.740625
605,400,1005,1.5125
1223,502,1725,2.4362549800796813
1838,521,2359,3.527831094049904
2413,470,2883,5.134042553191489
2897,200,3097,14.485
3160,257,3417,12.295719844357976
3468,540,4008,6.422222222222223
4144,967,5111,4.285418821096174
6094,537,6631,11.348230912476724
344,1008,1352,0.3412698412698413
1365,988,2353,1.381578947368421
2366,811,3177,2.917385943279901
3181,413,3594,7.702179176755448
3611,871,4482,4.145809414466131
4498,755,5253,5.957615894039735
28,469,497,0.0597014925373134
511,616,1127,0.8295454545454546
1149,1013,2162,1.134254689042448
2178,905,3083,2.406629834254144
3105,967,4072,3.2109617373319543
4074,163,4237,24.993865030674847
4282,812,5094,5.273399014778325
5152,842,5994,6.118764845605701
6006,592,6598,10.14527027027027
6623,750,7373,8.830666666666668
213,474,687,0.4493670886075949
697,530,1227,1.3150943396226416
1277,464,1741,2.752155172413793
1774,546,2320,3.249084249084249
2338,560,2898,4.175
2912,531,3443,5.483992467043315
3450,466,3916,7.4034334763948495
3940,523,4463,7.533460803059273
4475,478,4953,9.361924686192468
4973,551,5524,9.02540834845735
5535,509,6044,10.87426326129666
6053,555,6608,10.906306306306304
6645,372,7017,17.862903225806452
7043,421,7464,16.729216152019003
54,134,188,0.4029850746268656
102,763,865,0.1336828309305373
20,441,461,0.0453514739229024
477,226,703,2.1106194690265485
801,612,1413,1.3088235294117647
1445,721,2166,2.0041608876560333
2183,909,3092,2.4015401540154016
1233,3,1236,411.0
1796,3,1799,598.6666666666666
2120,3,2123,706.6666666666666
2957,51,3008,57.98039215686274
3507,67,3574,52.34328358208956
5602,136,5738,41.19117647058823
5825,3,5828,1941.6666666666667
5846,130,5976,44.96923076923077
6050,324,6374,18.67283950617284
6977,360,7337,19.38055555555556
7409,174,7583,42.58045977011494
7632,173,7805,44.115606936416185
182,402,584,0.4527363184079602
587,339,926,1.7315634218289089
89,822,911,0.108272506082725
3884,917,4801,4.235550708833151
4845,737,5582,6.573948439620081
397,835,1232,0.4754491017964072
1249,544,1793,2.295955882352941
1816,510,2326,3.56078431372549
31,646,677,0.0479876160990712
689,455,1144,1.5142857142857142
1291,424,1715,3.044811320754717
13,508,521,0.0255905511811023
533,455,988,1.1714285714285717
45,945,990,0.0476190476190476
1054,315,1369,3.346031746031746
2110,42,2152,50.23809523809524
2901,179,3080,16.206703910614525
911,492,1403,1.8516260162601623
1425,389,1814,3.6632390745501286
1836,363,2199,5.0578512396694215
2223,639,2862,3.4788732394366195
131,198,329,0.6616161616161617
430,355,785,1.2112676056338028
799,175,974,4.565714285714286
990,413,1403,2.397094430992736
1437,864,2301,1.6631944444444444
2341,779,3120,3.005134788189987
3127,213,3340,14.68075117370892
3424,232,3656,14.758620689655173
3674,322,3996,11.409937888198758
4010,169,4179,23.727810650887573
4213,127,4340,33.173228346456696
4363,460,4823,9.484782608695651
224,880,1104,0.2545454545454545
101,282,383,0.3581560283687943
417,393,810,1.0610687022900764
1014,412,1426,2.4611650485436893
88,652,740,0.1349693251533742
831,778,1609,1.068123393316195
1624,246,1870,6.6016260162601625
1887,469,2356,4.023454157782516
2372,396,2768,5.98989898989899
2808,813,3621,3.4538745387453877
3631,874,4505,4.154462242562929
4514,516,5030,8.748062015503876
5127,814,5941,6.298525798525799
17,863,880,0.0196987253765932
15,584,599,0.0256849315068493
613,619,1232,0.9903069466882068
576,457,1033,1.2603938730853392
1094,429,1523,2.55011655011655
1553,396,1949,3.921717171717172
1978,742,2720,2.665768194070081
21,374,395,0.0561497326203208
411,309,720,1.3300970873786409
760,146,906,5.205479452054795
947,619,1566,1.5298869143780292
1595,468,2063,3.408119658119658
2073,502,2575,4.129482071713148
2582,498,3080,5.184738955823293
3112,212,3324,14.679245283018869
1898,640,2538,2.965625
2554,214,2768,11.934579439252335
2780,186,2966,14.946236559139784
2973,202,3175,14.717821782178218
3188,368,3556,8.66304347826087
35,116,151,0.3017241379310345
193,113,306,1.7079646017699115
326,104,430,3.1346153846153846
462,109,571,4.238532110091743
40,617,657,0.0648298217179902
661,295,956,2.240677966101695
22,391,413,0.0562659846547314
424,540,964,0.7851851851851852
970,802,1772,1.2094763092269327
1775,711,2486,2.4964838255977497
34,409,443,0.0831295843520782
453,450,903,1.0066666666666666
918,204,1122,4.5
1141,268,1409,4.257462686567164
1433,412,1845,3.4781553398058254
1864,363,2227,5.134986225895317
2250,350,2600,6.428571428571429
2630,119,2749,22.100840336134453
2764,184,2948,15.021739130434783
2220,631,2851,3.5182250396196517
164,904,1068,0.1814159292035398
1256,909,2165,1.3817381738173815
2353,916,3269,2.5687772925764194
3291,926,4217,3.5539956803455723
4362,906,5268,4.814569536423841
5378,509,5887,10.56581532416503
5948,473,6421,12.57505285412262
6561,539,7100,12.172541743970315
7365,508,7873,14.498031496062993
7923,86,8009,92.1279069767442
8018,87,8105,92.16091954022988
262,105,367,2.4952380952380957
1197,231,1428,5.181818181818182
1434,148,1582,9.68918918918919
1588,302,1890,5.258278145695364
1896,415,2311,4.5686746987951805
2317,552,2869,4.197463768115942
2875,541,3416,5.314232902033272
3423,437,3860,7.832951945080092
3868,577,4445,6.703639514731369
4452,610,5062,7.298360655737705
5068,700,5768,7.24
5778,634,6412,9.113564668769715
6430,788,7218,8.15989847715736
7224,779,8003,9.273427471116817
249,973,1222,0.2559095580678314
1232,420,1652,2.933333333333333
1666,525,2191,3.1733333333333333
2231,723,2954,3.0857538035961274
28,278,306,0.1007194244604316
329,299,628,1.100334448160535
672,397,1069,1.6926952141057934
1090,321,1411,3.3956386292834893
1440,208,1648,6.923076923076923
1683,222,1905,7.581081081081081
1929,271,2200,7.118081180811808
2224,325,2549,6.843076923076923
32,104,136,0.3076923076923077
145,212,357,0.6839622641509434
365,146,511,2.5
528,96,624,5.5
632,251,883,2.5179282868525896
890,199,1089,4.472361809045226
1101,174,1275,6.327586206896552
11,474,485,0.0232067510548523
36,63,99,0.5714285714285714
166,850,1016,0.1952941176470588
2474,921,3395,2.6862106406080346
3397,899,4296,3.778642936596218
4298,918,5216,4.681917211328976
5218,284,5502,18.37323943661972
32,676,708,0.0473372781065088
720,492,1212,1.4634146341463414
1250,632,1882,1.9778481012658229
1905,423,2328,4.50354609929078
2368,635,3003,3.729133858267717
3013,504,3517,5.978174603174603
3571,650,4221,5.493846153846154
4257,797,5054,5.341279799247177
5085,675,5760,7.533333333333333
5857,756,6613,7.747354497354498
6713,844,7557,7.953791469194313
7560,28,7588,270.0
206,437,643,0.4713958810068649
691,242,933,2.855371900826446
1014,466,1480,2.1759656652360517
1490,214,1704,6.962616822429907
1733,263,1996,6.5893536121673
2031,246,2277,8.25609756097561
2299,245,2544,9.383673469387755
162,748,910,0.2165775401069518
13,330,343,0.0393939393939393
367,574,941,0.6393728222996515
967,697,1664,1.387374461979914
1800,761,2561,2.365308804204993
2570,49,2619,52.44897959183673
19,501,520,0.0379241516966067
542,606,1148,0.8943894389438944
1165,591,1756,1.9712351945854485
128,469,597,0.2729211087420042
712,415,1127,1.7156626506024095
1171,373,1544,3.1394101876675604
1603,552,2155,2.903985507246377
2195,481,2676,4.563409563409564
2721,531,3252,5.124293785310734
3264,437,3701,7.469107551487414
3785,612,4397,6.184640522875817
4424,496,4920,8.919354838709678
4980,402,5382,12.388059701492535
5421,477,5898,11.364779874213836
5928,463,6391,12.803455723542116
6626,496,7122,13.358870967741936
7143,433,7576,16.496535796766743
7599,470,8069,16.16808510638298
684,702,1386,0.9743589743589745
1463,67,1530,21.83582089552239
1594,31,1625,51.41935483870968
1690,182,1872,9.285714285714286
1881,635,2516,2.9622047244094487
2525,401,2926,6.296758104738155
30,378,408,0.0793650793650793
420,226,646,1.8584070796460177
676,432,1108,1.5648148148148149
1157,637,1794,1.816326530612245
1813,381,2194,4.758530183727034
2235,506,2741,4.41699604743083
2805,493,3298,5.689655172413793
3333,648,3981,5.143518518518518
3995,973,4968,4.105858170606372
4970,118,5088,42.11864406779661
5109,504,5613,10.136904761904765
5625,691,6316,8.140376266280752
6335,855,7190,7.409356725146199
7192,81,7273,88.79012345679013
775,442,1217,1.753393665158371
93,764,857,0.1217277486910994
1958,338,2296,5.792899408284024
62,601,663,0.103161397670549
732,764,1496,0.9581151832460733
1511,68,1579,22.22058823529412
1619,523,2142,3.095602294455067
2210,650,2860,3.4
2938,676,3614,4.346153846153846
3650,536,4186,6.809701492537314
4197,418,4615,10.04066985645933
4618,367,4985,12.583106267029972
5000,95,5095,52.63157894736842
5135,390,5525,13.166666666666666
5528,309,5837,17.889967637540455
5841,76,5917,76.85526315789474
5922,136,6058,43.544117647058826
258,509,767,0.5068762278978389
1041,518,1559,2.009652509652509
238,322,560,0.7391304347826086
717,597,1314,1.201005025125628
3707,416,4123,8.911057692307692
60,973,1033,0.0616649537512846
1035,561,1596,1.8449197860962567
128,745,873,0.1718120805369127
897,289,1186,3.1038062283737022
1216,603,1819,2.016583747927032
17,606,623,0.028052805280528
38,659,697,0.0576631259484066
740,766,1506,0.9660574412532638
64,425,489,0.1505882352941176
523,428,951,1.22196261682243
24,647,671,0.0370942812982998
692,283,975,2.445229681978798
18,600,618,0.03
637,676,1313,0.9423076923076924
18,320,338,0.05625
1347,997,2344,1.3510531594784354
46,878,924,0.0523917995444191
937,1018,1955,0.9204322200392928
53,506,559,0.1047430830039525
581,517,1098,1.1237911025145069
25,399,424,0.06265664160401
48,877,925,0.0547320410490307
993,733,1726,1.354706684856753
36,773,809,0.0465717981888745
16,598,614,0.0267558528428093
630,569,1199,1.1072056239015815
511,2,513,255.5
351,426,777,0.823943661971831
820,426,1246,1.9248826291079808
1268,336,1604,3.773809523809524
19,285,304,0.0666666666666666
316,140,456,2.257142857142857
469,102,571,4.598039215686274
597,472,1069,1.2648305084745763
1116,341,1457,3.272727272727273
1504,708,2212,2.1242937853107344
2270,826,3096,2.74818401937046
3120,775,3895,4.025806451612903
258,526,784,0.4904942965779467
794,546,1340,1.4542124542124542
107,432,539,0.2476851851851851
553,348,901,1.589080459770115
914,46,960,19.869565217391305
495,4,499,123.75
2940,4,2944,735.0
5636,4,5640,1409.0
5680,232,5912,24.48275862068965
5953,256,6209,23.25390625
6242,703,6945,8.879089615931722
54,365,419,0.147945205479452
443,564,1007,0.7854609929078015
1023,497,1520,2.058350100603622
1539,660,2199,2.331818181818182
2213,378,2591,5.854497354497354
2610,587,3197,4.4463373083475295
3266,703,3969,4.6458036984352775
3987,663,4650,6.013574660633484
151,844,995,0.178909952606635
1011,217,1228,4.658986175115207
1252,861,2113,1.454123112659698
159,340,499,0.4676470588235294
523,811,1334,0.6448828606658447
1350,963,2313,1.4018691588785046
2346,962,3308,2.4386694386694385
3321,605,3926,5.489256198347108
142,84,226,1.6904761904761905
87,726,813,0.1198347107438016
876,595,1471,1.4722689075630253
1521,991,2512,1.5348133198789102
15,575,590,0.0260869565217391
352,962,1314,0.3659043659043659
1327,619,1946,2.1437802907915997
1958,303,2261,6.462046204620462
2285,797,3082,2.867001254705144
3103,634,3737,4.894321766561514
3761,941,4702,3.9968119022316686
4715,278,4993,16.96043165467626
5013,126,5139,39.785714285714285
5153,136,5289,37.88970588235294
5414,263,5677,20.58555133079848
5803,265,6068,21.89811320754717
6091,773,6864,7.879689521345408
34,323,357,0.1052631578947368
367,474,841,0.7742616033755274
857,876,1733,0.978310502283105
1769,632,2401,2.7990506329113924
2421,957,3378,2.529780564263323
3396,1000,4396,3.396
4405,419,4824,10.513126491646778
4830,489,5319,9.877300613496931
5339,338,5677,15.79585798816568
5703,972,6675,5.867283950617284
6700,360,7060,18.61111111111111
7075,669,7744,10.575485799701047
23,550,573,0.0418181818181818
585,595,1180,0.9831932773109244
1190,718,1908,1.657381615598886
13,690,703,0.0188405797101449
712,620,1332,1.1483870967741936
44,608,652,0.0723684210526315
706,590,1296,1.1966101694915254
1306,465,1771,2.8086021505376344
172,453,625,0.379690949227373
628,429,1057,1.4638694638694638
1060,382,1442,2.774869109947644
1445,378,1823,3.822751322751323
1826,350,2176,5.217142857142857
2222,330,2552,6.733333333333333
2555,255,2810,10.019607843137257
2813,395,3208,7.121518987341772
3211,365,3576,8.797260273972602
3599,374,3973,9.622994652406415
3976,421,4397,9.44418052256532
4400,350,4750,12.571428571428571
4753,383,5136,12.409921671018276
5184,321,5505,16.149532710280372
5508,381,5889,14.456692913385826
5892,365,6257,16.14246575342466
6260,360,6620,17.38888888888889
6623,426,7049,15.546948356807512
7090,261,7351,27.164750957854405
7393,259,7652,28.544401544401545
7655,375,8030,20.41333333333333
154,683,837,0.2254758418740849
15,731,746,0.0205198358413132
5,495,500,0.0101010101010101
12,345,357,0.0347826086956521
370,108,478,3.425925925925926
486,286,772,1.6993006993006994
784,122,906,6.426229508196721
987,373,1360,2.646112600536193
1383,268,1651,5.16044776119403
1658,169,1827,9.810650887573964
1852,254,2106,7.291338582677166
2139,469,2608,4.560767590618337
2614,313,2927,8.351437699680512
2941,359,3300,8.192200557103064
3314,196,3510,16.908163265306122
3541,390,3931,9.07948717948718
3947,372,4319,10.61021505376344
4334,302,4636,14.350993377483444
4680,483,5163,9.68944099378882
5172,255,5427,20.28235294117647
5443,527,5970,10.328273244781784
5975,81,6056,73.76543209876543
3315,330,3645,10.045454545454543
3671,116,3787,31.64655172413793
3807,199,4006,19.13065326633166
4021,187,4208,21.502673796791445
4220,45,4265,93.77777777777776
4292,84,4376,51.095238095238095
247,674,921,0.3664688427299703
930,590,1520,1.576271186440678
1531,441,1972,3.4716553287981857
2043,615,2658,3.321951219512195
2667,604,3271,4.4155629139072845
3376,577,3953,5.8509532062391685
3981,623,4604,6.390048154093098
4648,636,5284,7.30817610062893
5312,855,6167,6.212865497076024
6198,797,6995,7.776662484316185
7009,213,7222,32.906103286384976
7238,410,7648,17.653658536585365
7656,280,7936,27.34285714285714
13,97,110,0.134020618556701
1569,721,2290,2.176144244105409
2336,573,2909,4.076788830715532
2952,354,3306,8.338983050847459
3413,465,3878,7.339784946236559
37,647,684,0.0571870170015456
41,601,642,0.0682196339434276
661,596,1257,1.109060402684564
1275,527,1802,2.419354838709677
1829,931,2760,1.964554242749732
2762,391,3153,7.063938618925831
3155,475,3630,6.642105263157895
83,497,580,0.1670020120724346
48,814,862,0.0589680589680589
44,545,589,0.0807339449541284
620,743,1363,0.8344549125168237
1391,845,2236,1.646153846153846
2249,867,3116,2.594002306805075
3135,625,3760,5.016
3773,964,4737,3.913900414937759
36,114,150,0.3157894736842105
195,375,570,0.52
572,362,934,1.580110497237569
936,193,1129,4.849740932642487
1173,392,1565,2.99234693877551
1567,429,1996,3.652680652680653
1998,75,2073,26.64
2094,403,2497,5.196029776674938
2501,418,2919,5.983253588516747
2944,442,3386,6.660633484162896
3388,395,3783,8.577215189873417
3785,192,3977,19.713541666666668
4011,375,4386,10.696
32,544,576,0.0588235294117647
37,635,672,0.058267716535433
841,319,1160,2.636363636363636
2072,71,2143,29.183098591549296
2213,561,2774,3.944741532976827
2811,610,3421,4.608196721311476
3453,659,4112,5.239757207890744
9,73,82,0.1232876712328767
54,229,283,0.2358078602620087
294,184,478,1.5978260869565215
489,244,733,2.0040983606557377
741,288,1029,2.5729166666666665
1037,298,1335,3.4798657718120807
1343,353,1696,3.8045325779036823
1704,319,2023,5.341692789968652
2031,340,2371,5.973529411764706
2379,343,2722,6.9358600583090375
2730,354,3084,7.711864406779661
3092,399,3491,7.74937343358396
3499,422,3921,8.291469194312796
3929,379,4308,10.366754617414248
4311,424,4735,10.16745283018868
4738,458,5196,10.344978165938864
5199,416,5615,12.497596153846152
5618,433,6051,12.97459584295612
6054,445,6499,13.604494382022471
6502,487,6989,13.351129363449692
6992,476,7468,14.6890756302521
7471,519,7990,14.394990366088631
61,419,480,0.1455847255369928
177,523,700,0.3384321223709369
728,381,1109,1.9107611548556431
24,398,422,0.0603015075376884
1980,770,2750,2.571428571428572
2773,785,3558,3.532484076433121
3578,731,4309,4.894664842681259
4337,756,5093,5.736772486772487
5165,522,5687,9.89463601532567
5717,900,6617,6.352222222222222
6662,768,7430,8.674479166666666
86,81,167,1.0617283950617284
194,756,950,0.2566137566137566
972,758,1730,1.282321899736148
44,382,426,0.1151832460732984
30,188,218,0.1595744680851064
236,376,612,0.6276595744680851
181,29,210,6.241379310344827
2135,431,2566,4.953596287703016
24,329,353,0.0729483282674772
369,653,1022,0.5650842266462481
1127,818,1945,1.3777506112469438
1959,838,2797,2.337708830548926
2812,977,3789,2.878198567041965
3820,253,4073,15.098814229249012
4091,95,4186,43.06315789473684
4190,45,4235,93.11111111111111
4262,357,4619,11.938375350140056
4647,648,5295,7.171296296296297
6438,353,6791,18.237960339943346
6799,54,6853,125.9074074074074
88,970,1058,0.090721649484536
8,309,317,0.0258899676375404
327,553,880,0.5913200723327305
898,416,1314,2.1586538461538463
1372,200,1572,6.86
60,729,789,0.0823045267489712
2065,619,2684,3.3360258481421647
18,55,73,0.3272727272727272
109,628,737,0.1735668789808917
752,946,1698,0.7949260042283298
1706,232,1938,7.353448275862069
39,588,627,0.0663265306122449
26,100,126,0.26
402,891,1293,0.4511784511784512
1371,692,2063,1.98121387283237
2346,793,3139,2.9583858764186632
3240,371,3611,8.733153638814017
3681,394,4075,9.342639593908627
4174,872,5046,4.786697247706422
5190,862,6052,6.020881670533643
6137,944,7081,6.501059322033898
39,391,430,0.0997442455242966
443,295,738,1.5016949152542374
755,281,1036,2.6868327402135237
88,141,229,0.624113475177305
251,145,396,1.7310344827586206
400,133,533,3.007518796992481
560,133,693,4.2105263157894735
711,146,857,4.86986301369863
869,147,1016,5.91156462585034
1028,246,1274,4.178861788617886
1281,135,1416,9.488888888888887
1423,131,1554,10.86259541984733
895,614,1509,1.4576547231270358
1539,884,2423,1.740950226244344
2494,807,3301,3.090458488228005
42,915,957,0.0459016393442622
960,504,1464,1.9047619047619049
1631,869,2500,1.8768699654775605
2521,731,3252,3.4487004103967167
3292,542,3834,6.07380073800738
3880,503,4383,7.713717693836978
4437,531,4968,8.35593220338983
6051,704,6755,8.595170454545455
335,873,1208,0.3837342497136312
1245,900,2145,1.3833333333333333
135,573,708,0.2356020942408377
730,381,1111,1.916010498687664
1115,412,1527,2.7063106796116503
1565,388,1953,4.033505154639175
1956,428,2384,4.570093457943925
2387,94,2481,25.3936170212766
6,82,88,0.073170731707317
101,102,203,0.9901960784313726
220,190,410,1.1578947368421053
99,192,291,0.515625
312,436,748,0.7155963302752294
13,188,201,0.0691489361702127
214,124,338,1.7258064516129032
365,292,657,1.25
698,441,1139,1.582766439909297
1247,790,2037,1.5784810126582278
2282,271,2553,8.420664206642066
2842,616,3458,4.613636363636363
3474,60,3534,57.9
4243,729,4972,5.820301783264746
5247,861,6108,6.094076655052265
6206,530,6736,11.709433962264152
6847,949,7796,7.214963119072708
29,59,88,0.4915254237288136
95,112,207,0.8482142857142857
216,243,459,0.8888888888888888
482,431,913,1.118329466357309
9,101,110,0.0891089108910891
14,432,446,0.0324074074074074
15,240,255,0.0625
285,544,829,0.5238970588235294
837,34,871,24.61764705882353
741,309,1050,2.3980582524271843
1081,254,1335,4.255905511811024
1359,303,1662,4.485148514851486
1999,282,2281,7.088652482269503
2283,287,2570,7.954703832752613
14,827,841,0.0169286577992744
28,292,320,0.0958904109589041
349,567,916,0.6155202821869489
939,565,1504,1.6619469026548672
1533,640,2173,2.3953125
120,785,905,0.1528662420382165
942,812,1754,1.1600985221674878
8,43,51,0.1860465116279069
60,349,409,0.1719197707736389
464,498,962,0.931726907630522
1025,285,1310,3.5964912280701755
1335,436,1771,3.061926605504587
1788,475,2263,3.7642105263157895
2347,513,2860,4.57504873294347
2933,428,3361,6.852803738317757
3397,464,3861,7.321120689655173
3980,456,4436,8.728070175438596
4515,596,5111,7.575503355704698
5120,47,5167,108.93617021276596
320,904,1224,0.3539823008849557
1429,1023,2452,1.396871945259042
3503,291,3794,12.037800687285223
3910,577,4487,6.776429809358752
4588,365,4953,12.56986301369863
4976,570,5546,8.72982456140351
5578,127,5705,43.92125984251968
11,30,41,0.3666666666666666
44,29,73,1.5172413793103448
92,26,118,3.5384615384615383
122,29,151,4.206896551724138
158,29,187,5.448275862068965
112,565,677,0.1982300884955752
784,566,1350,1.3851590106007068
1367,243,1610,5.625514403292181
1637,461,2098,3.5509761388286334
2129,772,2901,2.7577720207253886
36,865,901,0.0416184971098265
931,529,1460,1.7599243856332702
1500,576,2076,2.6041666666666665
2111,526,2637,4.013307984790875
2673,615,3288,4.3463414634146345
35,35,70,1.0
1902,904,2806,2.103982300884956
28,169,197,0.165680473372781
225,673,898,0.3343239227340267
128,792,920,0.1616161616161616
555,829,1384,0.669481302774427
1386,368,1754,3.766304347826087
32,347,379,0.0922190201729106
74,696,770,0.1063218390804597
888,533,1421,1.6660412757973733
30,789,819,0.0380228136882129
2899,387,3286,7.490956072351421
3288,404,3692,8.138613861386139
3767,301,4068,12.514950166112955
4070,360,4430,11.305555555555555
74,484,558,0.152892561983471
604,523,1127,1.1548757170172084
1286,416,1702,3.0913461538461537
1791,489,2280,3.6625766871165646
2323,556,2879,4.178057553956834
3251,506,3757,6.424901185770751
3827,502,4329,7.623505976095617
4654,574,5228,8.10801393728223
5238,556,5794,9.420863309352518
5814,76,5890,76.5
5992,664,6656,9.024096385542167
6679,734,7413,9.099455040871934
87,189,276,0.4603174603174603
108,293,401,0.3686006825938566
1503,421,1924,3.5700712589073635
2008,485,2493,4.140206185567011
2537,349,2886,7.269340974212034
2946,266,3212,11.075187969924812
3287,315,3602,10.434920634920635
3615,148,3763,24.42567567567568
3775,296,4071,12.75337837837838
4123,236,4359,17.470338983050848
4392,262,4654,16.763358778625953
4662,238,4900,19.58823529411765
4910,355,5265,13.830985915492958
5271,331,5602,15.924471299093655
5650,218,5868,25.91743119266055
23,487,510,0.0472279260780287
526,378,904,1.3915343915343916
12,982,994,0.0122199592668024
1042,1000,2042,1.042
2073,266,2339,7.793233082706767
2359,268,2627,8.802238805970148
2646,321,2967,8.242990654205608
3004,458,3462,6.558951965065503
3549,681,4230,5.211453744493392
367,901,1268,0.4073251942286348
1356,669,2025,2.0269058295964126
2207,910,3117,2.425274725274725
3307,703,4010,4.704125177809388
4082,847,4929,4.819362455726092
5119,895,6014,5.719553072625699
6102,914,7016,6.6761487964989055
7104,340,7444,20.894117647058824
17,419,436,0.0405727923627685
453,395,848,1.1468354430379746
872,437,1309,1.9954233409610984
1348,419,1767,3.217183770883055
1769,403,2172,4.389578163771712
2174,382,2556,5.69109947643979
2558,386,2944,6.626943005181347
2946,393,3339,7.4961832061068705
3341,399,3740,8.3734335839599
3742,466,4208,8.030042918454935
4210,516,4726,8.15891472868217
197,44,241,4.477272727272728
275,55,330,5.0
2352,567,2919,4.148148148148148
14,871,885,0.0160734787600459
898,837,1735,1.0728793309438471
2789,477,3266,5.846960167714885
21,153,174,0.1372549019607843
227,48,275,4.729166666666667
342,62,404,5.516129032258065
416,59,475,7.050847457627119
504,49,553,10.285714285714286
559,27,586,20.703703703703702
589,37,626,15.91891891891892
642,26,668,24.692307692307693
680,117,797,5.811965811965812
3013,840,3853,3.586904761904762
3871,508,4379,7.62007874015748
6876,513,7389,13.403508771929824
7404,679,8083,10.904270986745214
342,880,1222,0.3886363636363636
61,552,613,0.1105072463768116
878,737,1615,1.191316146540027
3218,977,4195,3.293756397134084
99,549,648,0.180327868852459
683,645,1328,1.0589147286821703
1347,488,1835,2.7602459016393444
1853,453,2306,4.090507726269316
2344,371,2715,6.318059299191375
2741,445,3186,6.159550561797753
3222,503,3725,6.405566600397615
3834,790,4624,4.853164556962025
4643,513,5156,9.050682261208577
20,348,368,0.057471264367816
380,541,921,0.7024029574861368
940,698,1638,1.346704871060172
1653,360,2013,4.591666666666667
2022,689,2711,2.934687953555878
2725,287,3012,9.494773519163765
20,524,544,0.0381679389312977
552,599,1151,0.9215358931552587
70,465,535,0.1505376344086021
563,222,785,2.536036036036036
824,142,966,5.802816901408451
41,804,845,0.0509950248756218
852,412,1264,2.067961165048544
1310,789,2099,1.6603295310519646
2151,769,2920,2.797139141742522
2967,666,3633,4.454954954954955
3641,669,4310,5.442451420029896
4332,636,4968,6.811320754716981
185,324,509,0.5709876543209876
535,334,869,1.6017964071856288
883,439,1322,2.011389521640091
125,360,485,0.3472222222222222
609,415,1024,1.4674698795180725
1092,98,1190,11.142857142857142
1223,80,1303,15.2875
1341,102,1443,13.147058823529411
1480,86,1566,17.209302325581394
1613,102,1715,15.81372549019608
1767,108,1875,16.36111111111111
1929,116,2045,16.629310344827587
2069,178,2247,11.623595505617978
2270,82,2352,27.682926829268293
2390,108,2498,22.12962962962963
2546,102,2648,24.96078431372549
2700,114,2814,23.68421052631579
2830,60,2890,47.16666666666666
2937,124,3061,23.68548387096774
3112,126,3238,24.6984126984127
3257,264,3521,12.337121212121213
3534,446,3980,7.923766816143497
3992,17,4009,234.8235294117647
53,110,163,0.4818181818181818
200,110,310,1.818181818181818
332,112,444,2.9642857142857144
453,130,583,3.4846153846153847
603,132,735,4.568181818181818
749,267,1016,2.805243445692884
1034,464,1498,2.228448275862069
1524,288,1812,5.291666666666667
2443,862,3305,2.8341067285382837
3307,853,4160,3.876905041031653
4162,549,4711,7.581056466302368
2137,624,2761,3.4246794871794872
2793,886,3679,3.1523702031602707
3726,36,3762,103.5
3764,38,3802,99.05263157894736
228,247,475,0.9230769230769232
513,520,1033,0.9865384615384616
1068,360,1428,2.966666666666667
1469,791,2260,1.8571428571428568
24,636,660,0.0377358490566037
691,687,1378,1.0058224163027656
1408,582,1990,2.419243986254296
2006,240,2246,8.358333333333333
2272,532,2804,4.270676691729324
2826,740,3566,3.818918918918919
3574,390,3964,9.164102564102564
269,735,1004,0.3659863945578231
1010,771,1781,1.3099870298313878
1794,837,2631,2.14336917562724
97,641,738,0.1513260530421216
763,471,1234,1.6199575371549897
1271,537,1808,2.366852886405959
1828,775,2603,2.358709677419355
2667,865,3532,3.083236994219653
3558,629,4187,5.656597774244833
1175,154,1329,7.62987012987013
2106,466,2572,4.51931330472103
2582,496,3078,5.205645161290323
3088,608,3696,5.078947368421052
3706,506,4212,7.324110671936759
4396,456,4852,9.640350877192985
4986,473,5459,10.54122621564482
5604,189,5793,29.65079365079365
5906,221,6127,26.72398190045249
6206,248,6454,25.024193548387096
6594,245,6839,26.914285714285715
7075,451,7526,15.687361419068736
7578,322,7900,23.53416149068323
1287,472,1759,2.726694915254237
1782,750,2532,2.376
2570,693,3263,3.708513708513709
3335,683,4018,4.882869692532943
4055,146,4201,27.773972602739725
4274,457,4731,9.352297592997813
170,407,577,0.4176904176904177
579,409,988,1.4156479217603912
990,628,1618,1.5764331210191085
1626,432,2058,3.763888888888889
2412,292,2704,8.26027397260274
2737,192,2929,14.255208333333334
2955,338,3293,8.742603550295858
55,972,1027,0.0565843621399176
1054,695,1749,1.516546762589928
1766,768,2534,2.2994791666666665
2545,747,3292,3.406961178045516
3307,918,4225,3.60239651416122
4260,1013,5273,4.20533070088845
5288,832,6120,6.355769230769231
6148,941,7089,6.533475026567482
7100,668,7768,10.62874251497006
246,573,819,0.4293193717277487
999,681,1680,1.4669603524229076
1744,840,2584,2.0761904761904764
2616,804,3420,3.253731343283582
4195,578,4773,7.257785467128028
6025,706,6731,8.53399433427762
461,702,1163,0.6566951566951567
307,454,761,0.6762114537444934
777,593,1370,1.3102866779089375
1380,318,1698,4.339622641509434
1706,500,2206,3.412
2216,906,3122,2.445916114790287
74,563,637,0.1314387211367673
30,847,877,0.0354191263282172
104,405,509,0.2567901234567901
534,276,810,1.934782608695652
835,372,1207,2.2446236559139785
1219,382,1601,3.19109947643979
1611,298,1909,5.406040268456376
262,117,379,2.23931623931624
937,149,1086,6.2885906040268456
1092,283,1375,3.8586572438162543
1381,512,1893,2.697265625
1899,688,2587,2.760174418604651
2593,686,3279,3.7798833819241984
3285,935,4220,3.513368983957219
4226,662,4888,6.38368580060423
4894,797,5691,6.1405269761606025
5697,757,6454,7.525759577278732
6460,978,7438,6.605316973415133
62,64,126,0.96875
137,593,730,0.2310286677908937
303,48,351,6.3125
362,84,446,4.309523809523809
541,698,1239,0.7750716332378224
1515,782,2297,1.9373401534526853
2428,831,3259,2.9217809867629363
3401,840,4241,4.048809523809524
4363,132,4495,33.053030303030305
4513,287,4800,15.724738675958188
32,976,1008,0.0327868852459016
1018,961,1979,1.0593132154006244
1987,466,2453,4.263948497854077
91,68,159,1.338235294117647
169,168,337,1.005952380952381
574,118,692,4.864406779661017
706,244,950,2.89344262295082
984,250,1234,3.936
1582,211,1793,7.497630331753554
1823,210,2033,8.68095238095238
2091,269,2360,7.773234200743494
2381,270,2651,8.818518518518518
2660,196,2856,13.571428571428571
42,395,437,0.1063291139240506
637,861,1498,0.7398373983739838
18,388,406,0.0463917525773195
415,131,546,3.16793893129771
553,213,766,2.596244131455399
21,327,348,0.0642201834862385
351,338,689,1.0384615384615383
63,565,628,0.111504424778761
665,856,1521,0.7768691588785047
201,111,312,1.8108108108108107
315,110,425,2.863636363636364
428,173,601,2.4739884393063583
604,125,729,4.832
2994,928,3922,3.226293103448276
578,513,1091,1.1267056530214423
1866,30,1896,62.2
45,651,696,0.0691244239631336
742,553,1295,1.3417721518987342
1358,637,1995,2.131868131868132
2048,884,2932,2.316742081447964
2990,477,3467,6.268343815513627
3475,529,4004,6.568998109640832
4131,926,5057,4.461123110151188
5090,821,5911,6.199756394640682
5981,783,6764,7.638569604086846
6797,891,7688,7.628507295173962
986,9,995,109.55555555555556
1516,275,1791,5.512727272727273
459,117,576,3.923076923076923
888,345,1233,2.5739130434782607
1237,244,1481,5.069672131147541
158,3,161,52.66666666666666
16,26,42,0.6153846153846154
51,8,59,6.375
73,28,101,2.607142857142857
110,47,157,2.3404255319148937
173,26,199,6.653846153846154
256,70,326,3.657142857142857
341,8,349,42.625
358,8,366,44.75
375,46,421,8.152173913043478
430,16,446,26.875
79,920,999,0.0858695652173913
1007,637,1644,1.5808477237048666
19,332,351,0.0572289156626506
409,1017,1426,0.4021632251720747
1528,728,2256,2.098901098901099
2389,624,3013,3.828525641025641
3053,625,3678,4.8848
91,608,699,0.1496710526315789
716,390,1106,1.835897435897436
1122,363,1485,3.090909090909091
1500,612,2112,2.450980392156863
2180,698,2878,3.123209169054441
2899,816,3715,3.5526960784313726
3824,964,4788,3.966804979253112
4796,123,4919,38.99186991869919
5010,994,6004,5.040241448692153
6012,3,6015,2004.0
72,838,910,0.0859188544152744
922,758,1680,1.216358839050132
1699,887,2586,1.9154453213077791
2637,987,3624,2.6717325227963524
49,118,167,0.4152542372881356
1723,416,2139,4.141826923076923
2170,179,2349,12.12290502793296
2358,328,2686,7.189024390243903
2723,109,2832,24.98165137614679
2865,353,3218,8.11614730878187
3235,178,3413,18.174157303370787
3426,229,3655,14.960698689956333
3682,381,4063,9.664041994750656
4071,189,4260,21.53968253968254
4278,259,4537,16.517374517374517
4553,228,4781,19.969298245614038
4798,233,5031,20.59227467811159
5039,258,5297,19.531007751937985
5321,164,5485,32.44512195121951
5494,228,5722,24.09649122807017
5732,249,5981,23.02008032128514
5997,320,6317,18.740625
6358,328,6686,19.384146341463413
6701,414,7115,16.185990338164252
7148,274,7422,26.087591240875916
7435,272,7707,27.334558823529413
7741,260,8001,29.773076923076925
195,610,805,0.319672131147541
824,754,1578,1.0928381962864722
1600,653,2253,2.450229709035222
2278,747,3025,3.0495314591700136
4120,288,4408,14.305555555555555
1030,551,1581,1.8693284936479129
1587,754,2341,2.1047745358090184
20,810,830,0.0246913580246913
145,546,691,0.2655677655677655
709,684,1393,1.036549707602339
1403,512,1915,2.740234375
1928,570,2498,3.382456140350877
2513,745,3258,3.3731543624161078
430,1018,1448,0.4223968565815324
60,558,618,0.1075268817204301
2067,506,2573,4.08498023715415
2595,498,3093,5.210843373493976
22,312,334,0.0705128205128205
342,830,1172,0.4120481927710843
1324,861,2185,1.537746806039489
2229,918,3147,2.4281045751633985
3218,858,4076,3.750582750582751
4218,822,5040,5.131386861313868
5102,982,6084,5.19551934826884
6092,823,6915,7.402187120291616
6953,917,7870,7.582333696837513
346,667,1013,0.5187406296851574
1101,884,1985,1.245475113122172
2107,699,2806,3.0143061516452074
176,509,685,0.3457760314341846
722,360,1082,2.0055555555555555
1204,650,1854,1.852307692307692
2317,337,2654,6.8753709198813056
2668,334,3002,7.988023952095808
3053,604,3657,5.054635761589404
3686,618,4304,5.964401294498382
5653,395,6048,14.311392405063293
6197,176,6373,35.21022727272727
7713,65,7778,118.66153846153846
7783,48,7831,162.14583333333334
60,62,122,0.967741935483871
232,91,323,2.5494505494505493
342,72,414,4.75
1240,93,1333,13.333333333333334
2000,66,2066,30.303030303030305
2255,96,2351,23.48958333333333
2377,267,2644,8.902621722846442
4086,364,4450,11.225274725274724
4504,352,4856,12.795454545454543
5076,505,5581,10.051485148514852
5622,50,5672,112.44
6037,195,6232,30.95897435897436
6347,84,6431,75.55952380952381
6664,133,6797,50.10526315789474
7260,138,7398,52.60869565217392
7461,139,7600,53.67625899280576
62,56,118,1.1071428571428572
206,404,610,0.5099009900990099
39,480,519,0.08125
533,683,1216,0.780380673499268
1238,676,1914,1.831360946745562
1958,759,2717,2.579710144927536
2738,423,3161,6.472813238770685
24,451,475,0.0532150776053215
489,659,1148,0.7420333839150227
1210,329,1539,3.677811550151976
1559,349,1908,4.467048710601719
1928,334,2262,5.772455089820359
156,27,183,5.777777777777778
1974,28,2002,70.5
2080,259,2339,8.03088803088803
2380,240,2620,9.916666666666666
2633,213,2846,12.36150234741784
2860,243,3103,11.76954732510288
3115,230,3345,13.543478260869565
3350,381,3731,8.79265091863517
457,843,1300,0.5421115065243179
79,875,954,0.0902857142857142
3271,877,4148,3.7297605473204105
4328,1008,5336,4.2936507936507935
6425,303,6728,21.204620462046204
6762,715,7477,9.457342657342656
63,967,1030,0.0651499482936918
1037,346,1383,2.9971098265895955
196,573,769,0.3420593368237347
782,911,1693,0.858397365532382
1703,732,2435,2.326502732240437
46,979,1025,0.0469867211440245
1036,416,1452,2.4903846153846154
1478,603,2081,2.451077943615257
2108,624,2732,3.378205128205128
2756,585,3341,4.711111111111111
3367,590,3957,5.706779661016949
3973,467,4440,8.507494646680943
1435,334,1769,4.296407185628743
118,177,295,0.6666666666666666
1108,313,1421,3.539936102236421
1467,338,1805,4.340236686390533
1865,346,2211,5.390173410404624
2285,343,2628,6.661807580174927
2708,390,3098,6.943589743589744
3132,103,3235,30.40776699029126
3257,805,4062,4.045962732919255
4064,734,4798,5.536784741144414
70,614,684,0.1140065146579804
17,359,376,0.0473537604456824
1371,356,1727,3.851123595505618
1734,224,1958,7.741071428571429
1995,310,2305,6.435483870967742
2324,448,2772,5.1875
2791,472,3263,5.913135593220339
3282,465,3747,7.058064516129032
3766,513,4279,7.341130604288499
4325,450,4775,9.61111111111111
4790,410,5200,11.682926829268292
5210,40,5250,130.25
27,132,159,0.2045454545454545
174,32,206,5.4375
1037,448,1485,2.314732142857143
1502,713,2215,2.106591865357644
2235,477,2712,4.685534591194968
2719,501,3220,5.4271457085828345
3235,269,3504,12.026022304832711
3515,794,4309,4.426952141057934
4320,493,4813,8.762677484787018
4818,229,5047,21.03930131004367
42,422,464,0.0995260663507109
500,376,876,1.3297872340425532
944,706,1650,1.3371104815864023
1662,728,2390,2.282967032967033
35,467,502,0.0749464668094218
516,404,920,1.2772277227722773
947,453,1400,2.0905077262693155
25,188,213,0.1329787234042553
2275,1000,3275,2.275
3953,645,4598,6.128682170542636
9,64,73,0.140625
87,75,162,1.16
1246,334,1580,3.730538922155689
4802,33,4835,145.5151515151515
18,500,518,0.036
98,46,144,2.130434782608696
65,843,908,0.0771055753262159
251,376,627,0.6675531914893617
14,632,646,0.0221518987341772
16,893,909,0.0179171332586786
21,553,574,0.0379746835443038
824,980,1804,0.8408163265306122
5076,741,5817,6.850202429149798
151,30,181,5.033333333333333
319,170,489,1.876470588235294
693,355,1048,1.952112676056338
1244,621,1865,2.003220611916264
8,285,293,0.0280701754385964
303,388,691,0.7809278350515464
1003,600,1603,1.6716666666666666
675,29,704,23.27586206896552
709,63,772,11.253968253968257
780,86,866,9.069767441860463
878,81,959,10.839506172839506
967,16,983,60.4375
998,69,1067,14.46376811594203
1079,168,1247,6.422619047619048
84,332,416,0.253012048192771
420,378,798,1.1111111111111112
21,1002,1023,0.0209580838323353
2171,979,3150,2.2175689479060265
3173,750,3923,4.230666666666667
3946,670,4616,5.88955223880597
4649,515,5164,9.027184466019415
5188,497,5685,10.438631790744466
5707,569,6276,10.0298769771529
6297,912,7209,6.904605263157895
131,585,716,0.2239316239316239
750,333,1083,2.2522522522522523
1139,360,1499,3.1638888888888888
1518,314,1832,4.834394904458598
1892,341,2233,5.548387096774194
2282,567,2849,4.024691358024692
2896,390,3286,7.425641025641026
3305,563,3868,5.870337477797514
3900,310,4210,12.580645161290322
4229,267,4496,15.838951310861423
4534,433,4967,10.471131639722865
5004,361,5365,13.861495844875346
5397,313,5710,17.242811501597444
5921,376,6297,15.747340425531917
6316,324,6640,19.493827160493822
6659,354,7013,18.81073446327684
7101,328,7429,21.64939024390244
7448,440,7888,16.927272727272726
214,887,1101,0.2412626832018038
1155,276,1431,4.184782608695652
1539,942,2481,1.6337579617834397
2568,882,3450,2.9115646258503403
3476,614,4090,5.661237785016287
4131,102,4233,40.5
4294,660,4954,6.506060606060606
4987,698,5685,7.144699140401146
5714,312,6026,18.31410256410257
6076,296,6372,20.527027027027028
6418,418,6836,15.354066985645932
6858,296,7154,23.16891891891892
7194,212,7406,33.93396226415094
62,820,882,0.0756097560975609
906,607,1513,1.4925864909390445
1592,653,2245,2.437978560490046
2280,433,2713,5.265588914549654
2808,416,3224,6.75
3245,459,3704,7.069716775599129
3746,772,4518,4.852331606217617
4568,442,5010,10.334841628959277
151,606,757,0.2491749174917491
772,176,948,4.386363636363637
227,638,865,0.3557993730407524
151,30,181,5.033333333333333
319,170,489,1.876470588235294
693,355,1048,1.952112676056338
1244,621,1865,2.003220611916264
15,205,220,0.073170731707317
234,320,554,0.73125
602,400,1002,1.505
1220,502,1722,2.4302788844621515
1835,521,2356,3.5220729366602685
2410,470,2880,5.127659574468085
2894,200,3094,14.47
3157,257,3414,12.284046692607005
3465,540,4005,6.416666666666667
4141,967,5108,4.282316442605998
166,283,449,0.5865724381625441
126,860,986,0.1465116279069767
994,784,1778,1.2678571428571428
1833,855,2688,2.143859649122807
2696,510,3206,5.286274509803921
3244,844,4088,3.843601895734597
4096,810,4906,5.05679012345679
4914,595,5509,8.258823529411766
5538,857,6395,6.462077012835473
6403,598,7001,10.707357859531772
2220,631,2851,3.5182250396196517
2899,1002,3901,2.893213572854292
3909,746,4655,5.2399463806970505
14,466,480,0.0300429184549356
922,478,1400,1.9288702928870292
13,169,182,0.0769230769230769
23,428,451,0.0537383177570093
464,534,998,0.8689138576779026
1037,527,1564,1.967741935483871
1597,649,2246,2.460708782742681
2280,744,3024,3.064516129032258
130,739,869,0.175913396481732
837,290,1127,2.886206896551724
486,613,1099,0.7928221859706363
22,816,838,0.0269607843137254
879,858,1737,1.0244755244755244
1781,915,2696,1.946448087431694
2740,936,3676,2.927350427350427
3706,856,4562,4.329439252336448
4595,702,5297,6.545584045584046
5342,941,6283,5.676939426142401
6309,831,7140,7.592057761732852
102,179,281,0.5698324022346368
284,163,447,1.7423312883435582
452,204,656,2.215686274509804
666,51,717,13.058823529411764
726,108,834,6.722222222222222
840,40,880,21.0
888,75,963,11.84
978,267,1245,3.662921348314607
1270,465,1735,2.7311827956989245
1807,100,1907,18.07
1920,171,2091,11.228070175438596
2217,173,2390,12.815028901734104
2430,474,2904,5.1265822784810124
1426,536,1962,2.66044776119403
16,554,570,0.0288808664259927
591,623,1214,0.9486356340288924
1225,747,1972,1.639892904953146
160,918,1078,0.1742919389978213
1096,583,1679,1.8799313893653515
1738,935,2673,1.8588235294117648
2690,415,3105,6.481927710843373
3168,591,3759,5.360406091370559
3846,297,4143,12.94949494949495
4252,942,5194,4.51380042462845
5202,947,6149,5.493136219640972
6157,645,6802,9.545736434108528
6857,942,7799,7.279193205944798
2381,96,2477,24.80208333333333
2491,836,3327,2.979665071770335
74,472,546,0.1567796610169491
551,564,1115,0.9769503546099292
1125,579,1704,1.9430051813471505
1712,683,2395,2.506588579795022
2422,615,3037,3.938211382113821
3051,486,3537,6.277777777777778
3598,509,4107,7.068762278978389
4174,366,4540,11.404371584699453
4580,412,4992,11.116504854368932
5016,568,5584,8.830985915492958
5597,505,6102,11.083168316831683
6114,370,6484,16.524324324324326
6521,385,6906,16.93766233766234
38,557,595,0.0682226211849192
660,423,1083,1.5602836879432624
1655,732,2387,2.260928961748634
451,270,721,1.6703703703703705
743,81,824,9.17283950617284
854,26,880,32.84615384615385
12,721,733,0.0166435506241331
751,920,1671,0.816304347826087
1683,639,2322,2.6338028169014085
2339,973,3312,2.403905447070915
3341,692,4033,4.828034682080925
4053,893,4946,4.538633818589026
4976,647,5623,7.690880989180835
5640,836,6476,6.746411483253588
6494,943,7437,6.886532343584306
262,853,1115,0.3071512309495897
1123,619,1742,1.81421647819063
29,451,480,0.0643015521064301
498,219,717,2.2739726027397262
9,77,86,0.1168831168831168
93,64,157,1.453125
169,93,262,1.8172043010752688
278,439,717,0.6332574031890661
23,12,35,1.9166666666666667
69,588,657,0.1173469387755102
4981,917,5898,5.431842966194111
5951,407,6358,14.62162162162162
17,419,436,0.0405727923627685
453,395,848,1.1468354430379746
872,437,1309,1.9954233409610984
1348,419,1767,3.217183770883055
1769,403,2172,4.389578163771712
2174,382,2556,5.69109947643979
668,440,1108,1.518181818181818
78,708,786,0.1101694915254237
803,336,1139,2.389880952380953
1170,1012,2182,1.1561264822134387
2223,859,3082,2.587892898719441
3173,695,3868,4.565467625899281
3965,883,4848,4.490373725934315
4876,691,5567,7.05643994211288
6843,938,7781,7.295309168443497
32,591,623,0.05414551607445
633,323,956,1.959752321981424
978,375,1353,2.608
24,109,133,0.2201834862385321
22,673,695,0.0326894502228826
744,900,1644,0.8266666666666667
1662,937,2599,1.7737459978655283
2619,784,3403,3.340561224489796
3423,945,4368,3.6222222222222222
4397,600,4997,7.328333333333333
880,263,1143,3.346007604562738
1153,391,1544,2.948849104859335
1573,86,1659,18.29069767441861
1675,67,1742,25.0
1754,278,2032,6.309352517985611
2050,295,2345,6.9491525423728815
2361,459,2820,5.143790849673203
3859,287,4146,13.445993031358883
4167,402,4569,10.365671641791044
4595,135,4730,34.03703703703704
6655,187,6842,35.588235294117645
6866,156,7022,44.01282051282051
7041,201,7242,35.02985074626866
7322,201,7523,36.42786069651741
7586,249,7835,30.46586345381526
21,411,432,0.0510948905109489
513,462,975,1.1103896103896105
999,735,1734,1.3591836734693878
1763,450,2213,3.917777777777778
2258,319,2577,7.078369905956113
2601,412,3013,6.313106796116505
3034,361,3395,8.404432132963988
3416,142,3558,24.056338028169016
1400,697,2097,2.008608321377332
28,617,645,0.0453808752025931
676,795,1471,0.8503144654088051
75,87,162,0.8620689655172413
193,336,529,0.5744047619047619
560,401,961,1.3965087281795512
983,57,1040,17.24561403508772
1062,56,1118,18.964285714285715
1126,99,1225,11.373737373737374
1240,304,1544,4.078947368421052
1557,212,1769,7.34433962264151
1784,281,2065,6.3487544483985765
2082,125,2207,16.656
2223,121,2344,18.37190082644628
2364,161,2525,14.683229813664596
2530,77,2607,32.857142857142854
2649,515,3164,5.14368932038835
3169,25,3194,126.76
3200,81,3281,39.50617283950617
3288,221,3509,14.877828054298645
10,289,299,0.0346020761245674
322,413,735,0.7796610169491526
1655,368,2023,4.497282608695652
2200,218,2418,10.091743119266056
2636,427,3063,6.173302107728337
3214,162,3376,19.839506172839503
3513,152,3665,23.11184210526316
4154,103,4257,40.33009708737864
4356,834,5190,5.223021582733813
5506,113,5619,48.72566371681416
5726,818,6544,7.0
6773,828,7601,8.179951690821255
1583,216,1799,7.328703703703703
1831,685,2516,2.6729927007299272
62,673,735,0.0921248142644873
900,475,1375,1.894736842105263
2873,985,3858,2.916751269035533
7240,676,7916,10.710059171597631
7962,120,8082,66.35
229,479,708,0.4780793319415449
753,750,1503,1.004
1548,249,1797,6.216867469879518
1848,227,2075,8.140969162995594
1243,119,1362,10.445378151260504
1395,342,1737,4.078947368421052
2443,345,2788,7.081159420289855
2790,251,3041,11.115537848605578
3043,229,3272,13.2882096069869
20,590,610,0.0338983050847457
627,577,1204,1.0866551126516464
1228,589,1817,2.0848896434634976
19,760,779,0.025
87,492,579,0.1768292682926829
596,544,1140,1.0955882352941178
20,423,443,0.0472813238770685
471,816,1287,0.5772058823529411
1292,171,1463,7.555555555555555
1487,834,2321,1.7829736211031175
2326,576,2902,4.038194444444445
2933,804,3737,3.648009950248756
3751,816,4567,4.596813725490196
4572,152,4724,30.07894736842105
4775,702,5477,6.801994301994302
5501,748,6249,7.35427807486631
6301,818,7119,7.702933985330073
7142,853,7995,8.372801875732709
2904,429,3333,6.769230769230769
57,27,84,2.111111111111111
1713,396,2109,4.325757575757576
3339,379,3718,8.810026385224274
5461,401,5862,13.618453865336658
252,399,651,0.631578947368421
975,51,1026,19.11764705882353
2795,603,3398,4.635157545605307
3414,877,4291,3.8928164196123145
1283,934,2217,1.373661670235546
2219,626,2845,3.544728434504792
2858,425,3283,6.724705882352941
3338,649,3987,5.143297380585516
303,336,639,0.9017857142857144
41,865,906,0.0473988439306358
916,674,1590,1.3590504451038576
1605,679,2284,2.363770250368189
2401,371,2772,6.471698113207547
2819,662,3481,4.258308157099698
3531,474,4005,7.449367088607595
4014,275,4289,14.596363636363636
4307,648,4955,6.646604938271605
4966,975,5941,5.093333333333334
5955,134,6089,44.440298507462686
124,883,1007,0.1404303510758777
1164,204,1368,5.705882352941177
1391,205,1596,6.785365853658536
1625,479,2104,3.392484342379958
2130,504,2634,4.226190476190476
29,263,292,0.1102661596958174
1521,1020,2541,1.491176470588235
2692,975,3667,2.761025641025641
4881,361,5242,13.520775623268698
5335,891,6226,5.987654320987654
6264,146,6410,42.9041095890411
6462,654,7116,9.880733944954128
7163,423,7586,16.933806146572103
470,908,1378,0.5176211453744494
697,262,959,2.6603053435114505
103,189,292,0.544973544973545
23,562,585,0.0409252669039145
603,10,613,60.3
64,301,365,0.2126245847176079
388,409,797,0.9486552567237164
824,503,1327,1.6381709741550696
1354,900,2254,1.5044444444444445
2295,863,3158,2.659327925840093
3209,766,3975,4.189295039164491
3992,309,4301,12.919093851132686
1105,205,1310,5.390243902439025
1342,155,1497,8.658064516129032
1506,204,1710,7.382352941176471
1717,242,1959,7.095041322314049
2029,124,2153,16.362903225806452
2159,211,2370,10.23222748815166
2394,271,2665,8.833948339483396
2689,375,3064,7.1706666666666665
3133,379,3512,8.266490765171504
3527,245,3772,14.39591836734694
3785,340,4125,11.132352941176473
4146,397,4543,10.443324937027707
4587,250,4837,18.348
4861,287,5148,16.937282229965156
5189,278,5467,18.66546762589928
5501,313,5814,17.575079872204473
5837,61,5898,95.68852459016394
5921,350,6271,16.917142857142856
6283,269,6552,23.356877323420075
6561,322,6883,20.375776397515526
6897,221,7118,31.20814479638009
7128,225,7353,31.68
206,439,645,0.4692482915717539
964,493,1457,1.955375253549696
2273,427,2700,5.323185011709602
2708,429,3137,6.312354312354312
3145,331,3476,9.501510574018129
3536,322,3858,10.98136645962733
3994,718,4712,5.562674094707521
4777,62,4839,77.04838709677419
5635,95,5730,59.31578947368421
6231,763,6994,8.166448230668415
7003,143,7146,48.97202797202797
19,102,121,0.1862745098039215
140,1009,1149,0.1387512388503468
5844,838,6682,6.973747016706444
6693,603,7296,11.099502487562187
2276,532,2808,4.2781954887218046
2866,582,3448,4.9243986254295535
3868,701,4569,5.517831669044223
4658,744,5402,6.260752688172043
5683,724,6407,7.849447513812155
6467,725,7192,8.92
363,395,758,0.918987341772152
778,204,982,3.813725490196079
1015,340,1355,2.985294117647059
1380,306,1686,4.509803921568627
1702,256,1958,6.6484375
1974,357,2331,5.529411764705882
2368,330,2698,7.175757575757576
2748,391,3139,7.028132992327365
3179,327,3506,9.7217125382263
3547,384,3931,9.236979166666666
4002,448,4450,8.933035714285714
4546,475,5021,9.570526315789474
5057,306,5363,16.526143790849673
5479,354,5833,15.477401129943503
5920,370,6290,16.0
6317,347,6664,18.204610951008647
6711,575,7286,11.671304347826087
7331,377,7708,19.445623342175065
102,1022,1124,0.0998043052837573
2690,332,3022,8.102409638554217
3225,1002,4227,3.218562874251497
4266,998,5264,4.274549098196393
5328,175,5503,30.445714285714285
5544,962,6506,5.762993762993763
6518,825,7343,7.90060606060606
163,930,1093,0.175268817204301
1216,902,2118,1.3481152993348116
3541,602,4143,5.882059800664452
4183,1013,5196,4.129318854886476
27,890,917,0.0303370786516853
929,924,1853,1.005411255411255
15,535,550,0.02803738317757
906,53,959,17.09433962264151
965,148,1113,6.52027027027027
1128,605,1733,1.8644628099173557
1740,558,2298,3.118279569892473
2302,935,3237,2.462032085561497
3242,1006,4248,3.2226640159045727
4255,503,4758,8.459244532803181
4766,660,5426,7.221212121212122
57,903,960,0.0631229235880398
970,508,1478,1.9094488188976375
1491,504,1995,2.958333333333333
1753,418,2171,4.19377990430622
2186,494,2680,4.425101214574899
2695,352,3047,7.65625
3052,3,3055,1017.3333333333334
153,948,1101,0.1613924050632911
1110,188,1298,5.904255319148936
1314,486,1800,2.703703703703704
1826,395,2221,4.622784810126582
2231,783,3014,2.8492975734355044
82,383,465,0.2140992167101827
484,362,846,1.3370165745856353
11,134,145,0.0820895522388059
169,427,596,0.3957845433255269
656,398,1054,1.6482412060301508
1102,89,1191,12.382022471910112
2158,361,2519,5.977839335180056
2544,3,2547,848.0
2572,387,2959,6.645994832041343
2979,375,3354,7.944
1105,205,1310,5.390243902439025
1342,155,1497,8.658064516129032
1506,204,1710,7.382352941176471
1717,242,1959,7.095041322314049
2029,124,2153,16.362903225806452
2159,211,2370,10.23222748815166
2394,271,2665,8.833948339483396
2689,375,3064,7.1706666666666665
3133,379,3512,8.266490765171504
3527,245,3772,14.39591836734694
3785,340,4125,11.132352941176473
4146,397,4543,10.443324937027707
4587,250,4837,18.348
4861,287,5148,16.937282229965156
5189,278,5467,18.66546762589928
5501,313,5814,17.575079872204473
5837,61,5898,95.68852459016394
5921,350,6271,16.917142857142856
6283,269,6552,23.356877323420075
6561,322,6883,20.375776397515526
6897,221,7118,31.20814479638009
7128,225,7353,31.68
9,878,887,0.010250569476082
84,597,681,0.1407035175879397
733,1000,1733,0.733
1749,454,2203,3.852422907488987
3,14,17,0.2142857142857142
1531,372,1903,4.115591397849462
1909,263,2172,7.258555133079848
2221,287,2508,7.7386759581881535
2540,336,2876,7.559523809523809
2912,491,3403,5.930753564154786
3422,211,3633,16.218009478672986
3654,294,3948,12.428571428571429
3974,369,4343,10.769647696476964
4356,295,4651,14.766101694915257
4688,238,4926,19.69747899159664
1965,755,2720,2.6026490066225167
13,630,643,0.0206349206349206
671,658,1329,1.0197568389057752
1355,970,2325,1.3969072164948453
2351,816,3167,2.8811274509803924
3187,842,4029,3.7850356294536818
4039,810,4849,4.98641975308642
4860,814,5674,5.9705159705159705
40,858,898,0.0466200466200466
924,680,1604,1.3588235294117648
1623,530,2153,3.0622641509433963
17,357,374,0.0476190476190476
393,105,498,3.742857142857143
502,163,665,3.079754601226994
668,425,1093,1.571764705882353
37,363,400,0.1019283746556473
422,422,844,1.0
43,648,691,0.066358024691358
900,388,1288,2.31958762886598
1337,348,1685,3.8419540229885056
37,613,650,0.0603588907014681
912,556,1468,1.640287769784173
1545,515,2060,3.0
2090,489,2579,4.274028629856851
2614,324,2938,8.067901234567902
3020,549,3569,5.500910746812386
3603,478,4081,7.53765690376569
4137,412,4549,10.04126213592233
4647,569,5216,8.166959578207381
5230,153,5383,34.18300653594771
53,445,498,0.1191011235955056
715,262,977,2.7290076335877864
998,305,1303,3.272131147540984
1370,261,1631,5.24904214559387
1783,244,2027,7.307377049180328
2054,236,2290,8.703389830508474
18,584,602,0.0308219178082191
16,255,271,0.0627450980392156
344,702,1046,0.49002849002849
80,582,662,0.1374570446735395
230,827,1057,0.2781136638452237
14,445,459,0.0314606741573033
240,306,546,0.7843137254901961
2378,447,2825,5.319910514541387
2854,476,3330,5.995798319327731
3346,224,3570,14.9375
3578,347,3925,10.311239193083573
3966,201,4167,19.73134328358209
4262,286,4548,14.902097902097902
263,369,632,0.7127371273712737
46,311,357,0.1479099678456591
370,272,642,1.3602941176470589
723,327,1050,2.2110091743119265
1101,352,1453,3.127840909090909
1492,285,1777,5.235087719298246
1781,267,2048,6.670411985018727
2122,242,2364,8.768595041322314
2433,317,2750,7.675078864353312
2764,334,3098,8.275449101796408
3130,312,3442,10.032051282051285
3461,97,3558,35.68041237113402
3596,185,3781,19.43783783783784
3823,185,4008,20.664864864864864
4108,3,4111,1369.3333333333333
79,138,217,0.572463768115942
321,659,980,0.4871016691957511
21,914,935,0.0229759299781181
987,118,1105,8.364406779661017
1117,363,1480,3.077134986225895
1489,435,1924,3.4229885057471265
1933,550,2483,3.514545454545454
1147,515,1662,2.2271844660194176
1666,79,1745,21.088607594936708
80,617,697,0.1296596434359805
708,425,1133,1.6658823529411764
1162,461,1623,2.5206073752711498
1646,270,1916,6.0962962962962965
1947,316,2263,6.161392405063292
2286,249,2535,9.180722891566266
2553,456,3009,5.598684210526316
3087,777,3864,3.972972972972973
3942,651,4593,6.055299539170507
1030,333,1363,3.093093093093093
1373,412,1785,3.3325242718446604
1794,380,2174,4.721052631578948
2315,343,2658,6.74927113702624
2885,324,3209,8.904320987654321
3300,383,3683,8.616187989556137
3692,162,3854,22.790123456790123
161,185,346,0.8702702702702703
79,378,457,0.2089947089947089
459,503,962,0.9125248508946322
4061,826,4887,4.916464891041162
4896,815,5711,6.007361963190184
6155,584,6739,10.539383561643836
158,68,226,2.323529411764706
505,71,576,7.112676056338028
681,599,1280,1.1368948247078463
1376,569,1945,2.4182776801405974
2318,747,3065,3.103078982597055
3117,623,3740,5.003210272873194
3760,475,4235,7.91578947368421
4540,511,5051,8.88454011741683
5175,575,5750,9.0
6866,414,7280,16.584541062801932
7415,502,7917,14.770916334661354
644,902,1546,0.7139689578713969
1608,898,2506,1.7906458797327394
2556,919,3475,2.7812840043525573
35,434,469,0.0806451612903225
38,633,671,0.0600315955766192
718,604,1322,1.1887417218543046
1349,549,1898,2.4571948998178508
83,44,127,1.8863636363636365
1499,273,1772,5.490842490842491
1832,680,2512,2.694117647058824
26,336,362,0.0773809523809523
390,306,696,1.2745098039215683
56,724,780,0.0773480662983425
795,523,1318,1.520076481835564
1344,896,2240,1.5
2313,784,3097,2.9502551020408165
389,534,923,0.7284644194756554
940,365,1305,2.5753424657534247
93,530,623,0.1754716981132075
23,796,819,0.028894472361809
839,505,1344,1.6613861386138613
1364,308,1672,4.428571428571429
1723,482,2205,3.574688796680498
2236,480,2716,4.658333333333333
2771,516,3287,5.37015503875969
3296,496,3792,6.645161290322581
3795,154,3949,24.642857142857142
62,690,752,0.0898550724637681
136,735,871,0.1850340136054421
1003,973,1976,1.0308324768756425
1994,805,2799,2.4770186335403728
2807,422,3229,6.651658767772512
1840,795,2635,2.314465408805032
2673,247,2920,10.821862348178138
4165,970,5135,4.293814432989691
5210,922,6132,5.650759219088937
6233,993,7226,6.276938569989929
38,169,207,0.2248520710059171
247,192,439,1.2864583333333333
515,280,795,1.8392857142857144
840,172,1012,4.883720930232558
34,70,104,0.4857142857142857
965,3,968,321.6666666666667
2581,3,2584,860.3333333333334
4514,3,4517,1504.6666666666667
6230,3,6233,2076.6666666666665
8001,3,8004,2667.0
307,454,761,0.6762114537444934
777,593,1370,1.3102866779089375
1380,318,1698,4.339622641509434
458,364,822,1.2582417582417582
56,417,473,0.1342925659472422
485,398,883,1.2185929648241205
899,703,1602,1.278805120910384
1621,783,2404,2.070242656449553
2420,420,2840,5.761904761904762
2857,585,3442,4.883760683760684
3460,495,3955,6.98989898989899
3980,487,4467,8.172484599589323
4490,609,5099,7.372742200328407
5119,733,5852,6.98362892223738
11,40,51,0.275
84,676,760,0.1242603550295858
770,1003,1773,0.7676969092721835
2813,400,3213,7.0325
119,943,1062,0.1261930010604454
1069,823,1892,1.298906439854192
1919,65,1984,29.523076923076925
1994,941,2935,2.1190223166843785
2950,465,3415,6.344086021505376
3472,554,4026,6.2671480144404335
4074,741,4815,5.497975708502024
4862,765,5627,6.355555555555555
5673,816,6489,6.952205882352941
6571,213,6784,30.849765258215964
6797,158,6955,43.01898734177215
121,815,936,0.1484662576687116
999,775,1774,1.2890322580645162
1817,663,2480,2.7405731523378583
2598,756,3354,3.4365079365079363
3475,610,4085,5.69672131147541
4198,840,5038,4.997619047619048
16,23,39,0.6956521739130435
47,82,129,0.573170731707317
226,140,366,1.6142857142857143
383,132,515,2.9015151515151514
534,90,624,5.933333333333334
104,545,649,0.1908256880733945
80,914,994,0.087527352297593
1011,943,1954,1.0721102863202543
1980,862,2842,2.296983758700696
2859,886,3745,3.22686230248307
170,581,751,0.2925989672977624
50,497,547,0.1006036217303823
558,256,814,2.1796875
826,364,1190,2.269230769230769
1211,244,1455,4.963114754098361
1474,482,1956,3.0580912863070537
2136,130,2266,16.43076923076923
2277,373,2650,6.10455764075067
2667,463,3130,5.760259179265659
3167,467,3634,6.781584582441114
3766,582,4348,6.470790378006873
4383,378,4761,11.595238095238097
4787,399,5186,11.99749373433584
5244,132,5376,39.72727272727273
5407,374,5781,14.457219251336898
27,373,400,0.0723860589812332
436,348,784,1.2528735632183907
803,592,1395,1.3564189189189189
19,268,287,0.0708955223880597
23,791,814,0.0290771175726927
865,326,1191,2.6533742331288344
1217,384,1601,3.169270833333333
1956,417,2373,4.690647482014389
2469,126,2595,19.59523809523809
2828,969,3797,2.918472652218782
4065,448,4513,9.073660714285714
4529,147,4676,30.80952380952381
23,523,546,0.0439770554493307
7,596,603,0.011744966442953
622,634,1256,0.9810725552050472
1270,569,1839,2.231985940246046
1858,518,2376,3.586872586872587
2391,470,2861,5.087234042553192
2876,525,3401,5.478095238095238
3432,700,4132,4.902857142857143
4140,59,4199,70.16949152542372
4212,382,4594,11.026178010471204
4606,251,4857,18.350597609561756
4875,492,5367,9.908536585365852
5396,530,5926,10.181132075471698
5938,186,6124,31.9247311827957
6143,378,6521,16.25132275132275
6554,472,7026,13.885593220338984
7032,414,7446,16.985507246376812
7462,477,7939,15.643605870020965
201,883,1084,0.2276330690826727
1108,881,1989,1.257661748013621
2013,865,2878,2.3271676300578035
2902,936,3838,3.1004273504273505
3882,797,4679,4.870765370138018
17,415,432,0.0409638554216867
24,452,476,0.0530973451327433
83,221,304,0.3755656108597285
403,433,836,0.930715935334873
1547,682,2229,2.268328445747801
2596,955,3551,2.718324607329843
4918,317,5235,15.514195583596214
153,566,719,0.2703180212014134
66,963,1029,0.0685358255451713
1037,900,1937,1.1522222222222225
816,795,1611,1.0264150943396226
1622,758,2380,2.1398416886543536
309,769,1078,0.4018205461638491
43,581,624,0.0740103270223752
148,48,196,3.083333333333333
360,37,397,9.72972972972973
513,180,693,2.85
704,218,922,3.229357798165138
1014,18,1032,56.333333333333336
1067,135,1202,7.903703703703703
1207,177,1384,6.819209039548023
1392,229,1621,6.078602620087336
1699,183,1882,9.28415300546448
1952,178,2130,10.96629213483146
2217,214,2431,10.35981308411215
2503,201,2704,12.45273631840796
2748,181,2929,15.182320441988953
2971,187,3158,15.88770053475936
3223,199,3422,16.195979899497488
3477,190,3667,18.3
3762,193,3955,19.492227979274613
4039,23,4062,175.6086956521739
4157,218,4375,19.068807339449545
4532,67,4599,67.64179104477611
4758,254,5012,18.73228346456693
5112,215,5327,23.77674418604651
5339,211,5550,25.303317535545023
5660,242,5902,23.38842975206612
6009,3,6012,2003.0
21,368,389,0.0570652173913043
447,917,1364,0.4874591057797164
1402,991,2393,1.4147325933400603
2415,842,3257,2.8681710213776723
67,879,946,0.0762229806598407
1023,356,1379,2.8735955056179776
1455,609,2064,2.3891625615763545
2092,509,2601,4.110019646365423
2627,444,3071,5.916666666666667
3104,482,3586,6.439834024896266
3622,512,4134,7.07421875
4172,456,4628,9.149122807017545
4641,100,4741,46.41
376,799,1175,0.4705882352941176
1205,457,1662,2.636761487964989
1674,339,2013,4.938053097345133
2029,280,2309,7.246428571428571
2328,306,2634,7.607843137254902
2648,876,3524,3.0228310502283104
3539,476,4015,7.434873949579832
4041,525,4566,7.6971428571428575
1233,313,1546,3.939297124600639
27,390,417,0.0692307692307692
27,54,81,0.5
317,484,801,0.6549586776859504
830,584,1414,1.4212328767123288
1436,568,2004,2.528169014084507
2016,584,2600,3.452054794520548
2622,587,3209,4.466780238500852
3254,617,3871,5.273905996758509
3891,954,4845,4.078616352201258
24,1021,1045,0.0235063663075416
1047,702,1749,1.4914529914529917
2471,654,3125,3.7782874617737
3191,786,3977,4.059796437659033
4019,122,4141,32.94262295081968
4224,848,5072,4.981132075471698
5163,846,6009,6.102836879432624
6024,930,6954,6.47741935483871
7001,652,7653,10.737730061349692
1053,348,1401,3.0258620689655173
1486,849,2335,1.7502944640753828
2351,311,2662,7.559485530546624
2688,925,3613,2.905945945945946
3659,906,4565,4.038631346578367
4577,1015,5592,4.50935960591133
5603,204,5807,27.465686274509803
5853,872,6725,6.712155963302752
6804,498,7302,13.662650602409638
7342,534,7876,13.749063670411983
186,849,1035,0.2190812720848056
11,598,609,0.0183946488294314
78,952,1030,0.0819327731092437
1047,647,1694,1.6182380216383307
1750,322,2072,5.434782608695652
2115,324,2439,6.527777777777778
2518,905,3423,2.7823204419889502
3481,372,3853,9.35752688172043
3921,472,4393,8.307203389830509
4466,922,5388,4.843817787418655
5479,932,6411,5.878755364806867
29,649,678,0.0446841294298921
713,837,1550,0.8518518518518519
1587,600,2187,2.645
2214,209,2423,10.5933014354067
72,874,946,0.0823798627002288
972,498,1470,1.9518072289156627
34,570,604,0.0596491228070175
631,521,1152,1.2111324376199617
1263,584,1847,2.162671232876712
1859,599,2458,3.1035058430717863
2526,687,3213,3.6768558951965065
3246,340,3586,9.547058823529412
3629,130,3759,27.91538461538461
3794,584,4378,6.4965753424657535
4388,542,4930,8.095940959409594
43,70,113,0.6142857142857143
127,84,211,1.511904761904762
228,509,737,0.4479371316306483
1820,855,2675,2.128654970760234
2683,407,3090,6.592137592137592
3133,365,3498,8.583561643835617
3500,294,3794,11.904761904761903
3796,323,4119,11.75232198142415
4188,357,4545,11.731092436974787
4602,367,4969,12.539509536784742
4971,116,5087,42.85344827586207
5168,310,5478,16.670967741935485
5535,399,5934,13.87218045112782
5972,266,6238,22.451127819548876
7401,252,7653,29.36904761904762
7680,46,7726,166.95652173913044
103,623,726,0.1653290529695024
290,511,801,0.5675146771037182
35,90,125,0.3888888888888889
130,123,253,1.056910569105691
280,155,435,1.8064516129032255
438,122,560,3.5901639344262297
578,129,707,4.48062015503876
133,727,860,0.1829436038514443
896,844,1740,1.061611374407583
1773,918,2691,1.931372549019608
2740,812,3552,3.374384236453202
3646,822,4468,4.435523114355231
4477,155,4632,28.88387096774193
4656,904,5560,5.150442477876106
5624,806,6430,6.977667493796526
6460,835,7295,7.736526946107785
1850,517,2367,3.578336557059961
4221,428,4649,9.86214953271028
73,637,710,0.1145996860282574
724,984,1708,0.7357723577235772
1719,255,1974,6.741176470588235
335,873,1208,0.3837342497136312
1245,900,2145,1.3833333333333333
542,492,1034,1.1016260162601623
1044,771,1815,1.3540856031128403
1835,427,2262,4.297423887587822
2265,513,2778,4.415204678362573
2781,551,3332,5.047186932849365
3334,474,3808,7.033755274261603
3811,535,4346,7.123364485981308
4352,525,4877,8.289523809523809
4879,551,5430,8.85480943738657
5432,523,5955,10.38623326959847
5957,418,6375,14.251196172248804
6379,528,6907,12.081439393939394
6909,544,7453,12.700367647058824
7475,540,8015,13.842592592592592
27,853,880,0.0316529894490035
907,867,1774,1.0461361014994233
2503,499,3002,5.0160320641282565
3028,874,3902,3.4645308924485128
5562,935,6497,5.948663101604278
6513,909,7422,7.1650165016501655
113,898,1011,0.1258351893095768
144,477,621,0.3018867924528302
626,830,1456,0.7542168674698795
81,676,757,0.1198224852071005
52,561,613,0.0926916221033868
633,994,1627,0.6368209255533199
18,654,672,0.0275229357798165
748,751,1499,0.996005326231691
1508,722,2230,2.0886426592797784
2242,795,3037,2.820125786163522
4334,365,4699,11.873972602739729
21,542,563,0.0387453874538745
29,564,593,0.051418439716312
622,478,1100,1.301255230125523
1130,213,1343,5.305164319248826
1374,564,1938,2.436170212765957
1968,561,2529,3.508021390374332
2570,32,2602,80.3125
2631,486,3117,5.41358024691358
24,599,623,0.0400667779632721
111,680,791,0.163235294117647
376,546,922,0.6886446886446886
984,196,1180,5.020408163265306
1185,35,1220,33.857142857142854
1241,83,1324,14.951807228915662
1350,49,1399,27.551020408163264
2399,473,2872,5.071881606765328
2919,172,3091,16.97093023255814
3117,259,3376,12.034749034749035
1340,861,2201,1.556329849012776
10,220,230,0.0454545454545454
257,321,578,0.8006230529595015
583,252,835,2.313492063492064
46,535,581,0.0859813084112149
6592,766,7358,8.605744125326371
16,642,658,0.0249221183800623
687,334,1021,2.05688622754491
1049,229,1278,4.580786026200873
1292,409,1701,3.158924205378973
1733,314,2047,5.519108280254777
505,724,1229,0.6975138121546961
1238,391,1629,3.166240409207161
1637,474,2111,3.4535864978902957
34,692,726,0.0491329479768786
40,302,342,0.1324503311258278
420,179,599,2.346368715083799
612,323,935,1.894736842105263
1238,460,1698,2.6913043478260867
1723,449,2172,3.837416481069042
2190,732,2922,2.9918032786885247
2924,372,3296,7.860215053763441
3298,366,3664,9.010928961748634
3681,201,3882,18.31343283582089
3890,417,4307,9.32853717026379
4398,226,4624,19.460176991150444
4633,597,5230,7.760469011725293
5265,400,5665,13.1625
160,560,720,0.2857142857142857
868,678,1546,1.28023598820059
1561,689,2250,2.265602322206096
2303,701,3004,3.2853067047075606
3035,908,3943,3.342511013215859
3987,307,4294,12.986970684039088
223,340,563,0.6558823529411765
26,742,768,0.0350404312668463
797,29,826,27.48275862068965
2158,566,2724,3.812720848056537
2739,914,3653,2.9967177242888403
3667,138,3805,26.57246376811594
3824,580,4404,6.593103448275862
4430,590,5020,7.508474576271187
5135,617,5752,8.322528363047002
5767,536,6303,10.759328358208956
6429,438,6867,14.678082191780822
6918,74,6992,93.48648648648648
7009,913,7922,7.676889375684556
1014,361,1375,2.8088642659279777
542,187,729,2.8983957219251337
739,230,969,3.213043478260869
974,217,1191,4.488479262672811
1198,218,1416,5.495412844036697
1457,308,1765,4.73051948051948
1795,284,2079,6.320422535211268
2086,322,2408,6.478260869565218
2435,188,2623,12.952127659574469
2652,260,2912,10.2
2929,227,3156,12.90308370044053
3169,258,3427,12.282945736434108
3434,233,3667,14.738197424892704
3680,167,3847,22.03592814371257
3872,291,4163,13.305841924398626
4170,194,4364,21.49484536082474
4374,324,4698,13.5
4715,162,4877,29.104938271604937
4921,267,5188,18.43071161048689
5197,254,5451,20.46062992125984
5505,342,5847,16.096491228070175
5904,291,6195,20.288659793814432
6253,283,6536,22.09540636042403
6545,344,6889,19.02616279069768
6908,448,7356,15.419642857142858
7368,56,7424,131.57142857142858
2314,43,2357,53.81395348837209
2372,86,2458,27.58139534883721
2474,277,2751,8.931407942238268
2767,472,3239,5.862288135593221
3256,253,3509,12.869565217391305
3529,546,4075,6.463369963369964
4104,365,4469,11.243835616438355
4497,808,5305,5.5655940594059405
5330,523,5853,10.191204588910134
5916,745,6661,7.940939597315436
6719,299,7018,22.47157190635452
22,700,722,0.0314285714285714
731,617,1348,1.1847649918962724
1366,810,2176,1.6864197530864198
1525,556,2081,2.7428057553956835
60,62,122,0.967741935483871
232,91,323,2.5494505494505493
342,72,414,4.75
1240,93,1333,13.333333333333334
2000,66,2066,30.303030303030305
2255,96,2351,23.48958333333333
2377,267,2644,8.902621722846442
4086,364,4450,11.225274725274724
4480,36,4516,124.44444444444444
4577,46,4623,99.5
4850,435,5285,11.149425287356324
2967,2,2969,1483.5
3611,128,3739,28.2109375
29,493,522,0.0588235294117647
543,913,1456,0.5947426067907996
1467,978,2445,1.5
2447,205,2652,11.93658536585366
2668,929,3597,2.871905274488697
3612,1010,4622,3.5762376237623763
4624,157,4781,29.452229299363054
4788,838,5626,5.713603818615752
5631,939,6570,5.996805111821086
6576,936,7512,7.0256410256410255
180,941,1121,0.1912858660998937
1129,674,1803,1.675074183976261
1831,958,2789,1.911273486430063
2797,966,3763,2.8954451345755694
3771,507,4278,7.437869822485207
4287,633,4920,6.7725118483412325
4932,275,5207,17.934545454545454
5218,187,5405,27.90374331550802
1325,136,1461,9.742647058823527
1490,43,1533,34.65116279069768
1535,74,1609,20.74324324324324
1612,166,1778,9.710843373493976
1780,54,1834,32.96296296296296
1908,184,2092,10.369565217391305
2095,26,2121,80.57692307692308
2123,51,2174,41.62745098039216
2245,142,2387,15.809859154929578
2390,23,2413,103.91304347826087
2415,75,2490,32.2
2498,121,2619,20.644628099173552
2622,297,2919,8.828282828282829
2922,192,3114,15.21875
3118,361,3479,8.637119113573407
3482,566,4048,6.151943462897527
4050,280,4330,14.464285714285714
4333,291,4624,14.890034364261169
4627,215,4842,21.52093023255814
4845,643,5488,7.534992223950233
114,755,869,0.1509933774834437
894,610,1504,1.4655737704918033
276,549,825,0.5027322404371585
972,363,1335,2.677685950413223
1429,210,1639,6.804761904761905
2039,254,2293,8.027559055118111
2400,347,2747,6.916426512968299
2822,369,3191,7.64769647696477
3339,468,3807,7.134615384615385
3935,409,4344,9.621026894865526
4608,428,5036,10.766355140186915
5094,327,5421,15.577981651376149
5528,481,6009,11.492723492723492
6080,475,6555,12.8
6624,509,7133,13.013752455795675
7215,337,7552,21.409495548961424
7564,198,7762,38.2020202020202
7790,204,7994,38.18627450980392
148,353,501,0.4192634560906516
524,286,810,1.832167832167832
847,782,1629,1.0831202046035806
1763,511,2274,3.4500978473581214
2486,793,3279,3.1349306431273645
3360,792,4152,4.242424242424242
4184,210,4394,19.923809523809524
1296,611,1907,2.121112929623568
3191,411,3602,7.763990267639903
49,347,396,0.1412103746397694
33,20,53,1.65
115,751,866,0.1531291611185086
925,16,941,57.8125
1003,280,1283,3.5821428571428573
1353,620,1973,2.182258064516129
2041,620,2661,3.291935483870968
2677,406,3083,6.593596059113301
3098,59,3157,52.50847457627118
3186,294,3480,10.83673469387755
3490,101,3591,34.554455445544555
3618,186,3804,19.451612903225808
3815,124,3939,30.766129032258064
3956,576,4532,6.868055555555555
128,735,863,0.1741496598639455
987,973,1960,1.014388489208633
376,427,803,0.8805620608899297
805,384,1189,2.0963541666666665
1218,388,1606,3.1391752577319587
1608,297,1905,5.414141414141414
107,512,619,0.208984375
676,576,1252,1.1736111111111112
1263,382,1645,3.306282722513089
1666,363,2029,4.589531680440771
2078,420,2498,4.947619047619048
2519,379,2898,6.646437994722955
2906,76,2982,38.23684210526316
3006,123,3129,24.4390243902439
3171,361,3532,8.78393351800554
3565,366,3931,9.740437158469945
3952,448,4400,8.821428571428571
4423,399,4822,11.085213032581454
4832,791,5623,6.108723135271807
5791,730,6521,7.932876712328767
6558,757,7315,8.663143989431969
30,353,383,0.0849858356940509
395,474,869,0.8333333333333334
891,393,1284,2.267175572519084
1295,454,1749,2.852422907488987
1760,163,1923,10.797546012269938
239,124,363,1.9274193548387095
445,89,534,5.0
563,184,747,3.0597826086956523
991,211,1202,4.696682464454977
1234,255,1489,4.8392156862745095
1503,200,1703,7.515
1781,282,2063,6.315602836879433
2079,167,2246,12.449101796407186
2287,278,2565,8.226618705035971
2643,117,2760,22.58974358974359
3070,507,3577,6.055226824457594
3593,167,3760,21.51497005988024
3772,206,3978,18.310679611650485
4209,845,5054,4.981065088757396
5068,309,5377,16.401294498381876
5393,386,5779,13.971502590673577
5790,481,6271,12.037422037422038
46,611,657,0.0752864157119476
667,489,1156,1.3640081799591002
1164,392,1556,2.9693877551020407
1585,77,1662,20.584415584415584
1673,360,2033,4.647222222222222
2050,442,2492,4.638009049773756
2504,492,2996,5.089430894308944
3039,255,3294,11.91764705882353
3380,481,3861,7.027027027027027
3881,551,4432,7.043557168784029
4439,456,4895,9.734649122807015
4920,397,5317,12.39294710327456
5376,321,5697,16.747663551401867
5728,527,6255,10.869070208728653
6281,155,6436,40.52258064516129
6984,344,7328,20.302325581395348
7351,654,8005,11.240061162079511
20,382,402,0.0523560209424083
406,357,763,1.1372549019607845
772,246,1018,3.138211382113821
1037,333,1370,3.114114114114114
10,442,452,0.0226244343891402
467,607,1074,0.7693574958813838
1089,489,1578,2.226993865030675
1583,599,2182,2.642737896494157
2189,734,2923,2.982288828337875
2928,191,3119,15.329842931937172
3127,374,3501,8.36096256684492
3508,710,4218,4.940845070422535
4227,591,4818,7.152284263959391
6987,881,7868,7.930760499432463
15,712,727,0.021067415730337
99,947,1046,0.1045406546990496
550,307,857,1.791530944625407
1383,264,1647,5.238636363636363
1848,298,2146,6.201342281879195
2180,950,3130,2.294736842105263
3145,1009,4154,3.1169474727452924
4157,794,4951,5.23551637279597
4987,427,5414,11.679156908665105
5437,1012,6449,5.372529644268774
6465,900,7365,7.183333333333334
334,181,515,1.8453038674033149
532,507,1039,1.04930966469428
394,803,1197,0.4906600249066002
1393,510,1903,2.731372549019608
773,865,1638,0.8936416184971099
125,577,702,0.2166377816291161
723,277,1000,2.6101083032490973
1496,498,1994,3.004016064257028
2024,660,2684,3.066666666666667
2709,402,3111,6.7388059701492535
2970,338,3308,8.78698224852071
3322,583,3905,5.69811320754717
3962,416,4378,9.524038461538462
4414,532,4946,8.296992481203008
3127,629,3756,4.971383147853736
3857,639,4496,6.035993740219093
116,931,1047,0.1245972073039742
1054,389,1443,2.709511568123393
1457,927,2384,1.5717367853290185
2391,355,2746,6.735211267605634
46,655,701,0.0702290076335877
738,504,1242,1.4642857142857142
484,513,997,0.9434697855750488
1008,117,1125,8.615384615384615
1904,326,2230,5.840490797546012
2263,380,2643,5.955263157894737
2721,636,3357,4.278301886792453
3365,613,3978,5.489396411092986
4002,692,4694,5.783236994219653
78,996,1074,0.0783132530120482
1097,1012,2109,1.08399209486166
2129,860,2989,2.4755813953488373
3010,951,3961,3.1650893796004205
3982,1013,4995,3.930898321816387
5017,882,5899,5.688208616780045
5921,952,6873,6.21953781512605
23,430,453,0.0534883720930232
489,376,865,1.300531914893617
1530,350,1880,4.371428571428571
1920,304,2224,6.315789473684211
2271,376,2647,6.039893617021277
2752,502,3254,5.48207171314741
3272,356,3628,9.191011235955056
3765,497,4262,7.575452716297787
4275,239,4514,17.88702928870293
4524,48,4572,94.25
1204,650,1854,1.852307692307692
2317,337,2654,6.8753709198813056
2668,334,3002,7.988023952095808
3053,604,3657,5.054635761589404
3686,618,4304,5.964401294498382
5653,395,6048,14.311392405063293
6197,176,6373,35.21022727272727
7713,65,7778,118.66153846153846
7783,48,7831,162.14583333333334
7850,166,8016,47.28915662650602
23,117,140,0.1965811965811965
165,103,268,1.6019417475728157
310,496,806,0.625
845,422,1267,2.0023696682464456
1307,471,1778,2.774946921443737
1816,581,2397,3.125645438898451
2445,648,3093,3.773148148148149
3141,660,3801,4.759090909090909
3854,668,4522,5.769461077844311
4572,671,5243,6.81371087928465
1184,733,1917,1.6152796725784448
1940,638,2578,3.040752351097179
2596,609,3205,4.262725779967159
3228,665,3893,4.8541353383458645
3905,196,4101,19.9234693877551
4136,792,4928,5.222222222222222
4952,818,5770,6.053789731051345
5805,456,6261,12.730263157894736
23,586,609,0.0392491467576791
631,635,1266,0.9937007874015747
1555,96,1651,16.197916666666668
22,42,64,0.5238095238095238
1148,389,1537,2.9511568123393315
2670,408,3078,6.544117647058823
6146,173,6319,35.52601156069364
138,642,780,0.2149532710280373
14,685,699,0.0204379562043795
712,657,1369,1.0837138508371384
1376,684,2060,2.0116959064327484
2068,698,2766,2.962750716332378
2778,646,3424,4.30030959752322
147,364,511,0.4038461538461538
521,645,1166,0.8077519379844961
1174,348,1522,3.3735632183908044
1533,294,1827,5.214285714285714
2608,1004,3612,2.597609561752988
21,654,675,0.0321100917431192
18,408,426,0.0441176470588235
209,967,1176,0.2161323681489141
4162,940,5102,4.427659574468085
5528,539,6067,10.256029684601112
6095,298,6393,20.453020134228183
142,84,226,1.6904761904761905
33,109,142,0.3027522935779816
157,157,314,1.0
17,763,780,0.0222804718217562
1840,810,2650,2.271604938271605
2658,681,3339,3.9030837004405288
3363,632,3995,5.32120253164557
4012,756,4768,5.306878306878307
4779,656,5435,7.285060975609756
5458,612,6070,8.918300653594772
6097,743,6840,8.20592193808883
26,731,757,0.0355677154582763
266,577,843,0.4610051993067591
868,474,1342,1.8312236286919832
1367,621,1988,2.2012882447665056
2032,713,2745,2.849929873772791
2866,716,3582,4.0027932960893855
3712,792,4504,4.686868686868687
4585,895,5480,5.122905027932961
5499,835,6334,6.58562874251497
6348,828,7176,7.666666666666667
186,594,780,0.3131313131313131
922,886,1808,1.0406320541760723
1810,314,2124,5.764331210191083
2365,860,3225,2.75
6,208,214,0.0288461538461538
240,218,458,1.1009174311926606
474,388,862,1.2216494845360826
872,197,1069,4.426395939086294
1079,367,1446,2.9400544959128063
1481,428,1909,3.460280373831776
569,606,1175,0.9389438943894388
1191,225,1416,5.293333333333333
45,329,374,0.1367781155015197
385,435,820,0.8850574712643678
836,600,1436,1.393333333333333
35,1018,1053,0.0343811394891945
1056,576,1632,1.8333333333333333
2726,225,2951,12.115555555555556
3003,704,3707,4.265625
3720,209,3929,17.79904306220096
4074,281,4355,14.498220640569397
4482,271,4753,16.538745387453876
4765,395,5160,12.063291139240508
5584,313,5897,17.840255591054312
5918,137,6055,43.197080291970806
6083,211,6294,28.82938388625593
272,143,415,1.902097902097902
162,939,1101,0.1725239616613418
23,388,411,0.0592783505154639
425,508,933,0.8366141732283464
943,232,1175,4.064655172413793
1187,457,1644,2.597374179431072
1673,587,2260,2.8500851788756387
2273,662,2935,3.433534743202417
2945,384,3329,7.669270833333333
3343,451,3794,7.412416851441241
43,965,1008,0.0445595854922279
1018,644,1662,1.5807453416149069
2527,805,3332,3.139130434782609
4440,398,4838,11.155778894472364
4847,425,5272,11.40470588235294
5281,278,5559,18.996402877697843
5569,367,5936,15.174386920980927
5946,403,6349,14.754342431761788
6359,330,6689,19.26969696969697
6699,269,6968,24.903345724907066
6978,188,7166,37.11702127659574
7177,200,7377,35.885
7391,204,7595,36.23039215686274
7605,333,7938,22.83783783783784
46,168,214,0.2738095238095238
227,146,373,1.5547945205479452
394,536,930,0.7350746268656716
45,398,443,0.1130653266331658
467,530,997,0.8811320754716981
998,38,1036,26.26315789473684
1050,255,1305,4.117647058823529
1341,227,1568,5.907488986784141
2404,904,3308,2.65929203539823
3335,916,4251,3.640829694323144
463,875,1338,0.5291428571428571
1369,551,1920,2.484573502722323
1938,360,2298,5.383333333333334
136,388,524,0.3505154639175257
571,392,963,1.4566326530612246
968,40,1008,24.2
1037,413,1450,2.5108958837772395
388,646,1034,0.6006191950464397
8,318,326,0.0251572327044025
334,304,638,1.0986842105263157
649,831,1480,0.7809867629362214
1496,560,2056,2.6714285714285717
17,378,395,0.0449735449735449
16,170,186,0.0941176470588235
221,533,754,0.4146341463414634
124,882,1006,0.1405895691609977
25,430,455,0.0581395348837209
478,782,1260,0.6112531969309463
1268,440,1708,2.881818181818182
57,18,75,3.1666666666666665
81,45,126,1.8
138,48,186,2.875
197,40,237,4.925
52,46,98,1.1304347826086956
116,156,272,0.7435897435897436
287,249,536,1.1526104417670682
554,298,852,1.859060402684564
58,397,455,0.1460957178841309
507,849,1356,0.5971731448763251
1378,199,1577,6.924623115577889
1604,290,1894,5.531034482758621
1935,460,2395,4.206521739130435
36,572,608,0.0629370629370629
268,693,961,0.3867243867243867
1080,868,1948,1.2442396313364057
2090,867,2957,2.4106113033448677
2996,295,3291,10.155932203389831
3455,867,4322,3.9850057670126873
4379,690,5069,6.346376811594203
5094,775,5869,6.572903225806452
22,867,889,0.0253748558246828
2314,35,2349,66.11428571428571
2369,368,2737,6.4375
2759,380,3139,7.260526315789473
3182,578,3760,5.505190311418685
269,801,1070,0.3358302122347066
47,158,205,0.2974683544303797
231,139,370,1.6618705035971224
386,240,626,1.6083333333333334
652,361,1013,1.8060941828254848
1036,462,1498,2.242424242424242
1525,411,1936,3.710462287104623
148,941,1089,0.157279489904357
1097,332,1429,3.3042168674698797
18,92,110,0.1956521739130435
136,89,225,1.5280898876404494
241,332,573,0.7259036144578314
580,360,940,1.6111111111111112
974,301,1275,3.2358803986710964
31,476,507,0.065126050420168
510,465,975,1.096774193548387
1008,653,1661,1.5436447166921898
44,58,102,0.7586206896551724
31,529,560,0.0586011342155009
1502,743,2245,2.0215343203230147
2276,387,2663,5.881136950904393
3815,997,4812,3.8264794383149447
4825,997,5822,4.839518555667001
5836,460,6296,12.68695652173913
1957,730,2687,2.680821917808219
2695,1006,3701,2.6789264413518885
3703,798,4501,4.640350877192983
4506,677,5183,6.655834564254062
5188,692,5880,7.497109826589595
5893,127,6020,46.40157480314961
6025,36,6061,167.36111111111111
6066,424,6490,14.306603773584904
6494,589,7083,11.025466893039049
323,611,934,0.5286415711947627
1309,633,1942,2.0679304897314377
2045,606,2651,3.374587458745874
62,820,882,0.0756097560975609
46,406,452,0.1133004926108374
493,100,593,4.93
623,116,739,5.370689655172414
747,265,1012,2.818867924528302
1034,187,1221,5.529411764705882
1256,314,1570,4.0
1579,384,1963,4.111979166666667
1979,418,2397,4.73444976076555
2425,274,2699,8.85036496350365
33,643,676,0.0513219284603421
728,492,1220,1.4796747967479675
1299,454,1753,2.861233480176212
1798,432,2230,4.162037037037037
592,102,694,5.803921568627451
739,4,743,184.75
807,741,1548,1.0890688259109311
1561,613,2174,2.546492659053833
2263,894,3157,2.5313199105145414
3238,795,4033,4.072955974842768
4046,888,4934,4.556306306306307
4953,917,5870,5.401308615049073
5873,447,6320,13.138702460850112
6358,907,7265,7.009922822491731
1850,517,2367,3.578336557059961
4221,428,4649,9.86214953271028
6511,390,6901,16.694871794871794
12,563,575,0.0213143872113676
75,522,597,0.1436781609195402
21,914,935,0.0229759299781181
115,514,629,0.2237354085603113
16,113,129,0.1415929203539823
264,165,429,1.6
456,208,664,2.1923076923076925
22,698,720,0.0315186246418338
443,78,521,5.67948717948718
549,45,594,12.2
606,66,672,9.181818181818182
691,77,768,8.974025974025974
802,74,876,10.83783783783784
1200,125,1325,9.6
1483,126,1609,11.76984126984127
1620,142,1762,11.408450704225352
1797,138,1935,13.021739130434783
1941,14,1955,138.64285714285714
2086,124,2210,16.822580645161292
2367,156,2523,15.173076923076923
2565,178,2743,14.410112359550562
2924,159,3083,18.38993710691824
3288,180,3468,18.266666666666666
3654,144,3798,25.375
3974,186,4160,21.365591397849464
4437,195,4632,22.753846153846155
4950,176,5126,28.125
5310,170,5480,31.235294117647054
5845,148,5993,39.49324324324324
6309,161,6470,39.18633540372671
6731,101,6832,66.64356435643565
6841,93,6934,73.55913978494624
7839,117,7956,67.0
98,817,915,0.1199510403916768
935,901,1836,1.0377358490566038
1847,753,2600,2.452855245683931
2728,966,3694,2.824016563146998
3766,520,4286,7.242307692307692
4324,531,4855,8.143126177024483
4899,626,5525,7.825878594249201
5544,199,5743,27.85929648241206
5887,10,5897,588.7
6093,856,6949,7.117990654205608
6973,582,7555,11.981099656357388
95,876,971,0.1084474885844748
147,540,687,0.2722222222222222
301,726,1027,0.4146005509641873
1046,212,1258,4.933962264150943
1292,685,1977,1.8861313868613137
1993,431,2424,4.624129930394432
2437,24,2461,101.54166666666669
2835,667,3502,4.250374812593703
3512,326,3838,10.773006134969323
3847,807,4654,4.767038413878563
4813,337,5150,14.281899109792285
5176,332,5508,15.590361445783133
5770,395,6165,14.60759493670886
7236,18,7254,402.0
405,667,1072,0.6071964017991005
1094,500,1594,2.188
88,395,483,0.2227848101265822
515,382,897,1.3481675392670156
103,611,714,0.1685761047463175
886,67,953,13.223880597014926
983,496,1479,1.9818548387096773
1486,300,1786,4.953333333333333
1798,78,1876,23.05128205128205
2426,695,3121,3.4906474820143885
3155,391,3546,8.069053708439897
41,829,870,0.0494571773220747
1138,317,1455,3.589905362776025
3520,272,3792,12.941176470588236
4824,644,5468,7.490683229813665
158,619,777,0.2552504038772213
65,754,819,0.0862068965517241
6066,675,6741,8.986666666666666
15,700,715,0.0214285714285714
733,981,1714,0.7471967380224261
261,2,263,130.5
360,291,651,1.2371134020618555
847,2,849,423.5
1134,2,1136,567.0
1552,2,1554,776.0
1841,2,1843,920.5
2061,158,2219,13.044303797468354
2266,224,2490,10.116071428571429
2702,357,3059,7.568627450980392
2457,165,2622,14.89090909090909
2689,724,3413,3.714088397790056
3438,169,3607,20.34319526627219
3639,207,3846,17.579710144927535
4148,333,4481,12.456456456456456
4528,487,5015,9.297741273100616
31,715,746,0.0433566433566433
34,73,107,0.4657534246575342
111,73,184,1.5205479452054795
190,47,237,4.042553191489362
59,512,571,0.115234375
115,403,518,0.2853598014888337
579,737,1316,0.7856173677069199
63,820,883,0.0768292682926829
1178,815,1993,1.445398773006135
1994,243,2237,8.205761316872428
2295,813,3108,2.822878228782288
3160,661,3821,4.780635400907715
3871,702,4573,5.514245014245014
4681,476,5157,9.834033613445378
5359,669,6028,8.010463378176382
6131,640,6771,9.5796875
15,534,549,0.0280898876404494
577,526,1103,1.096958174904943
5098,934,6032,5.458244111349036
6045,955,7000,6.329842931937173
7005,767,7772,9.132985658409387
327,660,987,0.4954545454545455
1011,474,1485,2.132911392405063
1502,497,1999,3.022132796780684
2279,997,3276,2.2858575727181543
3321,588,3909,5.6479591836734695
5,24,29,0.2083333333333333
40,31,71,1.2903225806451613
83,37,120,2.2432432432432434
223,237,460,0.940928270042194
622,306,928,2.0326797385620914
170,500,670,0.34
218,963,1181,0.2263759086188992
1244,645,1889,1.928682170542636
1920,826,2746,2.324455205811138
2823,355,3178,7.952112676056338
3208,423,3631,7.583924349881797
3763,397,4160,9.478589420654911
4183,545,4728,7.675229357798165
4812,566,5378,8.501766784452297
5479,537,6016,10.202979515828678
6064,671,6735,9.03725782414307
529,251,780,2.1075697211155378
23,662,685,0.0347432024169184
26,183,209,0.1420765027322404
222,268,490,0.8283582089552238
504,355,859,1.419718309859155
137,97,234,1.4123711340206186
319,163,482,1.9570552147239264
623,240,863,2.595833333333333
667,921,1588,0.7242128121606949
1593,634,2227,2.5126182965299684
2286,475,2761,4.812631578947369
2765,448,3213,6.171875
3235,843,4078,3.837485172004745
4082,653,4735,6.25114854517611
4789,495,5284,9.674747474747477
5312,476,5788,11.159663865546218
5829,501,6330,11.634730538922156
6485,709,7194,9.146685472496474
7234,529,7763,13.67485822306238
3011,1017,4028,2.960668633235005
12,488,500,0.0245901639344262
50,740,790,0.0675675675675675
876,613,1489,1.429037520391517
1525,325,1850,4.6923076923076925
371,882,1253,0.4206349206349206
1264,334,1598,3.784431137724551
21,914,935,0.0229759299781181
987,118,1105,8.364406779661017
70,465,535,0.1505376344086021
580,626,1206,0.926517571884984
1213,949,2162,1.278187565858799
2197,753,2950,2.9176626826029217
2964,572,3536,5.181818181818182
3630,971,4601,3.738414006179197
4665,915,5580,5.098360655737705
43,399,442,0.1077694235588972
464,359,823,1.2924791086350975
866,877,1743,0.9874572405929304
138,496,634,0.2782258064516129
640,552,1192,1.1594202898550725
1206,823,2029,1.465370595382746
2047,739,2786,2.769959404600812
2807,952,3759,2.948529411764706
3806,316,4122,12.044303797468354
4243,738,4981,5.749322493224932
5099,990,6089,5.150505050505051
6103,326,6429,18.72085889570552
6604,639,7243,10.334898278560251
7262,606,7868,11.983498349834983
1609,584,2193,2.7551369863013697
5982,622,6604,9.617363344051446
41,389,430,0.1053984575835475
434,471,905,0.921443736730361
910,435,1345,2.0919540229885056
1351,89,1440,15.179775280898877
284,590,874,0.4813559322033898
931,66,997,14.106060606060606
1072,316,1388,3.392405063291139
1398,265,1663,5.275471698113208
1671,276,1947,6.054347826086956
2047,340,2387,6.020588235294118
2404,522,2926,4.605363984674329
3027,567,3594,5.338624338624339
3616,229,3845,15.790393013100436
3884,334,4218,11.62874251497006
6225,271,6496,22.970479704797047
6561,247,6808,26.562753036437247
6815,300,7115,22.716666666666665
7130,516,7646,13.817829457364342
60,973,1033,0.0616649537512846
1035,561,1596,1.8449197860962567
1615,374,1989,4.318181818181818
2032,531,2563,3.8267419962335216
21,510,531,0.0411764705882352
367,502,869,0.7310756972111554
903,1007,1910,0.8967229394240318
2098,200,2298,10.49
2306,491,2797,4.696537678207739
2804,314,3118,8.929936305732484
4224,487,4711,8.673511293634498
4730,982,5712,4.816700610997963
91,243,334,0.3744855967078189
412,196,608,2.1020408163265305
71,868,939,0.0817972350230414
1096,955,2051,1.1476439790575916
225,35,260,6.428571428571429
287,180,467,1.5944444444444446
590,282,872,2.092198581560284
906,356,1262,2.544943820224719
1299,607,1906,2.14003294892916
1916,525,2441,3.6495238095238096
32,558,590,0.057347670250896
81,4,85,20.25
1237,626,1863,1.976038338658147
2450,761,3211,3.219448094612352
5590,109,5699,51.28440366972477
51,100,151,0.51
154,123,277,1.2520325203252032
280,199,479,1.407035175879397
482,175,657,2.7542857142857144
660,220,880,3.0
883,261,1144,3.3831417624521074
1147,214,1361,5.359813084112149
1364,140,1504,9.742857142857142
1507,162,1669,9.302469135802468
1672,221,1893,7.565610859728506
1896,259,2155,7.32046332046332
2158,204,2362,10.57843137254902
2365,215,2580,11.0
27,54,81,0.5
234,543,777,0.430939226519337
2779,772,3551,3.599740932642487
3563,27,3590,131.96296296296296
4056,462,4518,8.779220779220779
4532,804,5336,5.63681592039801
6058,929,6987,6.520990312163617
7054,858,7912,8.221445221445222
198,533,731,0.3714821763602251
13,518,531,0.025096525096525
589,406,995,1.4507389162561577
1218,800,2018,1.5225
2063,860,2923,2.3988372093023256
3019,937,3956,3.2219850586979724
4107,677,4784,6.066469719350074
5002,779,5781,6.421052631578948
6213,602,6815,10.320598006644518
6889,506,7395,13.614624505928854
86,593,679,0.1450252951096121
693,434,1127,1.596774193548387
1167,488,1655,2.3913934426229506
1706,566,2272,3.0141342756183747
2350,565,2915,4.15929203539823
3003,404,3407,7.433168316831683
3529,459,3988,7.688453159041394
7,31,38,0.2258064516129032
46,36,82,1.2777777777777777
98,176,274,0.5568181818181818
278,44,322,6.318181818181818
329,54,383,6.092592592592593
23,544,567,0.0422794117647058
589,477,1066,1.2348008385744236
101,261,362,0.3869731800766283
3717,810,4527,4.588888888888889
7030,861,7891,8.164924506387921
23,91,114,0.2527472527472527
130,203,333,0.6403940886699507
11,535,546,0.0205607476635514
1669,418,2087,3.992822966507177
2158,897,3055,2.4057971014492754
4873,519,5392,9.389210019267823
5532,733,6265,7.547066848567531
45,895,940,0.0502793296089385
943,444,1387,2.123873873873874
1464,600,2064,2.44
2125,619,2744,3.4329563812600967
2840,658,3498,4.316109422492401
3547,505,4052,7.023762376237624
4117,617,4734,6.672609400324149
4810,594,5404,8.097643097643097
5488,560,6048,9.8
6106,582,6688,10.491408934707904
6759,597,7356,11.321608040201005
7399,505,7904,14.651485148514851
2417,371,2788,6.514824797843666
4089,418,4507,9.782296650717702
7065,366,7431,19.30327868852459
28,690,718,0.0405797101449275
748,635,1383,1.177952755905512
1397,315,1712,4.434920634920635
32,521,553,0.0614203454894433
13,32,45,0.40625
63,913,976,0.0690032858707557
995,493,1488,2.0182555780933065
1496,751,2247,1.992010652463382
24,586,610,0.0409556313993174
643,530,1173,1.2132075471698114
176,509,685,0.3457760314341846
61,892,953,0.0683856502242152
40,139,179,0.2877697841726618
203,650,853,0.3123076923076923
83,193,276,0.4300518134715025
411,469,880,0.8763326226012793
881,360,1241,2.4472222222222224
1242,341,1583,3.642228739002933
1584,371,1955,4.269541778975741
1956,356,2312,5.49438202247191
2313,406,2719,5.697044334975369
2720,314,3034,8.662420382165605
62,820,882,0.0756097560975609
906,607,1513,1.4925864909390445
1592,653,2245,2.437978560490046
2280,433,2713,5.265588914549654
2808,416,3224,6.75
3245,459,3704,7.069716775599129
3746,772,4518,4.852331606217617
4568,442,5010,10.334841628959277
5051,656,5707,7.699695121951219
4130,288,4418,14.34027777777778
265,986,1251,0.268762677484787
1289,287,1576,4.491289198606272
1629,273,1902,5.967032967032967
1911,115,2026,16.617391304347827
2173,197,2370,11.03045685279188
2392,155,2547,15.432258064516128
2560,242,2802,10.578512396694215
2829,243,3072,11.641975308641976
3091,1001,4092,3.087912087912088
4105,82,4187,50.0609756097561
4209,364,4573,11.563186813186814
4586,325,4911,14.11076923076923
4927,463,5390,10.6414686825054
5408,283,5691,19.109540636042404
5709,371,6080,15.388140161725069
6088,320,6408,19.025
6456,302,6758,21.37748344370861
182,629,811,0.2893481717011129
54,651,705,0.0829493087557603
724,510,1234,1.419607843137255
1256,499,1755,2.5170340681362724
1782,302,2084,5.900662251655629
2116,197,2313,10.741116751269036
2343,101,2444,23.1980198019802
2451,431,2882,5.68677494199536
2978,528,3506,5.640151515151516
3527,889,4416,3.967379077615298
4463,938,5401,4.757995735607676
5422,225,5647,24.09777777777778
5666,375,6041,15.109333333333334
6056,243,6299,24.92181069958848
6329,386,6715,16.39637305699482
6755,136,6891,49.669117647058826
6900,201,7101,34.32835820895522
7129,608,7737,11.72532894736842
7757,285,8042,27.217543859649123
20,286,306,0.0699300699300699
312,735,1047,0.4244897959183673
1408,49,1457,28.73469387755102
1524,63,1587,24.19047619047619
1608,190,1798,8.463157894736842
81,158,239,0.5126582278481012
256,240,496,1.0666666666666669
512,415,927,1.2337349397590365
21,554,575,0.0379061371841155
700,463,1163,1.511879049676026
1212,725,1937,1.6717241379310346
10,381,391,0.0262467191601049
13,97,110,0.134020618556701
1569,721,2290,2.176144244105409
2336,573,2909,4.076788830715532
2952,354,3306,8.338983050847459
3413,465,3878,7.339784946236559
3919,997,4916,3.9307923771313935
19,543,562,0.0349907918968692
569,411,980,1.3844282238442822
2082,338,2420,6.159763313609467
1815,430,2245,4.22093023255814
2272,546,2818,4.1611721611721615
124,378,502,0.328042328042328
511,43,554,11.883720930232558
8,211,219,0.0379146919431279
688,574,1262,1.1986062717770034
1475,457,1932,3.227571115973742
2020,404,2424,5.0
2551,385,2936,6.625974025974026
262,863,1125,0.3035921205098493
2224,371,2595,5.994609164420485
2604,793,3397,3.283732660781841
3435,942,4377,3.646496815286624
4384,116,4500,37.793103448275865
4519,324,4843,13.947530864197532
4854,75,4929,64.72
4980,925,5905,5.383783783783784
5916,372,6288,15.903225806451612
6341,966,7307,6.564182194616977
7316,336,7652,21.77380952380953
115,859,974,0.1338766006984866
6007,51,6058,117.7843137254902
6077,273,6350,22.26007326007326
6355,408,6763,15.575980392156865
29,284,313,0.102112676056338
528,876,1404,0.6027397260273972
1408,895,2303,1.5731843575418991
2307,226,2533,10.20796460176991
94,152,246,0.618421052631579
686,613,1299,1.1190864600326265
1334,559,1893,2.386404293381037
1922,513,2435,3.746588693957115
2464,614,3078,4.013029315960912
3105,947,4052,3.278775079197465
4062,463,4525,8.773218142548597
4613,308,4921,14.977272727272728
5196,390,5586,13.323076923076924
863,621,1484,1.3896940418679549
1736,273,2009,6.358974358974359
2094,227,2321,9.224669603524228
2634,470,3104,5.604255319148936
3111,47,3158,66.19148936170212
3381,524,3905,6.452290076335878
3947,322,4269,12.25776397515528
4334,163,4497,26.588957055214724
4579,367,4946,12.47683923705722
5018,299,5317,16.782608695652176
5441,297,5738,18.31986531986532
5745,57,5802,100.78947368421052
5902,225,6127,26.23111111111111
6176,239,6415,25.84100418410042
6455,168,6623,38.42261904761905
71,959,1030,0.0740354535974974
1041,630,1671,1.6523809523809525
1712,709,2421,2.414668547249647
20,769,789,0.0260078023407022
804,874,1678,0.919908466819222
208,8,216,26.0
229,119,348,1.92436974789916
903,186,1089,4.854838709677419
1194,228,1422,5.2368421052631575
2235,259,2494,8.62934362934363
2513,162,2675,15.512345679012345
2682,600,3282,4.47
3441,419,3860,8.212410501193318
3935,216,4151,18.21759259259259
6346,3,6349,2115.333333333333
6366,15,6381,424.4
6411,777,7188,8.250965250965251
32,214,246,0.1495327102803738
274,268,542,1.0223880597014925
569,439,1008,1.296127562642369
1032,145,1177,7.117241379310345
1207,303,1510,3.983498349834984
1543,87,1630,17.735632183908045
37,338,375,0.1094674556213017
395,376,771,1.050531914893617
776,3,779,258.6666666666667
36,86,122,0.4186046511627907
39,780,819,0.05
871,254,1125,3.4291338582677167
15,716,731,0.020949720670391
753,634,1387,1.1876971608832807
1408,858,2266,1.641025641025641
2277,846,3123,2.691489361702128
3227,891,4118,3.621773288439955
2793,859,3652,3.251455180442375
3667,712,4379,5.150280898876405
4456,724,5180,6.154696132596685
5219,177,5396,29.48587570621469
5522,584,6106,9.455479452054794
38,733,771,0.0518417462482946
809,568,1377,1.4242957746478873
19,488,507,0.0389344262295082
282,553,835,0.5099457504520796
860,691,1551,1.244573082489146
1632,541,2173,3.0166358595194085
36,645,681,0.055813953488372
704,671,1375,1.0491803278688523
1397,268,1665,5.212686567164179
1674,491,2165,3.409368635437882
2175,601,2776,3.6189683860232944
2786,660,3446,4.221212121212122
3479,653,4132,5.327718223583461
4146,122,4268,33.98360655737705
4291,329,4620,13.04255319148936
4639,229,4868,20.25764192139738
4910,487,5397,10.082135523613964
1180,1022,2202,1.1545988258317026
464,533,997,0.8705440900562852
1028,561,1589,1.8324420677361852
1594,772,2366,2.064766839378238
2380,621,3001,3.832528180354268
3011,649,3660,4.63944530046225
3683,460,4143,8.006521739130434
4168,354,4522,11.774011299435028
4525,941,5466,4.808714133900106
482,510,992,0.9450980392156862
2159,400,2559,5.3975
2631,502,3133,5.241035856573705
3166,565,3731,5.603539823008849
321,311,632,1.0321543408360128
476,877,1353,0.5427594070695553
1404,545,1949,2.5761467889908256
2358,907,3265,2.599779492833517
3582,688,4270,5.2063953488372094
4715,851,5566,5.54054054054054
5840,878,6718,6.651480637813211
6724,200,6924,33.62
20,418,438,0.0478468899521531
2086,29,2115,71.93103448275862
2778,39,2817,71.23076923076923
3389,787,4176,4.306226175349428
6042,441,6483,13.700680272108844
7211,224,7435,32.191964285714285
1209,34,1243,35.55882352941177
1249,273,1522,4.575091575091575
1535,381,1916,4.028871391076115
82,200,282,0.41
299,107,406,2.794392523364486
425,120,545,3.5416666666666665
585,175,760,3.342857142857143
771,189,960,4.079365079365079
977,164,1141,5.9573170731707314
1168,201,1369,5.810945273631841
1378,153,1531,9.006535947712418
1262,771,2033,1.6368352788586251
3278,601,3879,5.454242928452579
5187,790,5977,6.565822784810127
7360,693,8053,10.62049062049062
539,378,917,1.4259259259259258
937,131,1068,7.152671755725191
1077,33,1110,32.63636363636363
228,916,1144,0.2489082969432314
68,14,82,4.857142857142857
86,40,126,2.15
129,17,146,7.588235294117647
155,35,190,4.428571428571429
194,19,213,10.210526315789474
234,29,263,8.068965517241379
269,46,315,5.8478260869565215
319,26,345,12.26923076923077
368,26,394,14.153846153846152
408,30,438,13.6
453,81,534,5.592592592592593
544,449,993,1.2115812917594655
125,330,455,0.3787878787878788
462,274,736,1.686131386861314
128,239,367,0.5355648535564853
40,692,732,0.0578034682080924
766,853,1619,0.8980070339976554
1645,756,2401,2.175925925925926
367,36,403,10.194444444444445
57,59,116,0.9661016949152542
123,24,147,5.125
170,315,485,0.5396825396825397
507,380,887,1.3342105263157895
938,612,1550,1.5326797385620916
1556,23,1579,67.65217391304348
1640,441,2081,3.718820861678005
2126,550,2676,3.865454545454545
32,302,334,0.1059602649006622
348,366,714,0.9508196721311476
758,326,1084,2.3251533742331287
1089,304,1393,3.5822368421052637
1398,245,1643,5.706122448979592
24,639,663,0.0375586854460093
687,416,1103,1.6514423076923077
1150,750,1900,1.5333333333333334
1921,263,2184,7.304182509505703
2206,703,2909,3.1379800853485063
788,26,814,30.307692307692307
3184,265,3449,12.015094339622642
3485,186,3671,18.736559139784948
3695,641,4336,5.764430577223089
4364,779,5143,5.602053915275995
5170,791,5961,6.536030341340076
5992,22,6014,272.3636363636364
56,573,629,0.0977312390924956
639,314,953,2.035031847133758
1003,915,1918,1.0961748633879782
1971,906,2877,2.1754966887417218
59,540,599,0.1092592592592592
611,422,1033,1.447867298578199
24,438,462,0.0547945205479452
438,928,1366,0.4719827586206896
1375,168,1543,8.18452380952381
1554,516,2070,3.011627906976744
155,590,745,0.2627118644067797
81,559,640,0.1449016100178891
1087,896,1983,1.2131696428571428
1988,385,2373,5.163636363636364
32,781,813,0.0409731113956466
2898,140,3038,20.7
3051,341,3392,8.947214076246334
3402,935,4337,3.638502673796792
4343,946,5289,4.590909090909091
6401,599,7000,10.686143572621036
7034,639,7673,11.007824726134585
49,521,570,0.0940499040307101
576,671,1247,0.8584202682563339
1266,434,1700,2.91705069124424
1719,577,2296,2.979202772963605
2354,236,2590,9.97457627118644
167,450,617,0.3711111111111111
794,695,1489,1.1424460431654675
1571,684,2255,2.296783625730994
2298,495,2793,4.642424242424243
2849,288,3137,9.89236111111111
57,30,87,1.9
97,30,127,3.2333333333333334
141,22,163,6.409090909090909
172,34,206,5.0588235294117645
226,23,249,9.826086956521738
252,32,284,7.875
286,44,330,6.5
336,46,382,7.304347826086956
408,70,478,5.828571428571428
12,579,591,0.0207253886010362
607,553,1160,1.0976491862567812
1220,868,2088,1.4055299539170507
2172,644,2816,3.372670807453416
2872,590,3462,4.867796610169491
34,73,107,0.4657534246575342
111,73,184,1.5205479452054795
190,47,237,4.042553191489362
242,72,314,3.361111111111111
30,885,915,0.0338983050847457
949,991,1940,0.9576185671039354
1943,248,2191,7.834677419354839
160,672,832,0.238095238095238
4345,953,5298,4.559286463798531
5384,513,5897,10.49512670565302
366,357,723,1.0252100840336134
728,279,1007,2.609318996415771
3938,477,4415,8.255765199161425
4417,508,4925,8.69488188976378
4993,582,5575,8.579037800687285
5601,392,5993,14.28826530612245
6016,484,6500,12.429752066115702
6527,691,7218,9.44573082489146
2389,22,2411,108.5909090909091
5544,724,6268,7.657458563535911
6410,934,7344,6.862955032119914
7392,714,8106,10.352941176470589
53,65,118,0.8153846153846154
165,429,594,0.3846153846153846
636,431,1067,1.4756380510440836
36,200,236,0.18
162,437,599,0.3707093821510298
145,600,745,0.2416666666666666
837,686,1523,1.220116618075802
1539,612,2151,2.514705882352941
54,229,283,0.2358078602620087
294,184,478,1.5978260869565215
489,244,733,2.0040983606557377
741,288,1029,2.5729166666666665
1037,298,1335,3.4798657718120807
1343,353,1696,3.8045325779036823
1704,319,2023,5.341692789968652
2031,340,2371,5.973529411764706
2379,343,2722,6.9358600583090375
2730,354,3084,7.711864406779661
3092,399,3491,7.74937343358396
3499,422,3921,8.291469194312796
294,427,721,0.6885245901639344
724,659,1383,1.0986342943854324
1040,634,1674,1.640378548895899
862,126,988,6.841269841269841
1878,138,2016,13.608695652173912
2703,364,3067,7.425824175824176
4112,350,4462,11.748571428571427
42,228,270,0.1842105263157894
301,167,468,1.8023952095808384
39,606,645,0.0643564356435643
668,879,1547,0.7599544937428896
150,685,835,0.218978102189781
859,728,1587,1.179945054945055
1652,604,2256,2.7350993377483444
2280,639,2919,3.568075117370892
161,303,464,0.5313531353135313
472,336,808,1.4047619047619049
816,304,1120,2.6842105263157894
492,34,526,14.470588235294118
941,949,1890,0.9915700737618546
1914,175,2089,10.937142857142858
17,1006,1023,0.0168986083499005
1038,743,1781,1.3970390309555856
1794,927,2721,1.935275080906149
3757,383,4140,9.809399477806789
4172,159,4331,26.238993710691823
4348,489,4837,8.89161554192229
4844,143,4987,33.87412587412587
4997,482,5479,10.367219917012449
5499,453,5952,12.13907284768212
5964,394,6358,15.137055837563452
6368,245,6613,25.99183673469388
11,679,690,0.01620029455081
29,612,641,0.0473856209150326
663,525,1188,1.262857142857143
1211,783,1994,1.5466155810983395
2027,349,2376,5.808022922636103
2401,353,2754,6.801699716713881
2779,501,3280,5.54690618762475
3329,282,3611,11.804964539007091
3628,293,3921,12.382252559726965
3944,167,4111,23.61676646706587
4154,281,4435,14.782918149466193
4502,387,4889,11.633074935400517
4924,795,5719,6.1937106918239
5744,781,6525,7.354673495518566
6563,989,7552,6.635995955510617
25,1003,1028,0.0249252243270189
1036,737,1773,1.4056987788331072
1793,843,2636,2.1269276393831555
38,724,762,0.0524861878453038
38,297,335,0.1279461279461279
271,208,479,1.3028846153846154
509,257,766,1.980544747081712
837,250,1087,3.348
1135,247,1382,4.5951417004048585
1409,254,1663,5.547244094488189
1770,305,2075,5.80327868852459
2182,276,2458,7.905797101449275
2472,201,2673,12.298507462686567
2725,323,3048,8.436532507739939
3071,228,3299,13.469298245614034
3332,239,3571,13.94142259414226
13,286,299,0.0454545454545454
321,331,652,0.9697885196374624
667,373,1040,1.7882037533512063
17,122,139,0.1393442622950819
143,320,463,0.446875
473,691,1164,0.6845151953690304
1184,644,1828,1.8385093167701865
1860,606,2466,3.0693069306930694
80,333,413,0.2402402402402402
462,655,1117,0.7053435114503817
1148,473,1621,2.427061310782241
46,912,958,0.050438596491228
983,717,1700,1.3709902370990237
2386,948,3334,2.516877637130801
3358,944,4302,3.5572033898305087
4316,622,4938,6.938906752411576
4964,294,5258,16.8843537414966
5289,941,6230,5.620616365568544
6282,195,6477,32.215384615384615
6492,912,7404,7.118421052631579
51,158,209,0.3227848101265823
843,733,1576,1.150068212824011
58,964,1022,0.0601659751037344
1024,180,1204,5.688888888888889
31,243,274,0.1275720164609053
287,267,554,1.0749063670411985
583,244,827,2.389344262295082
841,358,1199,2.3491620111731844
653,594,1247,1.0993265993265993
1275,597,1872,2.135678391959799
9,150,159,0.06
172,106,278,1.6226415094339623
292,86,378,3.395348837209302
400,142,542,2.816901408450704
559,176,735,3.176136363636364
24,111,135,0.2162162162162162
1898,640,2538,2.965625
2554,214,2768,11.934579439252335
2780,186,2966,14.946236559139784
2973,202,3175,14.717821782178218
3188,368,3556,8.66304347826087
4840,58,4898,83.44827586206897
6273,385,6658,16.293506493506495
3708,28,3736,132.42857142857142
7607,103,7710,73.85436893203884
353,292,645,1.2089041095890412
653,325,978,2.0092307692307694
23,428,451,0.0537383177570093
464,534,998,0.8689138576779026
1037,527,1564,1.967741935483871
1597,649,2246,2.460708782742681
2280,744,3024,3.064516129032258
68,622,690,0.1093247588424437
725,689,1414,1.0522496371552976
1461,687,2148,2.126637554585153
2166,947,3113,2.287222808870116
3158,913,4071,3.4589266155531218
4120,494,4614,8.34008097165992
4632,687,5319,6.74235807860262
5384,986,6370,5.460446247464503
6433,813,7246,7.912669126691266
7262,278,7540,26.12230215827338
7549,454,8003,16.62775330396476
490,847,1337,0.5785123966942148
70,61,131,1.147540983606557
143,597,740,0.2395309882747068
744,348,1092,2.1379310344827585
1121,417,1538,2.6882494004796165
1598,152,1750,10.513157894736842
1781,351,2132,5.074074074074074
2171,409,2580,5.308068459657702
329,419,748,0.7852028639618138
967,283,1250,3.4169611307420493
1256,97,1353,12.948453608247425
54,803,857,0.0672478206724782
864,704,1568,1.2272727272727273
404,801,1205,0.5043695380774033
1207,801,2008,1.5068664169787764
2010,88,2098,22.84090909090909
25,306,331,0.0816993464052287
12,571,583,0.021015761821366
595,847,1442,0.7024793388429752
207,11,218,18.818181818181817
272,134,406,2.029850746268657
487,193,680,2.523316062176166
716,164,880,4.365853658536586
906,189,1095,4.7936507936507935
173,443,616,0.3905191873589165
646,456,1102,1.4166666666666667
1113,222,1335,5.013513513513513
1355,246,1601,5.508130081300813
13,617,630,0.0210696920583468
18,92,110,0.1956521739130435
136,89,225,1.5280898876404494
241,332,573,0.7259036144578314
580,360,940,1.6111111111111112
974,301,1275,3.2358803986710964
1312,481,1793,2.727650727650728
2508,438,2946,5.726027397260274
3232,372,3604,8.688172043010752
3668,546,4214,6.717948717948718
4354,464,4818,9.383620689655173
4985,393,5378,12.684478371501273
5430,377,5807,14.403183023872678
6361,400,6761,15.9025
6870,301,7171,22.82392026578073
7231,166,7397,43.56024096385542
7456,284,7740,26.253521126760564
42,737,779,0.0569877883310719
788,798,1586,0.987468671679198
1609,485,2094,3.3175257731958765
2111,368,2479,5.736413043478261
2490,213,2703,11.690140845070422
2716,74,2790,36.7027027027027
13,508,521,0.0255905511811023
1535,1001,2536,1.5334665334665334
2561,596,3157,4.296979865771812
3235,789,4024,4.100126742712294
4104,746,4850,5.501340482573727
451,270,721,1.6703703703703705
743,81,824,9.17283950617284
854,26,880,32.84615384615385
911,348,1259,2.617816091954023
1277,136,1413,9.389705882352942
1428,290,1718,4.924137931034482
11,706,717,0.0155807365439093
90,691,781,0.130246020260492
120,843,963,0.1423487544483986
631,549,1180,1.1493624772313298
1213,589,1802,2.059422750424448
1824,653,2477,2.7932618683001533
394,803,1197,0.4906600249066002
1393,510,1903,2.731372549019608
10,829,839,0.0120627261761158
876,676,1552,1.2958579881656804
1560,980,2540,1.5918367346938775
2632,343,2975,7.673469387755102
3011,541,3552,5.565619223659889
3569,982,4551,3.634419551934827
4560,614,5174,7.426710097719869
5205,959,6164,5.427528675703858
6189,831,7020,7.447653429602888
7040,809,7849,8.702101359703338
42,139,181,0.302158273381295
189,177,366,1.0677966101694916
376,191,567,1.968586387434555
15,311,326,0.0482315112540192
356,404,760,0.8811881188118812
767,471,1238,1.6284501061571126
1259,345,1604,3.649275362318841
1618,523,2141,3.0936902485659656
2166,296,2462,7.317567567567567
2493,480,2973,5.19375
2997,199,3196,15.06030150753769
3221,228,3449,14.12719298245614
3481,336,3817,10.360119047619047
3996,539,4535,7.413729128014842
476,67,543,7.104477611940299
642,154,796,4.1688311688311686
1234,590,1824,2.0915254237288137
222,334,556,0.6646706586826348
9,57,66,0.1578947368421052
71,137,208,0.5182481751824818
1248,1008,2256,1.238095238095238
2259,220,2479,10.268181818181818
2483,131,2614,18.95419847328244
2630,503,3133,5.228628230616303
3179,201,3380,15.81592039800995
3399,57,3456,59.63157894736842
3506,851,4357,4.119858989424207
4410,249,4659,17.710843373493976
4679,687,5366,6.810771470160116
16,700,716,0.0228571428571428
729,337,1066,2.163204747774481
1077,593,1670,1.8161888701517703
1685,817,2502,2.0624235006119958
2513,335,2848,7.501492537313433
2874,718,3592,4.002785515320334
22,434,456,0.0506912442396313
458,482,940,0.950207468879668
38,492,530,0.0772357723577235
597,304,901,1.9638157894736843
988,468,1456,2.111111111111111
40,208,248,0.1923076923076923
278,222,500,1.2522522522522523
513,134,647,3.828358208955224
655,90,745,7.277777777777778
752,320,1072,2.35
1081,339,1420,3.1887905604719764
1434,725,2159,1.9779310344827583
2168,464,2632,4.672413793103448
2732,116,2848,23.55172413793104
2851,319,3170,8.93730407523511
3327,178,3505,18.691011235955056
3719,276,3995,13.47463768115942
4047,265,4312,15.271698113207549
4340,212,4552,20.471698113207548
5789,474,6263,12.213080168776372
6313,301,6614,20.973421926910294
6627,462,7089,14.344155844155845
7110,640,7750,11.109375
7767,234,8001,33.19230769230769
592,102,694,5.803921568627451
739,4,743,184.75
807,741,1548,1.0890688259109311
1561,613,2174,2.546492659053833
2263,894,3157,2.5313199105145414
3238,795,4033,4.072955974842768
4046,888,4934,4.556306306306307
4953,917,5870,5.401308615049073
5873,447,6320,13.138702460850112
6358,907,7265,7.009922822491731
2090,209,2299,10.0
2358,447,2805,5.275167785234899
2897,600,3497,4.828333333333333
3557,645,4202,5.514728682170543
36,865,901,0.0416184971098265
931,529,1460,1.7599243856332702
1500,576,2076,2.6041666666666665
2111,526,2637,4.013307984790875
2673,615,3288,4.3463414634146345
3317,521,3838,6.366602687140115
3892,525,4417,7.413333333333333
4437,355,4792,12.498591549295774
15,393,408,0.0381679389312977
592,26,618,22.76923076923077
657,4,661,164.25
2224,353,2577,6.30028328611898
2588,86,2674,30.093023255813957
5313,837,6150,6.347670250896058
163,954,1117,0.1708595387840671
1153,1007,2160,1.1449851042701091
2202,997,3199,2.208625877632899
4312,892,5204,4.834080717488789
5239,939,6178,5.579339723109691
6215,836,7051,7.434210526315789
7083,792,7875,8.943181818181818
62,601,663,0.103161397670549
732,764,1496,0.9581151832460733
1511,68,1579,22.22058823529412
1619,523,2142,3.095602294455067
2210,650,2860,3.4
2938,676,3614,4.346153846153846
3650,536,4186,6.809701492537314
4197,418,4615,10.04066985645933
4618,367,4985,12.583106267029972
5000,95,5095,52.63157894736842
5135,390,5525,13.166666666666666
5528,58,5586,95.3103448275862
5591,168,5759,33.279761904761905
510,540,1050,0.9444444444444444
153,360,513,0.425
41,602,643,0.0681063122923588
684,444,1128,1.5405405405405406
1169,360,1529,3.2472222222222222
1543,425,1968,3.630588235294117
2076,365,2441,5.6876712328767125
33,352,385,0.09375
397,393,790,1.010178117048346
820,424,1244,1.9339622641509435
1267,713,1980,1.776998597475456
1990,477,2467,4.171907756813417
2483,349,2832,7.114613180515759
2850,266,3116,10.714285714285714
3131,954,4085,3.2819706498951784
4105,503,4608,8.1610337972167
4625,701,5326,6.59771754636234
5344,663,6007,8.060331825037707
6028,596,6624,10.114093959731544
6633,394,7027,16.83502538071066
7053,661,7714,10.670196671709531
42,915,957,0.0459016393442622
960,504,1464,1.9047619047619049
95,538,633,0.1765799256505576
728,537,1265,1.355679702048417
1362,590,1952,2.3084745762711862
1989,919,2908,2.16430903155604
2947,810,3757,3.638271604938272
162,290,452,0.5586206896551724
459,387,846,1.186046511627907
957,876,1833,1.0924657534246576
1854,875,2729,2.1188571428571428
2749,874,3623,3.145308924485126
3694,834,4528,4.429256594724221
4570,266,4836,17.18045112781955
4918,309,5227,15.915857605177994
5279,526,5805,10.036121673003802
23,12,35,1.9166666666666667
69,650,719,0.1061538461538461
827,495,1322,1.6707070707070708
1330,475,1805,2.8
1813,571,2384,3.175131348511384
2392,503,2895,4.755467196819086
207,752,959,0.2752659574468085
1068,892,1960,1.1973094170403586
26,19,45,1.368421052631579
97,310,407,0.3129032258064516
454,367,821,1.237057220708447
868,441,1309,1.968253968253968
1338,409,1747,3.271393643031785
902,876,1778,1.0296803652968036
1781,850,2631,2.0952941176470588
2662,860,3522,3.0953488372093023
3535,843,4378,4.193357058125741
4389,270,4659,16.255555555555556
4708,831,5539,5.66546329723225
5550,815,6365,6.809815950920245
6456,571,7027,11.30647985989492
130,894,1024,0.145413870246085
1036,422,1458,2.454976303317536
1467,767,2234,1.91264667535854
2246,660,2906,3.403030303030303
2917,641,3558,4.550702028081124
111,680,791,0.163235294117647
811,289,1100,2.8062283737024223
328,844,1172,0.3886255924170616
1175,588,1763,1.998299319727891
457,754,1211,0.6061007957559682
1225,361,1586,3.3933518005540164
1599,551,2150,2.901996370235935
2176,344,2520,6.325581395348837
2545,568,3113,4.480633802816901
3129,747,3876,4.188755020080321
2316,892,3208,2.596412556053812
3230,100,3330,32.3
3363,443,3806,7.591422121896162
3814,534,4348,7.142322097378277
4372,546,4918,8.007326007326007
4938,697,5635,7.084648493543759
6632,12,6644,552.6666666666666
7592,363,7955,20.914600550964188
471,722,1193,0.6523545706371191
1213,923,2136,1.314192849404117
52,765,817,0.0679738562091503
1110,333,1443,3.333333333333333
1506,621,2127,2.42512077294686
2153,712,2865,3.023876404494382
2904,655,3559,4.433587786259542
3594,665,4259,5.404511278195489
4289,920,5209,4.66195652173913
5229,152,5381,34.401315789473685
6059,826,6885,7.335351089588378
288,241,529,1.1950207468879668
569,216,785,2.634259259259259
43,74,117,0.581081081081081
555,533,1088,1.0412757973733584
1623,405,2028,4.007407407407407
2143,401,2544,5.344139650872818
2590,44,2634,58.86363636363637
2752,419,3171,6.568019093078759
3253,387,3640,8.405684754521964
97,27,124,3.592592592592593
131,129,260,1.0155038759689925
292,153,445,1.908496732026144
451,140,591,3.2214285714285715
595,128,723,4.6484375
732,135,867,5.422222222222223
877,119,996,7.369747899159663
1028,131,1159,7.847328244274809
1165,134,1299,8.694029850746269
1323,154,1477,8.590909090909092
1487,139,1626,10.697841726618703
85,59,144,1.4406779661016949
954,748,1702,1.2754010695187166
38,605,643,0.0628099173553719
47,388,435,0.1211340206185567
443,388,831,1.1417525773195876
77,813,890,0.094710947109471
901,254,1155,3.547244094488189
94,835,929,0.1125748502994012
19,345,364,0.0550724637681159
376,112,488,3.357142857142857
506,309,815,1.6375404530744335
838,269,1107,3.1152416356877324
1113,233,1346,4.776824034334764
1389,522,1911,2.660919540229885
1923,646,2569,2.976780185758514
360,565,925,0.6371681415929203
11,383,394,0.0287206266318537
409,156,565,2.621794871794872
300,534,834,0.5617977528089888
842,515,1357,1.6349514563106795
1367,583,1950,2.3447684391080617
27,864,891,0.03125
58,376,434,0.1542553191489361
144,811,955,0.1775585696670776
1039,611,1650,1.7004909983633387
68,725,793,0.0937931034482758
812,775,1587,1.047741935483871
34,618,652,0.0550161812297734
654,448,1102,1.4598214285714286
1137,679,1816,1.674521354933726
1824,391,2215,4.664961636828645
2217,539,2756,4.11317254174397
2758,376,3134,7.335106382978723
3146,478,3624,6.581589958158996
3626,216,3842,16.787037037037038
3844,466,4310,8.24892703862661
4337,388,4725,11.177835051546392
4733,271,5004,17.464944649446494
5006,425,5431,11.778823529411763
5448,296,5744,18.405405405405407
5772,357,6129,16.168067226890756
6140,488,6628,12.581967213114757
6646,540,7186,12.307407407407409
7196,475,7671,15.149473684210529
7682,84,7766,91.45238095238096
23,315,338,0.073015873015873
34,60,94,0.5666666666666667
1092,629,1721,1.7360890302066774
1741,148,1889,11.763513513513514
135,939,1074,0.1437699680511182
1088,618,1706,1.7605177993527508
1719,119,1838,14.445378151260504
1848,118,1966,15.66101694915254
1985,957,2942,2.074190177638453
2949,139,3088,21.215827338129497
3101,741,3842,4.184885290148448
3970,953,4923,4.16579223504722
5321,994,6315,5.353118712273642
6403,994,7397,6.441649899396379
59,646,705,0.0913312693498452
762,456,1218,1.6710526315789471
1280,552,1832,2.318840579710145
1910,466,2376,4.098712446351931
2400,396,2796,6.0606060606060606
2847,473,3320,6.019027484143764
3420,1005,4425,3.4029850746268657
4432,222,4654,19.963963963963963
4718,566,5284,8.335689045936396
5347,795,6142,6.725786163522012
236,630,866,0.3746031746031746
891,691,1582,1.2894356005788712
1601,783,2384,2.044699872286079
2413,533,2946,4.527204502814259
26,516,542,0.0503875968992248
555,318,873,1.7452830188679245
897,658,1555,1.3632218844984805
1565,544,2109,2.8768382352941178
2132,517,2649,4.123791102514507
9,610,619,0.0147540983606557
639,607,1246,1.0527182866556837
1257,429,1686,2.93006993006993
3997,533,4530,7.49906191369606
7439,480,7919,15.497916666666669
383,767,1150,0.499348109517601
1349,866,2215,1.5577367205542725
2303,659,2962,3.494688922610015
14,598,612,0.0234113712374581
649,456,1105,1.4232456140350878
1119,237,1356,4.7215189873417724
1375,155,1530,8.870967741935484
1546,99,1645,15.616161616161616
1668,38,1706,43.89473684210526
7,216,223,0.0324074074074074
286,532,818,0.5375939849624061
859,519,1378,1.655105973025048
1405,545,1950,2.5779816513761467
1980,648,2628,3.055555555555556
2666,927,3593,2.8759439050701188
3615,890,4505,4.061797752808989
37,518,555,0.0714285714285714
566,216,782,2.6203703703703702
799,489,1288,1.6339468302658486
442,82,524,5.390243902439025
532,47,579,11.319148936170214
1032,558,1590,1.8494623655913975
1618,640,2258,2.528125
162,332,494,0.4879518072289157
508,45,553,11.28888888888889
73,637,710,0.1145996860282574
724,984,1708,0.7357723577235772
1719,255,1974,6.741176470588235
78,858,936,0.0909090909090909
981,574,1555,1.7090592334494774
1564,1003,2567,1.5593220338983051
3018,1008,4026,2.994047619047619
4048,412,4460,9.8252427184466
31,529,560,0.0586011342155009
1563,743,2306,2.1036339165545086
2337,387,2724,6.038759689922481
99,840,939,0.1178571428571428
942,305,1247,3.088524590163934
186,775,961,0.24
983,808,1791,1.2165841584158417
1811,965,2776,1.8766839378238345
2809,376,3185,7.470744680851064
1505,1023,2528,1.4711632453567938
2530,67,2597,37.76119402985075
3064,717,3781,4.273361227336123
57,27,84,2.111111111111111
1713,396,2109,4.325757575757576
3339,379,3718,8.810026385224274
5461,401,5862,13.618453865336658
842,280,1122,3.007142857142857
142,89,231,1.595505617977528
316,510,826,0.6196078431372549
880,389,1269,2.2622107969151672
1561,471,2032,3.314225053078556
13,414,427,0.0314009661835748
454,548,1002,0.8284671532846716
1014,555,1569,1.827027027027027
1585,409,1994,3.8753056234718826
1455,65,1520,22.384615384615383
1555,49,1604,31.73469387755102
2776,190,2966,14.610526315789471
3075,179,3254,17.178770949720672
682,3,685,227.33333333333331
1843,3,1846,614.3333333333334
120,415,535,0.2891566265060241
1193,529,1722,2.2551984877126654
5251,263,5514,19.96577946768061
5529,657,6186,8.415525114155251
6194,801,6995,7.732833957553058
7003,503,7506,13.922465208747514
7515,590,8105,12.73728813559322
186,394,580,0.4720812182741117
118,241,359,0.4896265560165975
375,188,563,1.9946808510638296
277,8,285,34.625
309,294,603,1.0510204081632653
508,721,1229,0.7045769764216366
1289,329,1618,3.917933130699088
1635,186,1821,8.790322580645162
1840,501,2341,3.672654690618762
124,882,1006,0.1405895691609977
1029,678,1707,1.5176991150442478
11,855,866,0.0128654970760233
888,475,1363,1.8694736842105264
136,834,970,0.1630695443645084
979,986,1965,0.9929006085192698
3118,850,3968,3.6682352941176473
3986,974,4960,4.092402464065708
5005,45,5050,111.22222222222224
2216,304,2520,7.2894736842105265
2537,357,2894,7.106442577030812
2903,430,3333,6.751162790697674
3343,364,3707,9.184065934065934
32,48,80,0.6666666666666666
101,353,454,0.2861189801699716
458,357,815,1.2829131652661063
821,385,1206,2.1324675324675324
1208,374,1582,3.229946524064171
29,963,992,0.0301142263759086
104,762,866,0.1364829396325459
19,638,657,0.0297805642633228
674,421,1095,1.6009501187648456
1121,69,1190,16.246376811594203
45,937,982,0.048025613660619
988,427,1415,2.3138173302107727
1428,458,1886,3.1179039301310043
1895,508,2403,3.730314960629921
298,933,1231,0.3193997856377277
1237,624,1861,1.982371794871795
69,304,373,0.2269736842105263
425,235,660,1.8085106382978724
43,326,369,0.1319018404907975
389,186,575,2.091397849462365
592,48,640,12.333333333333334
655,39,694,16.794871794871796
712,50,762,14.24
769,34,803,22.61764705882353
811,38,849,21.34210526315789
853,37,890,23.054054054054053
898,64,962,14.03125
975,279,1254,3.4946236559139785
1269,25,1294,50.76
1349,261,1610,5.168582375478927
1626,285,1911,5.705263157894737
1929,441,2370,4.374149659863946
2380,427,2807,5.573770491803279
2821,489,3310,5.768916155419223
10,143,153,0.0699300699300699
164,452,616,0.3628318584070796
624,429,1053,1.4545454545454546
1067,196,1263,5.4438775510204085
181,385,566,0.4701298701298701
938,464,1402,2.021551724137931
96,986,1082,0.0973630831643002
1096,806,1902,1.3598014888337469
1923,280,2203,6.867857142857143
2233,855,3088,2.6116959064327485
3104,563,3667,5.513321492007105
3682,801,4483,4.596754057428215
4509,901,5410,5.004439511653718
5439,365,5804,14.9013698630137
5821,183,6004,31.808743169398905
6011,555,6566,10.830630630630631
6576,575,7151,11.436521739130434
7167,269,7436,26.643122676579925
7457,302,7759,24.69205298013245
85,682,767,0.1246334310850439
787,751,1538,1.047936085219707
1552,487,2039,3.186858316221766
60,81,141,0.7407407407407407
545,585,1130,0.9316239316239316
38,718,756,0.0529247910863509
767,87,854,8.816091954022989
862,154,1016,5.597402597402597
1033,233,1266,4.4334763948497855
1283,440,1723,2.915909090909091
1744,138,1882,12.63768115942029
1898,105,2003,18.07619047619048
2022,109,2131,18.55045871559633
2146,468,2614,4.585470085470085
98,711,809,0.1378340365682137
81,920,1001,0.0880434782608695
1008,438,1446,2.3013698630136985
1513,667,2180,2.2683658170914542
2308,904,3212,2.5530973451327434
3421,934,4355,3.6627408993576016
4362,938,5300,4.650319829424307
5307,513,5820,10.34502923976608
5907,875,6782,6.750857142857143
6789,465,7254,14.6
7313,722,8035,10.128808864265928
229,270,499,0.8481481481481481
665,380,1045,1.75
10,22,32,0.4545454545454545
49,78,127,0.6282051282051282
21,8,29,2.625
38,11,49,3.4545454545454546
78,843,921,0.092526690391459
957,400,1357,2.3925
1386,867,2253,1.5986159169550174
2263,701,2964,3.2282453637660486
2974,857,3831,3.47024504084014
3843,990,4833,3.881818181818182
4849,311,5160,15.591639871382636
6235,346,6581,18.020231213872837
6626,224,6850,29.580357142857142
6,25,31,0.24
109,103,212,1.058252427184466
259,90,349,2.8777777777777778
397,394,791,1.0076142131979695
799,437,1236,1.82837528604119
1244,301,1545,4.132890365448505
1553,300,1853,5.176666666666667
1861,324,2185,5.743827160493828
2193,240,2433,9.1375
30,647,677,0.0463678516228748
680,395,1075,1.7215189873417722
2493,870,3363,2.8655172413793104
320,964,1284,0.3319502074688796
1291,983,2274,1.313326551373347
2306,974,3280,2.3675564681724848
129,10,139,12.9
203,7,210,29.0
354,8,362,44.25
383,19,402,20.157894736842103
413,10,423,41.3
434,9,443,48.22222222222222
522,14,536,37.285714285714285
541,29,570,18.655172413793103
575,13,588,44.23076923076923
593,25,618,23.72
622,19,641,32.73684210526316
711,14,725,50.785714285714285
745,31,776,24.032258064516128
788,14,802,56.285714285714285
816,18,834,45.333333333333336
905,18,923,50.27777777777778
959,15,974,63.93333333333333
1136,29,1165,39.172413793103445
1219,16,1235,76.1875
1239,45,1284,27.53333333333333
1305,20,1325,65.25
1333,48,1381,27.77083333333333
1391,43,1434,32.348837209302324
2035,55,2090,37.0
2106,7,2113,300.85714285714283
2175,11,2186,197.72727272727272
2275,37,2312,61.48648648648648
2324,64,2388,36.3125
2399,2,2401,1199.5
15,717,732,0.0209205020920502
721,924,1645,0.7803030303030303
1663,625,2288,2.6608
2313,732,3045,3.1598360655737703
3063,455,3518,6.731868131868132
4683,858,5541,5.458041958041958
77,925,1002,0.0832432432432432
1064,1024,2088,1.0390625
2117,416,2533,5.088942307692308
44,4,48,11.0
480,349,829,1.3753581661891117
30,514,544,0.0583657587548638
2470,526,2996,4.695817490494297
3088,925,4013,3.3383783783783785
24,526,550,0.0456273764258555
398,781,1179,0.5096030729833547
1229,720,1949,1.7069444444444444
946,794,1740,1.1914357682619647
73,623,696,0.117174959871589
698,596,1294,1.1711409395973154
1296,702,1998,1.8461538461538465
34,321,355,0.1059190031152648
364,386,750,0.9430051813471504
771,452,1223,1.7057522123893805
1230,209,1439,5.885167464114833
1452,371,1823,3.913746630727762
1849,397,2246,4.657430730478589
26,461,487,0.0563991323210412
505,386,891,1.3082901554404145
902,231,1133,3.9047619047619047
9,45,54,0.2
187,598,785,0.3127090301003344
972,511,1483,1.9021526418786687
1650,581,2231,2.8399311531841653
2261,558,2819,4.051971326164875
2850,327,3177,8.715596330275229
3202,466,3668,6.871244635193133
75,779,854,0.0962772785622593
2070,842,2912,2.4584323040380047
2920,93,3013,31.397849462365592
4285,533,4818,8.039399624765478
4887,672,5559,7.272321428571429
5620,605,6225,9.289256198347108
6276,618,6894,10.155339805825244
6960,13,6973,535.3846153846154
7052,1005,8057,7.016915422885572
219,645,864,0.3395348837209302
130,554,684,0.2346570397111913
709,103,812,6.883495145631068
959,600,1559,1.5983333333333334
1670,476,2146,3.508403361344538
2175,213,2388,10.211267605633802
43,158,201,0.2721518987341772
476,456,932,1.043859649122807
15,393,408,0.0381679389312977
420,354,774,1.1864406779661016
802,875,1677,0.9165714285714286
889,481,1370,1.8482328482328485
92,457,549,0.2013129102844639
642,576,1218,1.1145833333333333
14,189,203,0.074074074074074
210,157,367,1.3375796178343948
375,165,540,2.272727272727273
558,37,595,15.08108108108108
653,42,695,15.547619047619047
700,40,740,17.5
756,83,839,9.10843373493976
851,23,874,37.0
884,60,944,14.733333333333333
19,957,976,0.0198537095088819
241,3,244,80.33333333333333
258,3,261,86.0
269,3,272,89.66666666666667
280,2,282,140.0
290,3,293,96.66666666666669
302,5,307,60.4
316,4,320,79.0
484,4,488,121.0
496,2,498,248.0
508,4,512,127.0
565,2,567,282.5
577,3,580,192.33333333333331
589,4,593,147.25
602,3,605,200.66666666666663
614,3,617,204.66666666666663
626,5,631,125.2
640,4,644,160.0
74,41,115,1.804878048780488
553,3,556,184.33333333333331
1327,3,1330,442.3333333333333
1837,3,1840,612.3333333333334
1866,48,1914,38.875
2849,619,3468,4.602584814216479
5318,509,5827,10.447937131630647
5844,25,5869,233.76
5971,314,6285,19.015923566878985
6313,327,6640,19.30581039755352
6652,354,7006,18.7909604519774
7019,320,7339,21.934375
25,508,533,0.0492125984251968
18,456,474,0.0394736842105263
20,359,379,0.0557103064066852
20,348,368,0.057471264367816
380,541,921,0.7024029574861368
940,698,1638,1.346704871060172
1653,360,2013,4.591666666666667
2022,689,2711,2.934687953555878
2305,427,2732,5.398126463700234
2905,672,3577,4.322916666666667
114,623,737,0.1829855537720706
14,191,205,0.0732984293193717
217,155,372,1.4
664,654,1318,1.0152905198776758
1385,461,1846,3.004338394793926
1858,474,2332,3.919831223628692
2360,535,2895,4.411214953271028
59,451,510,0.130820399113082
531,484,1015,1.0971074380165289
1080,712,1792,1.5168539325842696
1803,347,2150,5.195965417867435
2158,405,2563,5.328395061728395
2573,486,3059,5.294238683127572
3069,646,3715,4.75077399380805
3763,456,4219,8.25219298245614
4240,313,4553,13.54632587859425
14,321,335,0.043613707165109
358,640,998,0.559375
1048,579,1627,1.810017271157168
1677,464,2141,3.6142241379310343
4064,55,4119,73.89090909090909
4129,617,4746,6.692058346839546
4886,503,5389,9.713717693836978
5522,440,5962,12.55
6013,168,6181,35.791666666666664
6204,110,6314,56.4
6326,530,6856,11.935849056603772
6885,342,7227,20.13157894736842
7378,327,7705,22.56269113149847
7715,291,8006,26.512027491408936
279,462,741,0.6038961038961039
57,964,1021,0.0591286307053941
1045,571,1616,1.8301225919439577
1625,557,2182,2.9174147217235187
2207,1017,3224,2.170108161258604
3230,427,3657,7.56440281030445
3724,554,4278,6.722021660649819
4287,885,5172,4.84406779661017
5190,629,5819,8.251192368839428
5837,98,5935,59.56122448979592
5966,265,6231,22.513207547169813
6370,572,6942,11.136363636363637
6948,61,7009,113.90163934426228
7047,503,7550,14.009940357852882
7560,473,8033,15.9830866807611
220,249,469,0.8835341365461847
729,595,1324,1.2252100840336135
1587,195,1782,8.138461538461538
16,76,92,0.2105263157894736
109,74,183,1.472972972972973
234,3,237,78.0
67,151,218,0.4437086092715231
453,258,711,1.755813953488372
714,42,756,17.0
764,89,853,8.584269662921349
890,215,1105,4.1395348837209305
1204,206,1410,5.844660194174757
1441,236,1677,6.1059322033898304
1700,465,2165,3.655913978494624
2200,321,2521,6.853582554517134
2535,136,2671,18.639705882352946
2682,65,2747,41.261538461538464
2759,481,3240,5.735966735966736
3279,499,3778,6.571142284569138
3833,684,4517,5.603801169590644
118,574,692,0.205574912891986
9,421,430,0.0213776722090261
478,399,877,1.1979949874686715
908,554,1462,1.6389891696750902
1498,635,2133,2.3590551181102364
2170,562,2732,3.861209964412812
2859,602,3461,4.749169435215947
3515,551,4066,6.379310344827586
4085,630,4715,6.484126984126984
85,66,151,1.2878787878787878
176,627,803,0.2807017543859649
881,409,1290,2.154034229828851
1354,331,1685,4.090634441087613
1755,166,1921,10.572289156626503
1999,619,2618,3.22940226171244
2672,288,2960,9.27777777777778
3018,400,3418,7.545
3492,365,3857,9.567123287671231
3937,465,4402,8.466666666666667
53,113,166,0.4690265486725664
196,266,462,0.7368421052631579
124,562,686,0.2206405693950178
188,494,682,0.3805668016194332
827,662,1489,1.2492447129909363
1546,223,1769,6.932735426008969
2036,561,2597,3.629233511586453
15,433,448,0.0346420323325635
475,455,930,1.043956043956044
203,576,779,0.3524305555555556
807,542,1349,1.488929889298893
12,511,523,0.0234833659491193
549,759,1308,0.7233201581027668
1329,213,1542,6.23943661971831
1555,391,1946,3.976982097186701
1979,333,2312,5.942942942942943
2329,665,2994,3.5022556390977444
3021,386,3407,7.8264248704663215
3438,427,3865,8.05152224824356
3935,891,4826,4.41638608305275
4850,564,5414,8.599290780141844
5434,393,5827,13.826972010178118
86,750,836,0.1146666666666666
856,714,1570,1.1988795518207285
1603,708,2311,2.2641242937853105
12,188,200,0.0638297872340425
221,154,375,1.4350649350649352
394,269,663,1.4646840148698883
676,250,926,2.704
981,207,1188,4.739130434782608
69,387,456,0.1782945736434108
468,734,1202,0.6376021798365122
1219,678,1897,1.797935103244838
1930,660,2590,2.9242424242424243
2727,685,3412,3.9810218978102183
3442,601,4043,5.72712146422629
4059,63,4122,64.42857142857143
4128,258,4386,16.0
4409,145,4554,30.406896551724135
4584,10,4594,458.4
813,271,1084,3.0
1149,980,2129,1.1724489795918367
2155,742,2897,2.904312668463612
2989,920,3909,3.248913043478261
3970,862,4832,4.605568445475639
2314,808,3122,2.863861386138614
3124,904,4028,3.4557522123893807
4030,960,4990,4.197916666666667
4992,717,5709,6.96234309623431
18,434,452,0.0414746543778801
482,591,1073,0.8155668358714044
1119,777,1896,1.4401544401544402
1924,777,2701,2.4761904761904763
2736,1011,3747,2.706231454005935
74,520,594,0.1423076923076923
626,472,1098,1.326271186440678
1174,897,2071,1.3088071348940915
2315,867,3182,2.6701268742791235
3236,899,4135,3.599555061179088
4270,616,4886,6.931818181818182
5185,572,5757,9.064685314685317
5873,566,6439,10.376325088339222
6628,654,7282,10.134556574923549
7347,149,7496,49.30872483221477
1033,273,1306,3.783882783882784
1415,395,1810,3.5822784810126582
109,378,487,0.2883597883597883
490,383,873,1.279373368146214
876,388,1264,2.2577319587628866
1267,382,1649,3.316753926701571
1652,375,2027,4.405333333333333
2030,384,2414,5.286458333333333
2417,375,2792,6.445333333333333
2795,376,3171,7.433510638297872
3174,362,3536,8.767955801104973
3539,378,3917,9.362433862433862
3920,368,4288,10.652173913043478
4291,379,4670,11.321899736147758
4673,378,5051,12.362433862433862
5054,321,5375,15.744548286604362
5378,296,5674,18.16891891891892
68,882,950,0.0770975056689342
1720,784,2504,2.193877551020408
2577,569,3146,4.528998242530756
3221,637,3858,5.056514913657771
3931,602,4533,6.529900332225914
4613,683,5296,6.75402635431918
5374,822,6196,6.537712895377129
390,611,1001,0.6382978723404256
1009,661,1670,1.5264750378214826
48,714,762,0.0672268907563025
820,910,1730,0.9010989010989012
1883,525,2408,3.5866666666666664
2481,546,3027,4.543956043956044
3106,774,3880,4.012919896640827
204,587,791,0.3475298126064736
1302,425,1727,3.063529411764706
1767,493,2260,3.584178498985801
2377,462,2839,5.145021645021645
2910,434,3344,6.705069124423964
3379,455,3834,7.426373626373627
4187,435,4622,9.62528735632184
4664,576,5240,8.097222222222221
5261,271,5532,19.41328413284133
5615,411,6026,13.661800486618004
6045,278,6323,21.744604316546763
6385,154,6539,41.46103896103896
6563,116,6679,56.57758620689656
6733,190,6923,35.43684210526316
7546,117,7663,64.4957264957265
48,44,92,1.0909090909090908
1851,363,2214,5.099173553719008
2224,404,2628,5.5049504950495045
2635,511,3146,5.156555772994129
227,162,389,1.4012345679012346
402,392,794,1.0255102040816326
839,466,1305,1.8004291845493563
1330,251,1581,5.298804780876494
74,934,1008,0.0792291220556745
1014,901,1915,1.125416204217536
1921,249,2170,7.714859437751004
33,469,502,0.0703624733475479
537,587,1124,0.9148211243611584
1235,709,1944,1.7418899858956276
2003,734,2737,2.7288828337874658
2782,698,3480,3.98567335243553
3502,498,4000,7.032128514056225
4021,636,4657,6.322327044025157
4685,687,5372,6.819505094614265
5825,511,6336,11.399217221135029
6816,943,7759,7.2279957582184515
7767,157,7924,49.47133757961783
154,736,890,0.2092391304347826
18,569,587,0.031634446397188
606,558,1164,1.086021505376344
1177,211,1388,5.578199052132701
1400,350,1750,4.0
1761,235,1996,7.493617021276596
2005,206,2211,9.733009708737864
2228,159,2387,14.0125786163522
2399,403,2802,5.952853598014888
2925,446,3371,6.558295964125561
3385,292,3677,11.592465753424657
3731,444,4175,8.403153153153154
4195,444,4639,9.4481981981982
4657,328,4985,14.198170731707316
5016,411,5427,12.204379562043796
5436,287,5723,18.94076655052265
5742,215,5957,26.706976744186047
5972,243,6215,24.5761316872428
6237,359,6596,17.37325905292479
41,389,430,0.1053984575835475
434,471,905,0.921443736730361
910,435,1345,2.0919540229885056
1351,89,1440,15.179775280898877
1467,368,1835,3.9864130434782608
1843,416,2259,4.430288461538462
2277,382,2659,5.960732984293194
1262,771,2033,1.6368352788586251
3278,601,3879,5.454242928452579
5187,790,5977,6.565822784810127
7360,693,8053,10.62049062049062
29,504,533,0.0575396825396825
3153,60,3213,52.55
3233,90,3323,35.922222222222224
3334,63,3397,52.92063492063492
3445,178,3623,19.353932584269664
3652,255,3907,14.32156862745098
3933,374,4307,10.516042780748664
1636,941,2577,1.738575982996812
2580,271,2851,9.52029520295203
2870,904,3774,3.174778761061947
3776,216,3992,17.48148148148148
4007,251,4258,15.96414342629482
341,188,529,1.8138297872340423
6,17,23,0.3529411764705882
253,327,580,0.7737003058103975
603,282,885,2.1382978723404253
920,311,1231,2.9581993569131835
1249,326,1575,3.831288343558282
1582,333,1915,4.750750750750751
2137,322,2459,6.636645962732919
2466,261,2727,9.448275862068966
2880,335,3215,8.597014925373134
3221,357,3578,9.022408963585434
3585,302,3887,11.870860927152318
3952,304,4256,13.0
4322,329,4651,13.13677811550152
4685,257,4942,18.2295719844358
4988,311,5299,16.038585209003216
5342,356,5698,15.00561797752809
5706,324,6030,17.61111111111111
6038,196,6234,30.806122448979597
6336,345,6681,18.36521739130435
6689,188,6877,35.57978723404256
233,822,1055,0.2834549878345498
1073,503,1576,2.1332007952286283
1595,430,2025,3.7093023255813953
2041,642,2683,3.1791277258566977
3742,571,4313,6.553415061295972
4374,172,4546,25.430232558139537
620,473,1093,1.3107822410147991
1096,387,1483,2.83204134366925
1502,278,1780,5.402877697841727
1783,372,2155,4.793010752688172
2158,400,2558,5.395
602,451,1053,1.334811529933481
8,212,220,0.0377358490566037
60,552,612,0.108695652173913
619,364,983,1.7005494505494505
1001,702,1703,1.4259259259259258
1741,555,2296,3.136936936936937
2324,642,2966,3.61993769470405
2973,358,3331,8.304469273743017
3345,809,4154,4.134734239802225
4165,440,4605,9.465909090909092
4645,451,5096,10.299334811529931
5110,527,5637,9.696394686907022
5647,523,6170,10.797323135755258
6187,511,6698,12.107632093933464
6710,489,7199,13.721881390593047
7218,567,7785,12.73015873015873
223,816,1039,0.2732843137254901
1393,462,1855,3.015151515151515
1873,544,2417,3.443014705882353
3183,622,3805,5.117363344051447
4211,362,4573,11.632596685082872
5086,484,5570,10.508264462809915
367,502,869,0.7310756972111554
903,1007,1910,0.8967229394240318
2098,200,2298,10.49
2306,491,2797,4.696537678207739
2804,314,3118,8.929936305732484
65,287,352,0.2264808362369338
376,211,587,1.7819905213270142
598,329,927,1.817629179331307
16,188,204,0.0851063829787234
210,58,268,3.6206896551724137
22,339,361,0.0648967551622418
428,380,808,1.1263157894736842
821,276,1097,2.9746376811594204
1119,480,1599,2.33125
1627,455,2082,3.575824175824176
2092,325,2417,6.436923076923077
2437,456,2893,5.344298245614035
20,76,96,0.2631578947368421
163,124,287,1.314516129032258
357,94,451,3.797872340425532
540,111,651,4.864864864864865
657,145,802,4.531034482758621
821,86,907,9.546511627906977
938,193,1131,4.860103626943006
1150,101,1251,11.386138613861386
54,730,784,0.073972602739726
242,896,1138,0.2700892857142857
1141,147,1288,7.761904761904762
1323,919,2242,1.439608269858542
73,637,710,0.1145996860282574
724,984,1708,0.7357723577235772
6,42,48,0.1428571428571428
83,820,903,0.1012195121951219
2513,208,2721,12.08173076923077
2763,126,2889,21.928571428571427
2924,161,3085,18.16149068322981
3174,191,3365,16.61780104712042
3419,465,3884,7.352688172043011
3948,202,4150,19.544554455445542
4192,562,4754,7.459074733096085
4831,168,4999,28.75595238095238
5059,707,5766,7.155586987270156
5781,381,6162,15.173228346456693
70,614,684,0.1140065146579804
16,408,424,0.0392156862745098
970,490,1460,1.9795918367346936
1474,671,2145,2.19672131147541
4795,560,5355,8.5625
6264,856,7120,7.317757009345795
7156,691,7847,10.356005788712013
7853,136,7989,57.74264705882353
420,71,491,5.915492957746479
1199,418,1617,2.8684210526315788
1653,536,2189,3.083955223880597
2206,469,2675,4.70362473347548
2692,478,3170,5.631799163179917
3187,487,3674,6.544147843942505
3691,489,4180,7.548057259713701
4197,548,4745,7.658759124087592
4762,558,5320,8.53405017921147
5337,671,6008,7.9538002980625935
6025,453,6478,13.300220750551876
6514,585,7099,11.135042735042736
7144,550,7694,12.989090909090908
139,929,1068,0.1496232508073197
1156,614,1770,1.8827361563517917
1910,619,2529,3.08562197092084
2571,212,2783,12.12735849056604
13,131,144,0.099236641221374
150,291,441,0.5154639175257731
31,356,387,0.0870786516853932
404,342,746,1.1812865497076024
760,189,949,4.021164021164021
958,175,1133,5.474285714285714
1143,337,1480,3.391691394658754
1499,340,1839,4.408823529411765
40,777,817,0.0514800514800514
849,888,1737,0.956081081081081
1759,544,2303,3.233455882352941
42,353,395,0.1189801699716713
80,914,994,0.087527352297593
1011,943,1954,1.0721102863202543
218,963,1181,0.2263759086188992
1244,645,1889,1.928682170542636
1920,826,2746,2.324455205811138
2823,355,3178,7.952112676056338
3208,423,3631,7.583924349881797
3763,397,4160,9.478589420654911
4183,545,4728,7.675229357798165
4812,566,5378,8.501766784452297
5479,537,6016,10.202979515828678
44,450,494,0.0977777777777777
157,22,179,7.136363636363637
193,33,226,5.848484848484849
231,679,910,0.3402061855670103
14,355,369,0.0394366197183098
377,404,781,0.9331683168316832
845,340,1185,2.485294117647059
1196,413,1609,2.895883777239709
1648,403,2051,4.089330024813896
2135,424,2559,5.035377358490566
2732,565,3297,4.835398230088496
43,404,447,0.1064356435643564
470,598,1068,0.7859531772575251
948,549,1497,1.726775956284153
1501,147,1648,10.210884353741497
204,274,478,0.7445255474452555
299,859,1158,0.3480791618160652
1160,309,1469,3.7540453074433655
1515,467,1982,3.244111349036402
2010,281,2291,7.153024911032029
2306,739,3045,3.12043301759134
3067,30,3097,102.23333333333332
3166,245,3411,12.922448979591836
3473,684,4157,5.07748538011696
4174,621,4795,6.721417069243156
16,437,453,0.0366132723112128
27,802,829,0.0336658354114713
1509,755,2264,1.9986754966887417
74,904,978,0.081858407079646
504,812,1316,0.6206896551724138
1370,324,1694,4.228395061728395
1717,398,2115,4.314070351758794
2125,453,2578,4.690949227373069
2592,333,2925,7.783783783783784
2935,13,2948,225.7692307692308
2959,579,3538,5.110535405872193
3550,372,3922,9.543010752688172
3933,206,4139,19.09223300970874
4146,282,4428,14.702127659574469
4440,973,5413,4.563206577595067
6166,675,6841,9.134814814814815
83,558,641,0.1487455197132616
694,853,1547,0.813599062133646
1571,789,2360,1.991128010139417
2391,838,3229,2.853221957040573
3263,522,3785,6.25095785440613
4064,575,4639,7.067826086956522
4650,738,5388,6.300813008130081
5400,749,6149,7.209612817089453
189,933,1122,0.202572347266881
1124,510,1634,2.203921568627451
1636,608,2244,2.6907894736842106
2246,606,2852,3.706270627062706
2854,682,3536,4.18475073313783
3538,708,4246,4.997175141242938
4248,635,4883,6.689763779527559
4885,555,5440,8.801801801801801
5467,400,5867,13.6675
5878,411,6289,14.30170316301703
23,213,236,0.107981220657277
251,527,778,0.476280834914611
25,178,203,0.1404494382022472
25,547,572,0.0457038391224862
593,251,844,2.362549800796813
9,77,86,0.1168831168831168
93,64,157,1.453125
169,93,262,1.8172043010752688
278,439,717,0.6332574031890661
739,570,1309,1.2964912280701757
201,455,656,0.4417582417582417
702,329,1031,2.1337386018237083
1068,435,1503,2.4551724137931035
1538,216,1754,7.12037037037037
532,951,1483,0.5594111461619348
1495,269,1764,5.557620817843866
1818,471,2289,3.859872611464968
2302,642,2944,3.585669781931464
3083,508,3591,6.068897637795276
3725,503,4228,7.405566600397615
4391,525,4916,8.363809523809524
5037,455,5492,11.07032967032967
5539,311,5850,17.810289389067524
5885,308,6193,19.107142857142858
6314,506,6820,12.478260869565217
6849,299,7148,22.906354515050168
7197,467,7664,15.411134903640257
811,588,1399,1.379251700680272
1445,720,2165,2.0069444444444446
2622,289,2911,9.07266435986159
3760,381,4141,9.868766404199476
4184,848,5032,4.933962264150943
5034,549,5583,9.169398907103826
5611,923,6534,6.079089924160347
6540,855,7395,7.649122807017544
7397,377,7774,19.620689655172413
18,470,488,0.0382978723404255
492,82,574,6.0
595,309,904,1.9255663430420715
833,928,1761,0.8976293103448276
1791,943,2734,1.899257688229056
2743,808,3551,3.39480198019802
3567,628,4195,5.679936305732484
4205,123,4328,34.1869918699187
4357,937,5294,4.649946638207044
5300,953,6253,5.561385099685205
6259,360,6619,17.386111111111113
6636,106,6742,62.60377358490566
7243,193,7436,37.52849740932643
22,333,355,0.066066066066066
436,544,980,0.8014705882352942
1002,593,1595,1.6897133220910625
1606,47,1653,34.170212765957444
19,332,351,0.0572289156626506
409,1017,1426,0.4021632251720747
1528,728,2256,2.098901098901099
2389,624,3013,3.828525641025641
3053,625,3678,4.8848
3719,769,4488,4.836150845253576
794,65,859,12.215384615384616
871,146,1017,5.965753424657534
327,660,987,0.4954545454545455
262,120,382,2.183333333333333
1192,107,1299,11.14018691588785
1305,181,1486,7.209944751381215
1492,615,2107,2.4260162601626014
2113,524,2637,4.032442748091603
2644,484,3128,5.462809917355372
3136,486,3622,6.4526748971193415
3628,779,4407,4.657252888318357
4413,555,4968,7.951351351351351
4974,774,5748,6.426356589147287
5754,734,6488,7.839237057220709
6494,287,6781,22.627177700348437
17,357,374,0.0476190476190476
262,123,385,2.130081300813008
943,356,1299,2.648876404494382
1305,362,1667,3.604972375690608
1673,915,2588,1.828415300546448
2594,723,3317,3.587828492392808
3323,994,4317,3.343058350100604
4323,869,5192,4.974683544303797
5198,985,6183,5.277157360406092
6189,756,6945,8.186507936507937
6951,1005,7956,6.916417910447761
81,1007,1088,0.0804369414101291
14,905,919,0.0154696132596685
928,912,1840,1.0175438596491229
3000,748,3748,4.010695187165775
3837,17,3854,225.7058823529412
3884,974,4858,3.9876796714579057
6058,506,6564,11.972332015810276
6572,824,7396,7.975728155339806
46,493,539,0.0933062880324543
547,972,1519,0.5627572016460906
1521,963,2484,1.5794392523364489
2487,644,3131,3.861801242236025
3133,394,3527,7.951776649746193
3532,950,4482,3.717894736842106
76,557,633,0.1364452423698384
644,11,655,58.54545454545455
668,13,681,51.38461538461539
41,687,728,0.0596797671033478
730,630,1360,1.1587301587301588
1362,572,1934,2.3811188811188813
1944,36,1980,54.0
1994,48,2042,41.54166666666666
2051,693,2744,2.95959595959596
2746,630,3376,4.358730158730158
3378,576,3954,5.864583333333333
3956,643,4599,6.152410575427683
112,714,826,0.1568627450980392
849,587,1436,1.4463373083475295
1516,343,1859,4.419825072886297
1883,725,2608,2.597241379310345
2679,777,3456,3.447876447876448
3487,829,4316,4.20627261761158
360,42,402,8.571428571428571
411,717,1128,0.5732217573221757
1139,195,1334,5.841025641025641
1339,317,1656,4.2239747634069404
1666,714,2380,2.333333333333333
2385,262,2647,9.103053435114504
2658,41,2699,64.82926829268293
2712,735,3447,3.6897959183673463
3477,343,3820,10.137026239067056
4159,20,4179,207.95
4184,129,4313,32.434108527131784
4317,756,5073,5.7103174603174605
5087,850,5937,5.984705882352941
5969,390,6359,15.305128205128206
6485,350,6835,18.52857142857143
6844,139,6983,49.23741007194245
6998,56,7054,124.96428571428572
7068,736,7804,9.603260869565217
116,397,513,0.2921914357682619
515,352,867,1.463068181818182
869,302,1171,2.877483443708609
1182,227,1409,5.20704845814978
1491,351,1842,4.247863247863248
1865,517,2382,3.607350096711799
3391,441,3832,7.689342403628117
3843,435,4278,8.83448275862069
4287,284,4571,15.095070422535212
4578,295,4873,15.51864406779661
47,338,385,0.1390532544378698
387,405,792,0.9555555555555556
795,354,1149,2.2457627118644066
376,799,1175,0.4705882352941176
1205,457,1662,2.636761487964989
1674,339,2013,4.938053097345133
2029,280,2309,7.246428571428571
2328,306,2634,7.607843137254902
2648,876,3524,3.0228310502283104
3539,476,4015,7.434873949579832
4041,525,4566,7.6971428571428575
25,763,788,0.0327653997378768
838,976,1814,0.8586065573770492
1954,627,2581,3.116427432216906
2668,817,3485,3.265605875152999
173,65,238,2.6615384615384614
318,74,392,4.297297297297297
437,88,525,4.965909090909091
2945,459,3404,6.416122004357298
3429,214,3643,16.023364485981308
3685,158,3843,23.32278481012658
3919,648,4567,6.047839506172839
4599,260,4859,17.68846153846154
4886,94,4980,51.97872340425532
5010,192,5202,26.09375
61,345,406,0.1768115942028985
205,197,402,1.0406091370558377
523,212,735,2.4669811320754715
878,106,984,8.283018867924529
1049,118,1167,8.889830508474576
1229,80,1309,15.3625
408,414,822,0.9855072463768116
831,344,1175,2.4156976744186047
3987,263,4250,15.159695817490494
4259,468,4727,9.100427350427353
6252,366,6618,17.081967213114755
6627,426,7053,15.556338028169014
7062,543,7605,13.005524861878452
27,22,49,1.2272727272727273
199,550,749,0.3618181818181818
795,35,830,22.714285714285715
1718,658,2376,2.610942249240121
3294,701,3995,4.699001426533523
4005,31,4036,129.19354838709677
4997,720,5717,6.940277777777778
5784,643,6427,8.995334370139968
6473,350,6823,18.494285714285716
6852,649,7501,10.557781201848998
7556,503,8059,15.02186878727634
23,1008,1031,0.0228174603174603
1033,521,1554,1.982725527831094
1703,699,2402,2.436337625178827
2422,638,3060,3.7962382445141065
3073,790,3863,3.889873417721519
3932,713,4645,5.514726507713885
4693,621,5314,7.557165861513687
5338,485,5823,11.00618556701031
5834,488,6322,11.954918032786884
6385,586,6971,10.895904436860068
7005,507,7512,13.816568047337276
7529,427,7956,17.63231850117096
410,873,1283,0.4696449026345933
1432,886,2318,1.6162528216704288
3547,408,3955,8.693627450980392
4067,414,4481,9.823671497584542
4540,134,4674,33.88059701492537
5862,834,6696,7.028776978417266
390,611,1001,0.6382978723404256
1009,661,1670,1.5264750378214826
1678,711,2389,2.360056258790436
25,786,811,0.0318066157760814
1636,837,2473,1.954599761051374
2481,793,3274,3.128625472887768
708,113,821,6.265486725663717
830,1013,1843,0.8193484698914116
1845,190,2035,9.710526315789474
674,1002,1676,0.6726546906187625
1678,433,2111,3.875288683602772
15,716,731,0.020949720670391
753,634,1387,1.1876971608832807
1408,858,2266,1.641025641025641
2277,846,3123,2.691489361702128
3227,891,4118,3.621773288439955
4234,832,5066,5.088942307692308
5148,834,5982,6.172661870503597
6003,816,6819,7.356617647058823
6847,658,7505,10.405775075987842
19,95,114,0.2
130,166,296,0.7831325301204819
18,324,342,0.0555555555555555
377,377,754,1.0
781,429,1210,1.8205128205128205
1248,249,1497,5.0120481927710845
1564,383,1947,4.0835509138381205
1971,439,2410,4.489749430523918
2448,553,3001,4.426763110307414
3032,103,3135,29.436893203883496
3163,527,3690,6.001897533206831
3719,787,4506,4.72554002541296
40,911,951,0.0439077936333699
1004,776,1780,1.2938144329896908
19,800,819,0.02375
866,710,1576,1.2197183098591549
1660,966,2626,1.718426501035197
2634,601,3235,4.3826955074875205
15,306,321,0.0490196078431372
129,147,276,0.8775510204081632
296,508,804,0.5826771653543307
110,496,606,0.2217741935483871
614,275,889,2.232727272727273
1879,714,2593,2.6316526610644257
414,81,495,5.111111111111111
519,123,642,4.219512195121951
667,328,995,2.033536585365854
7,377,384,0.0185676392572944
438,672,1110,0.6517857142857143
1136,654,1790,1.7370030581039757
1942,813,2755,2.3886838868388685
2875,657,3532,4.375951293759513
3614,781,4395,4.627400768245838
4504,762,5266,5.910761154855643
564,303,867,1.8613861386138613
5,540,545,0.0092592592592592
569,687,1256,0.8282387190684134
1349,861,2210,1.5667828106852495
2283,705,2988,3.238297872340425
3219,470,3689,6.848936170212766
3803,813,4616,4.677736777367774
4942,128,5070,38.609375
5130,108,5238,47.5
5351,177,5528,30.231638418079097
5770,434,6204,13.294930875576036
6369,240,6609,26.5375
6657,421,7078,15.812351543942992
7096,530,7626,13.38867924528302
26,326,352,0.0797546012269938
357,588,945,0.6071428571428571
954,74,1028,12.891891891891891
1072,73,1145,14.684931506849315
1154,521,1675,2.214971209213052
1697,894,2591,1.8982102908277405
2605,975,3580,2.671794871794872
3590,777,4367,4.620334620334621
4379,402,4781,10.893034825870648
68,748,816,0.0909090909090909
43,308,351,0.1396103896103896
64,577,641,0.1109185441941074
28,285,313,0.0982456140350877
343,432,775,0.7939814814814815
90,229,319,0.3930131004366812
344,218,562,1.5779816513761469
587,86,673,6.825581395348837
685,102,787,6.715686274509804
801,117,918,6.846153846153846
966,182,1148,5.307692307692308
1160,51,1211,22.745098039215687
1223,78,1301,15.67948717948718
1331,225,1556,5.915555555555556
1571,310,1881,5.067741935483871
1894,188,2082,10.074468085106384
1673,214,1887,7.817757009345795
2345,704,3049,3.330965909090909
3092,184,3276,16.804347826086957
4406,704,5110,6.258522727272728
5139,891,6030,5.767676767676767
6070,613,6683,9.902120717781402
7838,149,7987,52.604026845637584
296,152,448,1.947368421052632
97,980,1077,0.0989795918367346
1099,809,1908,1.3584672435105067
2020,906,2926,2.2295805739514347
2929,225,3154,13.017777777777775
3211,935,4146,3.434224598930481
4164,682,4846,6.105571847507331
4902,581,5483,8.437177280550774
5507,536,6043,10.274253731343284
67,718,785,0.0933147632311977
840,590,1430,1.423728813559322
1481,570,2051,2.598245614035088
1374,990,2364,1.387878787878788
2418,607,3025,3.9835255354200982
34,553,587,0.0614828209764918
60,823,883,0.0729040097205346
895,503,1398,1.779324055666004
1460,753,2213,1.9389110225763613
247,674,921,0.3664688427299703
930,590,1520,1.576271186440678
1531,441,1972,3.4716553287981857
2043,615,2658,3.321951219512195
2667,604,3271,4.4155629139072845
3376,577,3953,5.8509532062391685
3981,623,4604,6.390048154093098
4648,636,5284,7.30817610062893
5312,855,6167,6.212865497076024
6198,797,6995,7.776662484316185
7009,213,7222,32.906103286384976
7238,410,7648,17.653658536585365
7656,280,7936,27.34285714285714
1940,929,2869,2.0882669537136707
2872,573,3445,5.012216404886562
5367,966,6333,5.555900621118012
6336,682,7018,9.290322580645162
63,543,606,0.1160220994475138
616,301,917,2.046511627906977
933,491,1424,1.90020366598778
1453,594,2047,2.446127946127946
11,673,684,0.0163447251114413
36,988,1024,0.0364372469635627
1050,822,1872,1.2773722627737227
1881,783,2664,2.4022988505747125
243,577,820,0.4211438474870017
480,530,1010,0.9056603773584906
764,49,813,15.591836734693878
1109,570,1679,1.9456140350877196
110,697,807,0.157819225251076
837,66,903,12.681818181818182
922,570,1492,1.6175438596491227
1173,360,1533,3.2583333333333333
1553,394,1947,3.9416243654822334
1964,380,2344,5.168421052631579
2363,374,2737,6.318181818181818
2758,413,3171,6.677966101694915
134,56,190,2.392857142857143
1511,493,2004,3.064908722109533
4166,585,4751,7.121367521367521
7267,104,7371,69.875
7505,86,7591,87.26744186046511
32,505,537,0.0633663366336633
81,4,85,20.25
1237,626,1863,1.976038338658147
2450,761,3211,3.219448094612352
5590,109,5699,51.28440366972477
172,359,531,0.479108635097493
646,566,1212,1.1413427561837457
1229,183,1412,6.715846994535519
1660,537,2197,3.091247672253259
73,493,566,0.1480730223123732
344,500,844,0.688
32,814,846,0.0393120393120393
889,829,1718,1.0723763570566949
1733,757,2490,2.2892998678996035
2567,781,3348,3.2868117797695264
35,558,593,0.0627240143369175
611,628,1239,0.9729299363057324
1243,679,1922,1.830633284241532
44,541,585,0.0813308687615526
50,671,721,0.07451564828614
744,338,1082,2.201183431952663
1342,836,2178,1.605263157894737
2342,750,3092,3.1226666666666665
3125,703,3828,4.445234708392603
944,534,1478,1.7677902621722847
1483,10,1493,148.3
1500,211,1711,7.109004739336493
17,514,531,0.0330739299610894
539,167,706,3.2275449101796405
717,180,897,3.983333333333333
814,338,1152,2.408284023668639
49,784,833,0.0625
262,440,702,0.5954545454545455
724,520,1244,1.3923076923076922
1293,706,1999,1.8314447592067988
2040,619,2659,3.295638126009693
2721,682,3403,3.989736070381232
3454,599,4053,5.766277128547579
4109,560,4669,7.3375
4739,651,5390,7.279569892473118
47,434,481,0.108294930875576
495,410,905,1.2073170731707317
994,462,1456,2.1515151515151514
1484,575,2059,2.5808695652173914
2080,101,2181,20.594059405940595
2264,178,2442,12.719101123595506
2456,453,2909,5.421633554083885
2924,636,3560,4.59748427672956
3574,596,4170,5.996644295302014
5285,241,5526,21.929460580912863
6655,206,6861,32.30582524271845
6930,271,7201,25.571955719557195
7242,505,7747,14.34059405940594
219,858,1077,0.2552447552447552
89,607,696,0.1466227347611202
716,471,1187,1.5201698513800426
1195,503,1698,2.375745526838966
1714,467,2181,3.670235546038544
29,417,446,0.0695443645083932
458,581,1039,0.7882960413080895
1072,843,1915,1.2716488730723603
1962,505,2467,3.885148514851485
2496,256,2752,9.75
2457,165,2622,14.89090909090909
2689,724,3413,3.714088397790056
3438,169,3607,20.34319526627219
3639,207,3846,17.579710144927535
4148,333,4481,12.456456456456456
4528,487,5015,9.297741273100616
5109,404,5513,12.646039603960396
5568,482,6050,11.551867219917012
178,79,257,2.2531645569620253
336,159,495,2.1132075471698117
35,587,622,0.059625212947189
656,435,1091,1.5080459770114942
1225,716,1941,1.7108938547486034
2074,545,2619,3.8055045871559634
2866,526,3392,5.448669201520913
90,882,972,0.1020408163265306
1030,268,1298,3.843283582089552
1339,314,1653,4.264331210191083
1707,436,2143,3.915137614678899
2194,5,2199,438.8
51,100,151,0.51
152,123,275,1.2357723577235773
276,199,475,1.3869346733668342
476,175,651,2.72
652,220,872,2.963636363636364
873,261,1134,3.3448275862068964
1135,214,1349,5.303738317757009
1350,140,1490,9.642857142857142
1491,162,1653,9.203703703703704
1654,221,1875,7.484162895927602
1876,259,2135,7.243243243243243
2136,204,2340,10.470588235294118
2341,215,2556,10.888372093023255
2557,198,2755,12.914141414141412
2756,203,2959,13.576354679802956
2960,225,3185,13.155555555555557
3186,227,3413,14.0352422907489
3414,223,3637,15.309417040358744
3638,166,3804,21.91566265060241
3805,112,3917,33.973214285714285
3918,121,4039,32.3801652892562
4040,171,4211,23.625730994152047
4212,132,4344,31.90909090909091
4345,116,4461,37.456896551724135
4462,164,4626,27.20731707317073
4627,125,4752,37.016
4753,171,4924,27.795321637426905
4925,201,5126,24.502487562189053
5127,207,5334,24.768115942028984
5335,118,5453,45.21186440677966
5454,135,5589,40.4
5590,191,5781,29.267015706806284
5782,164,5946,35.25609756097561
5947,171,6118,34.77777777777778
6119,202,6321,30.292079207920796
6322,196,6518,32.255102040816325
6519,135,6654,48.28888888888889
6655,136,6791,48.93382352941177
6792,125,6917,54.336
6918,135,7053,51.24444444444445
7054,181,7235,38.97237569060773
7236,193,7429,37.49222797927461
7430,197,7627,37.71573604060914
7628,182,7810,41.91208791208791
368,483,851,0.7619047619047619
863,563,1426,1.5328596802841918
1449,590,2039,2.4559322033898305
29,727,756,0.0398899587345254
158,608,766,0.2598684210526316
55,404,459,0.1361386138613861
469,371,840,1.2641509433962264
854,435,1289,1.9632183908045977
1301,414,1715,3.142512077294686
1732,289,2021,5.993079584775087
2032,361,2393,5.628808864265928
2412,235,2647,10.263829787234044
2665,478,3143,5.575313807531381
2446,263,2709,9.300380228136882
39,62,101,0.6290322580645161
227,399,626,0.568922305764411
784,389,1173,2.015424164524421
1191,236,1427,5.046610169491525
1587,417,2004,3.805755395683453
2035,401,2436,5.074812967581047
2467,268,2735,9.205223880597014
2793,260,3053,10.742307692307692
3080,161,3241,19.130434782608692
3253,204,3457,15.946078431372548
3467,238,3705,14.567226890756302
3737,127,3864,29.4251968503937
6,17,23,0.3529411764705882
253,327,580,0.7737003058103975
603,282,885,2.1382978723404253
920,311,1231,2.9581993569131835
1249,326,1575,3.831288343558282
1582,333,1915,4.750750750750751
2137,322,2459,6.636645962732919
2466,261,2727,9.448275862068966
2880,335,3215,8.597014925373134
3221,357,3578,9.022408963585434
3585,302,3887,11.870860927152318
3952,304,4256,13.0
4322,329,4651,13.13677811550152
4685,257,4942,18.2295719844358
4988,311,5299,16.038585209003216
46,729,775,0.0631001371742112
98,662,760,0.148036253776435
824,849,1673,0.9705535924617196
1681,825,2506,2.0375757575757576
2514,568,3082,4.426056338028169
3123,720,3843,4.3375
3898,841,4739,4.634958382877527
4747,818,5565,5.80317848410758
5573,372,5945,14.981182795698924
6049,781,6830,7.745198463508323
212,25,237,8.48
247,441,688,0.5600907029478458
690,685,1375,1.0072992700729928
1394,788,2182,1.769035532994924
2184,754,2938,2.896551724137931
2940,774,3714,3.798449612403101
3716,666,4382,5.57957957957958
4384,701,5085,6.253922967189729
5087,742,5829,6.855795148247979
5836,220,6056,26.527272727272727
6069,889,6958,6.826771653543307
23,297,320,0.0774410774410774
356,380,736,0.936842105263158
710,40,750,17.75
771,38,809,20.289473684210527
811,133,944,6.097744360902255
949,48,997,19.77083333333333
1002,62,1064,16.161290322580644
1069,89,1158,12.01123595505618
1176,173,1349,6.797687861271676
115,859,974,0.1338766006984866
44,442,486,0.0995475113122171
20,293,313,0.068259385665529
342,845,1187,0.4047337278106508
31,893,924,0.0347144456886898
2086,1008,3094,2.0694444444444446
3107,1004,4111,3.0946215139442232
69,835,904,0.0826347305389221
1006,908,1914,1.1079295154185025
1935,916,2851,2.1124454148471616
2890,882,3772,3.2766439909297054
120,1003,1123,0.1196410767696909
1128,115,1243,9.808695652173911
1266,250,1516,5.064
1531,307,1838,4.986970684039088
1840,30,1870,61.333333333333336
1945,654,2599,2.974006116207951
2610,406,3016,6.428571428571429
3028,563,3591,5.378330373001776
3613,617,4230,5.855753646677472
2530,752,3282,3.36436170212766
3327,570,3897,5.836842105263158
3911,554,4465,7.05956678700361
5529,215,5744,25.71627906976744
5761,397,6158,14.511335012594458
6196,457,6653,13.557986870897157
532,746,1278,0.7131367292225201
368,56,424,6.571428571428571
3702,491,4193,7.539714867617108
4208,531,4739,7.9246704331450095
4742,519,5261,9.136801541425818
5336,246,5582,21.691056910569102
5750,438,6188,13.127853881278538
159,440,599,0.3613636363636364
729,479,1208,1.5219206680584552
1299,306,1605,4.245098039215686
1735,460,2195,3.771739130434783
2383,522,2905,4.565134099616858
3051,509,3560,5.994106090373281
142,869,1011,0.1634062140391254
22,206,228,0.1067961165048543
304,259,563,1.1737451737451738
33,313,346,0.1054313099041533
401,320,721,1.253125
743,411,1154,1.8077858880778588
1197,130,1327,9.207692307692309
1347,183,1530,7.360655737704918
1549,127,1676,12.196850393700789
1708,330,2038,5.175757575757576
2103,395,2498,5.324050632911392
2570,384,2954,6.692708333333333
3036,407,3443,7.45945945945946
3446,300,3746,11.486666666666666
3872,227,4099,17.05726872246696
4233,405,4638,10.451851851851853
4641,150,4791,30.94
4860,300,5160,16.2
5320,392,5712,13.571428571428571
5715,362,6077,15.78729281767956
6113,294,6407,20.79251700680272
6472,383,6855,16.89817232375979
6883,477,7360,14.429769392033544
7377,436,7813,16.9197247706422
43,404,447,0.1064356435643564
470,598,1068,0.7859531772575251
68,421,489,0.1615201900237529
3458,519,3977,6.66281310211946
3983,328,4311,12.143292682926829
4318,281,4599,15.366548042704624
4612,393,5005,11.735368956743002
5031,218,5249,23.077981651376145
18,204,222,0.088235294117647
242,201,443,1.2039800995024876
15,463,478,0.0323974082073434
119,642,761,0.1853582554517134
111,680,791,0.163235294117647
811,289,1100,2.8062283737024223
1114,267,1381,4.1722846441947565
1414,169,1583,8.366863905325443
1592,393,1985,4.0508905852417305
2004,673,2677,2.9777117384843983
2733,921,3654,2.96742671009772
3656,284,3940,12.873239436619718
3983,499,4482,7.981963927855712
4531,267,4798,16.970037453183522
4822,944,5766,5.108050847457627
5768,230,5998,25.078260869565216
6009,350,6359,17.16857142857143
6400,896,7296,7.142857142857143
3166,507,3673,6.2445759368836296
3719,458,4177,8.120087336244541
135,746,881,0.1809651474530831
1354,893,2247,1.5162374020156777
2303,504,2807,4.569444444444445
2891,648,3539,4.46141975308642
204,226,430,0.9026548672566372
700,371,1071,1.8867924528301887
1799,490,2289,3.6714285714285713
2326,445,2771,5.226966292134832
3012,159,3171,18.943396226415093
3356,167,3523,20.09580838323353
3716,228,3944,16.29824561403509
3964,863,4827,4.593279258400927
4916,870,5786,5.650574712643678
5899,866,6765,6.811778290993072
6991,307,7298,22.77198697068404
48,893,941,0.0537513997760358
261,2,263,130.5
360,291,651,1.2371134020618555
847,2,849,423.5
1134,2,1136,567.0
1552,2,1554,776.0
1841,2,1843,920.5
2061,158,2219,13.044303797468354
2266,224,2490,10.116071428571429
2702,357,3059,7.568627450980392
64,636,700,0.10062893081761
1096,747,1843,1.4672021419009371
1846,751,2597,2.4580559254327565
2600,486,3086,5.349794238683128
903,872,1775,1.0355504587155964
1782,715,2497,2.4923076923076923
2547,119,2666,21.403361344537814
2675,129,2804,20.73643410852713
2823,144,2967,19.604166666666668
2987,143,3130,20.888111888111887
3154,141,3295,22.368794326241133
3313,105,3418,31.552380952380958
3559,264,3823,13.481060606060606
3848,229,4077,16.80349344978166
4239,315,4554,13.457142857142856
4571,168,4739,27.20833333333333
99,45,144,2.2
150,89,239,1.6853932584269662
334,436,770,0.7660550458715596
793,241,1034,3.2904564315352696
1077,446,1523,2.414798206278027
273,868,1141,0.314516129032258
1421,818,2239,1.7371638141809291
2249,64,2313,35.140625
3547,907,4454,3.910694597574421
4467,720,5187,6.204166666666667
5197,57,5254,91.17543859649123
5257,56,5313,93.875
5330,64,5394,83.28125
5432,30,5462,181.06666666666663
5550,89,5639,62.35955056179776
6052,823,6875,7.353584447144593
6881,530,7411,12.983018867924528
46,408,454,0.1127450980392156
468,284,752,1.647887323943662
821,284,1105,2.890845070422535
1199,347,1546,3.4553314121037464
1624,253,1877,6.4189723320158105
1964,186,2150,10.559139784946236
2198,478,2676,4.598326359832636
2693,280,2973,9.617857142857142
3033,201,3234,15.08955223880597
3260,337,3597,9.673590504451038
3667,242,3909,15.152892561983473
3934,349,4283,11.272206303724928
4364,279,4643,15.6415770609319
4799,264,5063,18.178030303030305
5112,135,5247,37.86666666666667
5299,269,5568,19.69888475836431
5581,290,5871,19.244827586206892
6166,316,6482,19.5126582278481
6513,284,6797,22.933098591549296
6838,317,7155,21.57097791798107
7185,356,7541,20.18258426966292
7559,102,7661,74.1078431372549
262,109,371,2.403669724770642
1259,310,1569,4.061290322580645
1575,729,2304,2.1604938271604937
2310,677,2987,3.412112259970458
2993,681,3674,4.395007342143906
3680,546,4226,6.73992673992674
4232,689,4921,6.142235123367199
4927,418,5345,11.787081339712918
262,114,376,2.298245614035088
930,147,1077,6.326530612244898
1083,318,1401,3.4056603773584904
1407,692,2099,2.0332369942196533
2105,726,2831,2.899449035812672
2846,683,3529,4.166910688140557
3535,616,4151,5.738636363636363
4157,879,5036,4.729237770193402
5042,652,5694,7.733128834355829
5700,956,6656,5.96234309623431
6662,194,6856,34.34020618556701
34,568,602,0.0598591549295774
629,960,1589,0.6552083333333333
1625,426,2051,3.814553990610329
28,488,516,0.0573770491803278
587,486,1073,1.2078189300411524
31,603,634,0.0514096185737976
642,488,1130,1.3155737704918034
1165,532,1697,2.1898496240601504
73,133,206,0.5488721804511278
383,240,623,1.5958333333333334
36,58,94,0.6206896551724138
45,714,759,0.0630252100840336
827,778,1605,1.062982005141388
187,387,574,0.483204134366925
582,437,1019,1.331807780320366
1060,383,1443,2.7676240208877285
1461,430,1891,3.3976744186046512
1965,412,2377,4.769417475728155
2410,324,2734,7.438271604938271
2783,398,3181,6.992462311557789
3191,421,3612,7.57957244655582
6,295,301,0.0203389830508474
57,32,89,1.78125
111,211,322,0.5260663507109005
359,206,565,1.7427184466019416
66,399,465,0.1654135338345864
479,513,992,0.9337231968810916
271,15,286,18.066666666666663
322,15,337,21.466666666666665
340,269,609,1.2639405204460967
677,15,692,45.13333333333333
695,444,1139,1.5653153153153154
1181,15,1196,78.73333333333333
1199,515,1714,2.328155339805825
22,497,519,0.0442655935613682
530,553,1083,0.9584086799276672
1176,577,1753,2.038128249566725
40,612,652,0.065359477124183
670,457,1127,1.4660831509846828
67,312,379,0.2147435897435897
382,25,407,15.28
423,329,752,1.2857142857142858
785,206,991,3.810679611650485
1012,194,1206,5.216494845360825
1248,200,1448,6.24
1456,308,1764,4.727272727272728
1780,283,2063,6.289752650176679
2066,283,2349,7.30035335689046
24,562,586,0.0427046263345195
600,478,1078,1.2552301255230125
1094,558,1652,1.960573476702509
25,44,69,0.5681818181818182
655,291,946,2.2508591065292096
24,937,961,0.0256136606189967
968,433,1401,2.235565819861432
65,754,819,0.0862068965517241
830,609,1439,1.3628899835796386
1498,889,2387,1.68503937007874
105,936,1041,0.1121794871794871
1043,361,1404,2.889196675900277
1457,967,2424,1.5067218200620476
2426,479,2905,5.064718162839249
57,138,195,0.4130434782608695
221,93,314,2.376344086021505
73,109,182,0.6697247706422018
228,795,1023,0.2867924528301886
1064,380,1444,2.8
1538,821,2359,1.8733252131546891
2401,634,3035,3.7870662460567823
3043,191,3234,15.93193717277487
3264,593,3857,5.504215851602024
3863,113,3976,34.1858407079646
12,623,635,0.0192616372391653
93,91,184,1.021978021978022
13,480,493,0.0270833333333333
26,421,447,0.0617577197149643
464,602,1066,0.770764119601329
47,545,592,0.0862385321100917
618,719,1337,0.8595271210013908
1349,771,2120,1.7496757457846952
200,284,484,0.704225352112676
622,318,940,1.955974842767296
959,341,1300,2.812316715542522
1397,303,1700,4.6105610561056105
1704,266,1970,6.406015037593985
2073,365,2438,5.67945205479452
2444,337,2781,7.252225519287834
2855,802,3657,3.5598503740648377
3706,127,3833,29.18110236220473
3854,104,3958,37.05769230769231
4059,99,4158,41.0
4487,528,5015,8.49810606060606
5815,431,6246,13.491879350348029
6293,299,6592,21.04682274247492
6648,293,6941,22.68941979522184
6971,691,7662,10.088277858176555
115,952,1067,0.1207983193277311
1891,849,2740,2.227326266195524
2796,947,3743,2.9524815205913413
3755,102,3857,36.81372549019608
3952,694,4646,5.694524495677234
4700,725,5425,6.482758620689655
5446,784,6230,6.946428571428571
6365,103,6468,61.79611650485437
6617,949,7566,6.972602739726027
66,112,178,0.5892857142857143
383,133,516,2.8796992481203008
783,145,928,5.4
1176,154,1330,7.636363636363637
1597,112,1709,14.258928571428571
1858,138,1996,13.46376811594203
152,638,790,0.238244514106583
847,913,1760,0.927710843373494
1762,781,2543,2.2560819462227912
47,18,65,2.611111111111111
69,109,178,0.6330275229357798
374,803,1177,0.4657534246575342
1323,928,2251,1.425646551724138
2310,952,3262,2.426470588235294
3275,106,3381,30.89622641509434
3394,61,3455,55.63934426229508
3469,159,3628,21.81761006289308
3679,173,3852,21.265895953757227
3867,186,4053,20.79032258064516
4064,879,4943,4.623435722411831
5096,978,6074,5.210633946830266
6076,362,6438,16.784530386740332
6448,235,6683,27.438297872340424
6836,562,7398,12.16370106761566
3458,519,3977,6.66281310211946
3983,328,4311,12.143292682926829
4318,281,4599,15.366548042704624
54,261,315,0.2068965517241379
343,110,453,3.118181818181818
176,623,799,0.2825040128410915
837,625,1462,1.3392
1564,731,2295,2.13953488372093
2370,853,3223,2.7784290738569752
47,393,440,0.1195928753180661
478,291,769,1.6426116838487972
805,159,964,5.062893081761007
980,149,1129,6.577181208053691
171,598,769,0.285953177257525
842,552,1394,1.5253623188405796
34,930,964,0.0365591397849462
974,850,1824,1.1458823529411766
11,481,492,0.0228690228690228
22,78,100,0.282051282051282
126,341,467,0.3695014662756598
793,772,1565,1.0272020725388602
1614,484,2098,3.334710743801653
2119,829,2948,2.5560916767189386
2967,424,3391,6.997641509433962
3413,409,3822,8.34474327628362
3863,479,4342,8.064718162839249
4359,616,4975,7.076298701298701
4994,524,5518,9.530534351145038
5537,316,5853,17.522151898734176
5920,497,6417,11.911468812877263
6511,615,7126,10.5869918699187
7196,12,7208,599.6666666666666
7279,664,7943,10.962349397590362
87,86,173,1.0116279069767442
332,354,686,0.9378531073446328
714,229,943,3.1179039301310043
1021,125,1146,8.168
1215,292,1507,4.160958904109589
1560,285,1845,5.473684210526316
2057,497,2554,4.138832997987928
2686,337,3023,7.970326409495549
3093,308,3401,10.042207792207792
464,250,714,1.856
756,375,1131,2.016
1147,115,1262,9.97391304347826
1301,322,1623,4.040372670807454
1665,510,2175,3.264705882352941
2213,556,2769,3.9802158273381294
2822,525,3347,5.375238095238095
3369,227,3596,14.841409691629956
3603,49,3652,73.53061224489795
3777,559,4336,6.756708407871199
4421,103,4524,42.922330097087375
4710,530,5240,8.88679245283019
5247,424,5671,12.375
5689,165,5854,34.47878787878788
6042,410,6452,14.736585365853658
6537,190,6727,34.40526315789474
30,917,947,0.0327153762268266
962,916,1878,1.0502183406113537
12,391,403,0.0306905370843989
496,296,792,1.6756756756756757
850,413,1263,2.0581113801452786
1316,380,1696,3.463157894736842
1729,435,2164,3.974712643678161
2193,412,2605,5.322815533980583
2621,391,3012,6.703324808184143
3029,421,3450,7.194774346793349
617,4,621,154.25
1211,529,1740,2.2892249527410207
1822,308,2130,5.915584415584416
2178,75,2253,29.04
2424,443,2867,5.471783295711061
467,27,494,17.296296296296298
1567,947,2514,1.654699049630412
2628,975,3603,2.6953846153846155
68,405,473,0.1679012345679012
545,321,866,1.6978193146417446
1898,640,2538,2.965625
21,486,507,0.0432098765432098
514,294,808,1.748299319727891
816,353,1169,2.311614730878187
1183,458,1641,2.5829694323144103
33,1016,1049,0.0324803149606299
1051,271,1322,3.878228782287823
55,571,626,0.0963222416812609
650,924,1574,0.7034632034632035
1612,791,2403,2.0379266750948166
2410,154,2564,15.64935064935065
2573,160,2733,16.08125
47,88,135,0.5340909090909091
148,38,186,3.8947368421052633
215,23,238,9.347826086956522
264,46,310,5.739130434782608
350,76,426,4.605263157894737
543,67,610,8.104477611940299
645,81,726,7.962962962962963
734,129,863,5.689922480620155
868,111,979,7.81981981981982
1013,133,1146,7.616541353383458
1176,140,1316,8.4
1338,273,1611,4.9010989010989015
1651,108,1759,15.287037037037036
1793,100,1893,17.93
1895,70,1965,27.071428571428573
1970,42,2012,46.90476190476191
2032,68,2100,29.88235294117647
2111,77,2188,27.415584415584416
2194,43,2237,51.02325581395349
2263,34,2297,66.55882352941177
2326,59,2385,39.42372881355932
2391,46,2437,51.97826086956522
2453,70,2523,35.042857142857144
2536,59,2595,42.983050847457626
2601,79,2680,32.9240506329114
2711,67,2778,40.46268656716418
2804,52,2856,53.92307692307692
2884,54,2938,53.407407407407405
2945,59,3004,49.91525423728814
3020,53,3073,56.9811320754717
3092,86,3178,35.95348837209303
3187,87,3274,36.63218390804597
3288,288,3576,11.416666666666666
199,1013,1212,0.1964461994076999
1214,708,1922,1.7146892655367232
1924,926,2850,2.077753779697624
2852,969,3821,2.9432404540763675
3823,675,4498,5.663703703703704
24,638,662,0.0376175548589341
2539,351,2890,7.233618233618234
2918,478,3396,6.104602510460251
3491,808,4299,4.320544554455446
4441,543,4984,8.178637200736649
5015,564,5579,8.891843971631205
5613,564,6177,9.952127659574469
6207,454,6661,13.67180616740088
6679,427,7106,15.641686182669789
7143,623,7766,11.465489566613162
745,929,1674,0.8019375672766416
1715,613,2328,2.797716150081566
2336,906,3242,2.578366445916114
3250,470,3720,6.914893617021277
3728,906,4634,4.114790286975717
4642,470,5112,9.87659574468085
5120,878,5998,5.831435079726652
6006,943,6949,6.369034994697773
6957,684,7641,10.171052631578949
25,47,72,0.5319148936170213
94,71,165,1.323943661971831
178,76,254,2.3421052631578947
267,92,359,2.902173913043478
10,593,603,0.0168634064080944
614,332,946,1.8493975903614457
36,897,933,0.040133779264214
936,380,1316,2.463157894736842
1356,847,2203,1.6009445100354192
37,85,122,0.4352941176470588
125,30,155,4.166666666666667
207,27,234,7.666666666666667
286,42,328,6.809523809523809
475,282,757,1.6843971631205674
894,505,1399,1.7702970297029703
1453,652,2105,2.228527607361963
2185,430,2615,5.0813953488372094
119,783,902,0.1519795657726692
910,526,1436,1.7300380228136882
1560,775,2335,2.0129032258064514
2343,727,3070,3.22283356258597
3200,839,4039,3.8140643623361146
4047,799,4846,5.065081351689612
4854,256,5110,18.9609375
5239,756,5995,6.92989417989418
6003,808,6811,7.429455445544554
6944,790,7734,8.78987341772152
80,617,697,0.1296596434359805
708,425,1133,1.6658823529411764
1162,461,1623,2.5206073752711498
1646,270,1916,6.0962962962962965
1947,316,2263,6.161392405063292
2286,249,2535,9.180722891566266
2553,456,3009,5.598684210526316
470,344,814,1.3662790697674418
58,441,499,0.1315192743764172
29,529,558,0.054820415879017
877,428,1305,2.049065420560748
1355,437,1792,3.100686498855836
1818,551,2369,3.2994555353902
2402,546,2948,4.3992673992674
3002,497,3499,6.040241448692153
3509,941,4450,3.729011689691817
4845,751,5596,6.451398135818908
5661,972,6633,5.824074074074074
6639,47,6686,141.25531914893617
6709,145,6854,46.26896551724138
473,411,884,1.150851581508516
916,605,1521,1.5140495867768595
1553,495,2048,3.1373737373737374
2076,462,2538,4.493506493506493
2631,563,3194,4.673179396092363
3260,456,3716,7.149122807017544
3745,483,4228,7.753623188405797
33,977,1010,0.0337768679631525
1013,394,1407,2.571065989847716
167,665,832,0.2511278195488722
846,651,1497,1.2995391705069124
1506,682,2188,2.2082111436950145
2268,666,2934,3.4054054054054053
2948,681,3629,4.328928046989721
3643,671,4314,5.429210134128167
88,840,928,0.1047619047619047
934,735,1669,1.270748299319728
58,655,713,0.0885496183206106
658,349,1007,1.8853868194842407
32,781,813,0.0409731113956466
145,723,868,0.2005532503457814
889,714,1603,1.2450980392156863
1618,621,2239,2.605475040257649
2250,629,2879,3.577106518282989
2890,488,3378,5.922131147540983
3387,462,3849,7.331168831168831
3858,492,4350,7.841463414634147
4368,310,4678,14.09032258064516
4688,593,5281,7.905564924114671
5290,507,5797,10.433925049309664
5821,427,6248,13.63231850117096
6279,443,6722,14.173814898419865
6747,96,6843,70.28125
1123,231,1354,4.861471861471862
732,617,1349,1.186385737439222
18,451,469,0.0399113082039911
479,709,1188,0.6755994358251057
1219,723,1942,1.686030428769018
13,15,28,0.8666666666666667
651,494,1145,1.3178137651821862
31,67,98,0.4626865671641791
107,99,206,1.0808080808080809
213,111,324,1.9189189189189189
70,426,496,0.1643192488262911
504,417,921,1.20863309352518
929,367,1296,2.5313351498637604
1302,34,1336,38.294117647058826
1367,353,1720,3.8725212464589234
1728,350,2078,4.937142857142857
84,3,87,28.0
748,3,751,249.33333333333331
1598,3,1601,532.6666666666666
2144,3,2147,714.6666666666666
2797,368,3165,7.600543478260869
3184,230,3414,13.843478260869563
3434,876,4310,3.9200913242009134
4320,776,5096,5.56701030927835
5128,67,5195,76.53731343283582
5313,798,6111,6.657894736842105
29,393,422,0.0737913486005089
105,403,508,0.260545905707196
554,372,926,1.489247311827957
939,281,1220,3.3416370106761564
1298,271,1569,4.789667896678967
1603,270,1873,5.937037037037037
1885,145,2030,13.0
2069,332,2401,6.231927710843373
2431,89,2520,27.314606741573037
73,108,181,0.6759259259259259
222,189,411,1.1746031746031746
29,69,98,0.4202898550724637
112,42,154,2.6666666666666665
163,106,269,1.5377358490566038
279,130,409,2.146153846153846
419,39,458,10.743589743589745
470,46,516,10.217391304347826
537,57,594,9.421052631578949
604,39,643,15.487179487179487
669,93,762,7.193548387096774
773,53,826,14.58490566037736
855,87,942,9.827586206896552
954,39,993,24.46153846153846
1038,52,1090,19.96153846153846
1105,77,1182,14.35064935064935
1210,58,1268,20.86206896551724
1285,69,1354,18.6231884057971
1378,89,1467,15.48314606741573
1516,102,1618,14.862745098039216
1659,538,2197,3.08364312267658
2225,104,2329,21.39423076923077
2337,62,2399,37.693548387096776
2428,165,2593,14.715151515151517
2615,127,2742,20.590551181102363
191,868,1059,0.2200460829493087
2980,392,3372,7.60204081632653
3374,451,3825,7.481152993348116
3827,232,4059,16.495689655172413
10,505,515,0.0198019801980198
628,709,1337,0.8857545839210155
1366,778,2144,1.755784061696658
51,819,870,0.0622710622710622
923,694,1617,1.329971181556196
17,405,422,0.0419753086419753
436,422,858,1.033175355450237
882,424,1306,2.080188679245283
1318,334,1652,3.946107784431138
1735,412,2147,4.211165048543689
2203,362,2565,6.085635359116022
2591,378,2969,6.854497354497354
2992,375,3367,7.978666666666666
3421,405,3826,8.446913580246914
3835,592,4427,6.47804054054054
4467,543,5010,8.226519337016574
5027,512,5539,9.818359375
5585,536,6121,10.419776119402986
6155,496,6651,12.409274193548388
6685,529,7214,12.637051039697544
7274,472,7746,15.41101694915254
46,408,454,0.1127450980392156
468,284,752,1.647887323943662
821,284,1105,2.890845070422535
1199,347,1546,3.4553314121037464
1624,253,1877,6.4189723320158105
1964,186,2150,10.559139784946236
2198,478,2676,4.598326359832636
2693,280,2973,9.617857142857142
3033,201,3234,15.08955223880597
3260,337,3597,9.673590504451038
3667,242,3909,15.152892561983473
3934,349,4283,11.272206303724928
4364,279,4643,15.6415770609319
4799,264,5063,18.178030303030305
5112,135,5247,37.86666666666667
5299,269,5568,19.69888475836431
5581,290,5871,19.244827586206892
6166,316,6482,19.5126582278481
6513,284,6797,22.933098591549296
6838,317,7155,21.57097791798107
7185,356,7541,20.18258426966292
7559,102,7661,74.1078431372549
523,221,744,2.3665158371040724
1443,56,1499,25.767857142857142
2228,3,2231,742.6666666666666
22,575,597,0.0382608695652173
108,137,245,0.7883211678832117
337,221,558,1.5248868778280542
614,104,718,5.903846153846154
724,101,825,7.1683168316831685
877,158,1035,5.550632911392405
1112,367,1479,3.0299727520435966
1505,257,1762,5.856031128404669
1794,65,1859,27.6
1886,124,2010,15.209677419354838
2120,397,2517,5.340050377833753
2557,165,2722,15.496969696969696
2746,138,2884,19.89855072463768
2901,58,2959,50.01724137931034
3010,137,3147,21.970802919708028
3176,60,3236,52.93333333333333
4028,28,4056,143.85714285714286
4065,159,4224,25.566037735849054
4255,76,4331,55.98684210526316
4353,81,4434,53.74074074074074
4452,693,5145,6.424242424242424
114,520,634,0.2192307692307692
639,534,1173,1.196629213483146
1178,534,1712,2.205992509363296
1717,517,2234,3.3210831721470018
2239,511,2750,4.38160469667319
2755,297,3052,9.276094276094277
3288,597,3885,5.507537688442211
3890,681,4571,5.7121879588839946
4576,602,5178,7.601328903654485
5248,619,5867,8.478190630048465
5872,652,6524,9.006134969325153
6529,315,6844,20.726984126984128
6885,354,7239,19.44915254237288
13,723,736,0.0179806362378976
757,771,1528,0.9818417639429312
1534,6,1540,255.66666666666663
1561,822,2383,1.899026763990268
2392,514,2906,4.653696498054475
2998,873,3871,3.4341351660939288
3886,536,4422,7.25
4446,728,5174,6.107142857142857
5195,497,5692,10.45271629778672
5747,571,6318,10.064798598949212
6330,381,6711,16.614173228346456
6722,352,7074,19.09659090909091
7094,337,7431,21.05044510385757
55,537,592,0.1024208566108007
2050,321,2371,6.386292834890965
2373,297,2670,7.98989898989899
2672,291,2963,9.18213058419244
2965,342,3307,8.669590643274853
3309,306,3615,10.81372549019608
3617,324,3941,11.16358024691358
3943,314,4257,12.55732484076433
4259,243,4502,17.526748971193417
4504,408,4912,11.03921568627451
4914,393,5307,12.50381679389313
31,927,958,0.0334412081984897
967,513,1480,1.884990253411306
18,445,463,0.0404494382022471
421,397,818,1.0604534005037782
829,326,1155,2.542944785276074
66,384,450,0.171875
452,365,817,1.2383561643835617
829,59,888,14.05084745762712
937,383,1320,2.446475195822454
1322,331,1653,3.993957703927492
1661,59,1720,28.15254237288136
1760,375,2135,4.693333333333333
2138,377,2515,5.6710875331564985
2560,404,2964,6.336633663366337
2966,269,3235,11.026022304832711
3253,433,3686,7.51270207852194
3688,118,3806,31.25423728813559
3825,132,3957,28.977272727272727
3972,66,4038,60.18181818181818
4049,51,4100,79.3921568627451
4108,45,4153,91.28888888888888
4162,66,4228,63.06060606060606
4239,83,4322,51.0722891566265
4335,86,4421,50.406976744186046
4441,103,4544,43.11650485436893
4559,117,4676,38.965811965811966
4692,79,4771,59.392405063291136
4783,81,4864,59.04938271604938
4892,285,5177,17.164912280701753
5191,91,5282,57.04395604395605
5295,86,5381,61.56976744186046
5395,109,5504,49.4954128440367
5530,214,5744,25.8411214953271
5777,86,5863,67.17441860465117
5876,44,5920,133.54545454545453
5930,419,6349,14.1527446300716
6396,259,6655,24.694980694980696
6670,150,6820,44.46666666666667
6837,191,7028,35.795811518324605
7046,28,7074,251.64285714285717
7089,28,7117,253.17857142857144
24,827,851,0.0290205562273276
1863,387,2250,4.813953488372093
2259,525,2784,4.302857142857143
36,718,754,0.0501392757660167
774,3,777,258.0
76,584,660,0.1301369863013698
6,15,21,0.4
64,463,527,0.1382289416846652
542,535,1077,1.0130841121495326
1091,700,1791,1.5585714285714285
1807,512,2319,3.529296875
2344,881,3225,2.66061293984109
3235,888,4123,3.643018018018018
4137,890,5027,4.648314606741573
5063,886,5949,5.714446952595937
5989,885,6874,6.767231638418079
55,687,742,0.0800582241630276
857,32,889,26.78125
471,589,1060,0.799660441426146
1066,715,1781,1.490909090909091
2235,732,2967,3.05327868852459
3229,530,3759,6.092452830188679
341,382,723,0.8926701570680629
140,636,776,0.220125786163522
869,322,1191,2.698757763975155
1219,613,1832,1.9885807504078303
1861,672,2533,2.769345238095238
2575,684,3259,3.764619883040936
3317,865,4182,3.834682080924856
4284,883,5167,4.851642129105323
5195,570,5765,9.114035087719298
6601,9,6610,733.4444444444445
6615,225,6840,29.4
6845,272,7117,25.165441176470587
7122,379,7501,18.79155672823219
7506,576,8082,13.03125
66,477,543,0.1383647798742138
607,600,1207,1.0116666666666667
1230,566,1796,2.173144876325088
1851,650,2501,2.8476923076923075
2515,624,3139,4.030448717948718
3151,640,3791,4.9234375
3804,445,4249,8.548314606741574
4272,1007,5279,4.242303872889772
5302,438,5740,12.105022831050228
24,369,393,0.065040650406504
396,407,803,0.972972972972973
841,385,1226,2.1844155844155844
1229,215,1444,5.716279069767442
1493,386,1879,3.8678756476683938
1882,397,2279,4.740554156171284
2301,184,2485,12.505434782608695
2516,156,2672,16.128205128205128
2762,433,3195,6.378752886836028
3198,393,3591,8.13740458015267
98,474,572,0.2067510548523206
620,474,1094,1.3080168776371308
1127,620,1747,1.8177419354838709
1751,635,2386,2.7574803149606297
2443,575,3018,4.248695652173913
3035,450,3485,6.7444444444444445
3503,657,4160,5.331811263318112
4178,803,4981,5.202988792029888
5125,586,5711,8.745733788395905
5729,692,6421,8.278901734104046
6440,422,6862,15.260663507109005
6868,37,6905,185.6216216216216
6906,41,6947,168.4390243902439
29,559,588,0.0518783542039356
611,994,1605,0.6146881287726358
124,443,567,0.2799097065462754
596,838,1434,0.711217183770883
429,543,972,0.7900552486187845
23,290,313,0.0793103448275862
343,339,682,1.0117994100294985
958,368,1326,2.6032608695652173
1334,406,1740,3.2857142857142856
2085,215,2300,9.69767441860465
2415,297,2712,8.131313131313131
39,558,597,0.0698924731182795
608,899,1507,0.6763070077864294
1519,696,2215,2.182471264367816
556,438,994,1.269406392694064
1013,420,1433,2.4119047619047618
26,594,620,0.0437710437710437
77,60,137,1.2833333333333334
638,424,1062,1.5047169811320755
2668,473,3141,5.6405919661733614
60,578,638,0.1038062283737024
667,574,1241,1.1620209059233448
1277,264,1541,4.837121212121212
1570,472,2042,3.3262711864406778
59,34,93,1.7352941176470589
552,336,888,1.6428571428571428
895,664,1559,1.3478915662650603
1561,463,2024,3.3714902807775378
2026,510,2536,3.9725490196078432
2832,222,3054,12.756756756756756
3062,173,3235,17.69942196531792
3243,726,3969,4.466942148760331
3972,333,4305,11.927927927927929
4307,563,4870,7.650088809946714
4881,131,5012,37.25954198473283
5044,224,5268,22.517857142857142
5274,655,5929,8.051908396946565
5931,634,6565,9.354889589905362
6567,607,7174,10.818780889621088
7181,182,7363,39.45604395604396
7406,64,7470,115.71875
7624,118,7742,64.61016949152543
7855,128,7983,61.3671875
47,593,640,0.0792580101180438
657,592,1249,1.1097972972972974
1366,1020,2386,1.3392156862745097
63,461,524,0.1366594360086767
48,72,120,0.6666666666666666
1356,245,1601,5.53469387755102
10,97,107,0.1030927835051546
124,198,322,0.6262626262626263
48,126,174,0.3809523809523809
224,737,961,0.3039348710990502
993,821,1814,1.2095006090133984
1838,745,2583,2.467114093959732
2621,958,3579,2.7359081419624216
3590,963,4553,3.727933541017653
4571,617,5188,7.408427876823339
5225,850,6075,6.147058823529412
6130,288,6418,21.28472222222222
6474,515,6989,12.570873786407766
7103,733,7836,9.69031377899045
84,584,668,0.1438356164383561
716,648,1364,1.1049382716049383
35,863,898,0.0405561993047508
40,130,170,0.3076923076923077
186,474,660,0.3924050632911392
700,640,1340,1.09375
1387,566,1953,2.450530035335689
2775,495,3270,5.606060606060606
25,732,757,0.0341530054644808
768,464,1232,1.6551724137931034
1262,402,1664,3.1393034825870645
1708,636,2344,2.6855345911949686
2361,164,2525,14.396341463414634
2552,424,2976,6.018867924528302
3001,426,3427,7.044600938967136
3456,381,3837,9.070866141732283
410,647,1057,0.633693972179289
1080,429,1509,2.517482517482517
1528,702,2230,2.1766381766381766
2287,617,2904,3.706645056726094
2914,965,3879,3.0196891191709843
4024,579,4603,6.9499136442141625
4705,549,5254,8.570127504553733
5353,129,5482,41.49612403100775
5515,498,6013,11.07429718875502
6060,674,6734,8.991097922848665
6752,549,7301,12.29872495446266
1720,408,2128,4.215686274509804
2140,431,2571,4.965197215777263
4554,313,4867,14.549520766773163
4918,242,5160,20.322314049586776
5196,376,5572,13.819148936170214
5900,334,6234,17.664670658682635
6575,378,6953,17.394179894179896
7707,74,7781,104.14864864864865
7790,269,8059,28.95910780669145
3011,351,3362,8.578347578347579
3457,333,3790,10.38138138138138
3883,270,4153,14.38148148148148
4258,378,4636,11.264550264550264
4742,234,4976,20.264957264957264
5075,315,5390,16.11111111111111
20,878,898,0.0227790432801822
906,518,1424,1.749034749034749
1454,341,1795,4.263929618768328
1879,855,2734,2.1976608187134503
2746,590,3336,4.654237288135593
3655,727,4382,5.027510316368638
4443,597,5040,7.442211055276382
5159,412,5571,12.521844660194176
5599,379,5978,14.773087071240106
6147,645,6792,9.530232558139534
6853,772,7625,8.876943005181348
36,773,809,0.0465717981888745
39,478,517,0.0815899581589958
569,428,997,1.3294392523364489
1008,506,1514,1.992094861660079
55,94,149,0.5851063829787234
163,459,622,0.355119825708061
22,633,655,0.0347551342812006
674,657,1331,1.025875190258752
1349,652,2001,2.0690184049079754
2030,664,2694,3.0572289156626504
2703,615,3318,4.3951219512195125
3337,538,3875,6.202602230483271
13,802,815,0.0162094763092269
822,972,1794,0.845679012345679
11,414,425,0.0265700483091787
456,584,1040,0.7808219178082192
1167,356,1523,3.2780898876404496
1555,325,1880,4.7846153846153845
1907,263,2170,7.250950570342205
2276,369,2645,6.168021680216802
2690,523,3213,5.1434034416826
3241,474,3715,6.837552742616034
3726,273,3999,13.648351648351648
4004,158,4162,25.34177215189873
4176,465,4641,8.980645161290322
4673,283,4956,16.512367491166078
20,704,724,0.0284090909090909
1276,871,2147,1.4649827784156142
3322,119,3441,27.915966386554626
332,678,1010,0.4896755162241888
1026,610,1636,1.681967213114754
1656,656,2312,2.524390243902439
2374,989,3363,2.4004044489383216
3390,971,4361,3.49124613800206
4456,664,5120,6.710843373493976
5145,676,5821,7.61094674556213
5843,667,6510,8.760119940029986
6580,861,7441,7.642276422764228
84,123,207,0.6829268292682927
219,105,324,2.085714285714286
527,39,566,13.512820512820513
28,337,365,0.0830860534124629
47,105,152,0.4476190476190476
176,142,318,1.2394366197183098
379,159,538,2.3836477987421385
17,417,434,0.0407673860911271
445,697,1142,0.6384505021520803
24,906,930,0.0264900662251655
976,605,1581,1.6132231404958677
12,218,230,0.055045871559633
262,308,570,0.8506493506493507
586,98,684,5.979591836734694
704,339,1043,2.0766961651917404
52,600,652,0.0866666666666666
682,469,1151,1.4541577825159917
1296,920,2216,1.4086956521739131
2225,785,3010,2.8343949044585988
3026,118,3144,25.64406779661017
3151,359,3510,8.777158774373259
3528,952,4480,3.7058823529411766
4488,408,4896,11.0
4914,62,4976,79.25806451612904
4990,355,5345,14.056338028169014
5353,286,5639,18.716783216783217
5669,593,6262,9.559865092748735
6295,505,6800,12.465346534653465
6854,671,7525,10.214605067064085
113,245,358,0.4612244897959183
451,396,847,1.1388888888888888
1177,390,1567,3.017948717948718
1994,561,2555,3.554367201426025
2628,439,3067,5.9863325740318905
3132,323,3455,9.696594427244582
3469,468,3937,7.412393162393163
3991,532,4523,7.50187969924812
4588,585,5173,7.842735042735042
5185,195,5380,26.58974358974359
5593,39,5632,143.4102564102564
5856,446,6302,13.130044843049328
6309,375,6684,16.824
6730,408,7138,16.495098039215687
7179,516,7695,13.91279069767442
154,370,524,0.4162162162162162
539,966,1505,0.5579710144927537
1528,695,2223,2.1985611510791365
2252,695,2947,3.2402877697841728
2962,546,3508,5.424908424908425
3522,837,4359,4.207885304659499
557,158,715,3.5253164556962027
735,50,785,14.7
796,80,876,9.95
892,701,1593,1.2724679029957204
1621,449,2070,3.6102449888641424
2090,764,2854,2.735602094240838
2891,816,3707,3.542892156862745
3713,910,4623,4.08021978021978
79,52,131,1.5192307692307692
162,14,176,11.571428571428571
24,827,851,0.0290205562273276
494,633,1127,0.7804107424960506
1187,302,1489,3.9304635761589406
1539,456,1995,3.375
2062,844,2906,2.443127962085308
5966,75,6041,79.54666666666667
6082,943,7025,6.449628844114528
7041,743,7784,9.476446837146703
45,803,848,0.0560398505603985
965,698,1663,1.3825214899713467
24,647,671,0.0370942812982998
117,965,1082,0.1212435233160621
1090,496,1586,2.1975806451612905
5,540,545,0.0092592592592592
569,687,1256,0.8282387190684134
1349,861,2210,1.5667828106852495
2283,705,2988,3.238297872340425
3219,470,3689,6.848936170212766
3803,813,4616,4.677736777367774
4942,128,5070,38.609375
5130,108,5238,47.5
5351,177,5528,30.231638418079097
5770,434,6204,13.294930875576036
6369,240,6609,26.5375
6657,421,7078,15.812351543942992
7096,530,7626,13.38867924528302
11,193,204,0.0569948186528497
218,187,405,1.1657754010695187
422,519,941,0.8131021194605009
955,321,1276,2.9750778816199377
23,1008,1031,0.0228174603174603
1033,521,1554,1.982725527831094
1703,699,2402,2.436337625178827
2422,638,3060,3.7962382445141065
3073,790,3863,3.889873417721519
3932,713,4645,5.514726507713885
4693,621,5314,7.557165861513687
5338,485,5823,11.00618556701031
5834,488,6322,11.954918032786884
6385,586,6971,10.895904436860068
7005,507,7512,13.816568047337276
7529,427,7956,17.63231850117096
368,414,782,0.8888888888888888
854,199,1053,4.291457286432161
128,792,920,0.1616161616161616
13,3,16,4.333333333333333
28,49,77,0.5714285714285714
114,3,117,38.0
129,45,174,2.8666666666666667
204,3,207,68.0
218,3,221,72.66666666666667
226,3,229,75.33333333333333
237,6,243,39.5
251,6,257,41.833333333333336
270,11,281,24.545454545454547
291,9,300,32.333333333333336
312,98,410,3.183673469387755
427,133,560,3.210526315789474
584,207,791,2.821256038647343
816,264,1080,3.090909090909091
1094,288,1382,3.798611111111111
1453,419,1872,3.467780429594272
1874,218,2092,8.596330275229358
2141,39,2180,54.8974358974359
2230,3,2233,743.3333333333334
2271,256,2527,8.87109375
2557,378,2935,6.764550264550264
2983,419,3402,7.119331742243436
3441,439,3880,7.838268792710706
3889,426,4315,9.129107981220658
359,461,820,0.7787418655097614
831,751,1582,1.1065246338215713
26,507,533,0.0512820512820512
548,485,1033,1.1298969072164948
302,75,377,4.026666666666666
688,42,730,16.38095238095238
181,54,235,3.351851851851852
1805,609,2414,2.9638752052545154
3540,570,4110,6.2105263157894735
5877,294,6171,19.989795918367346
7626,184,7810,41.44565217391305
138,4,142,34.5
446,4,450,111.5
457,19,476,24.05263157894737
643,4,647,160.75
682,727,1409,0.938101788170564
1540,369,1909,4.173441734417344
16,268,284,0.0597014925373134
22,380,402,0.0578947368421052
404,352,756,1.1477272727272727
758,331,1089,2.2900302114803623
120,429,549,0.2797202797202797
721,609,1330,1.1839080459770115
1421,734,2155,1.935967302452316
47,515,562,0.0912621359223301
631,623,1254,1.0128410914927768
1418,614,2032,2.3094462540716614
2085,603,2688,3.45771144278607
2716,373,3089,7.281501340482574
3107,44,3151,70.61363636363636
3154,42,3196,75.0952380952381
3205,36,3241,89.02777777777777
20,524,544,0.0381679389312977
552,599,1151,0.9215358931552587
25,345,370,0.072463768115942
99,615,714,0.1609756097560975
806,95,901,8.48421052631579
1007,870,1877,1.157471264367816
1912,732,2644,2.612021857923497
2659,762,3421,3.489501312335958
3453,718,4171,4.809192200557103
4202,635,4837,6.61732283464567
4922,747,5669,6.589022757697457
5754,747,6501,7.702811244979919
6,192,198,0.03125
1257,516,1773,2.436046511627907
10,506,516,0.0197628458498023
520,463,983,1.123110151187905
988,430,1418,2.297674418604651
1450,87,1537,16.666666666666668
2,24,26,0.0833333333333333
38,54,92,0.7037037037037037
182,24,206,7.583333333333333
594,518,1112,1.1467181467181466
1132,726,1858,1.559228650137741
1892,949,2841,1.993677555321391
2844,348,3192,8.172413793103448
3213,349,3562,9.206303724928366
3610,966,4576,3.7370600414078674
4580,163,4743,28.098159509202453
4767,474,5241,10.056962025316457
76,170,246,0.4470588235294118
291,393,684,0.7404580152671756
725,676,1401,1.0724852071005917
1480,208,1688,7.115384615384615
50,476,526,0.1050420168067226
562,338,900,1.6627218934911243
942,309,1251,3.0485436893203883
1375,719,2094,1.9123783031988872
2154,98,2252,21.97959183673469
2349,797,3146,2.9473023839397743
3195,766,3961,4.171018276762402
4128,830,4958,4.973493975903614
5110,922,6032,5.542299349240781
6183,955,7138,6.47434554973822
7164,365,7529,19.627397260273973
26,101,127,0.2574257425742574
160,110,270,1.4545454545454546
286,28,314,10.214285714285714
334,38,372,8.789473684210526
624,87,711,7.172413793103448
720,127,847,5.669291338582677
4805,171,4976,28.09941520467836
5275,121,5396,43.59504132231405
7763,195,7958,39.81025641025641
433,791,1224,0.5474083438685209
1251,857,2108,1.4597432905484249
129,677,806,0.190546528803545
824,817,1641,1.0085679314565483
1649,608,2257,2.7121710526315788
2263,575,2838,3.935652173913044
2857,410,3267,6.96829268292683
99,69,168,1.434782608695652
24,712,736,0.0337078651685393
748,172,920,4.348837209302325
1142,691,1833,1.6526772793053546
2079,472,2551,4.404661016949152
3623,392,4015,9.24234693877551
16,591,607,0.027072758037225
625,363,988,1.721763085399449
1019,998,2017,1.0210420841683367
2019,270,2289,7.477777777777778
3385,206,3591,16.432038834951456
3626,914,4540,3.9671772428884022
5616,843,6459,6.661921708185053
22,81,103,0.2716049382716049
434,230,664,1.8869565217391304
1843,925,2768,1.9924324324324325
2783,95,2878,29.294736842105262
2886,102,2988,28.294117647058822
276,549,825,0.5027322404371585
972,363,1335,2.677685950413223
1429,210,1639,6.804761904761905
2039,254,2293,8.027559055118111
2400,347,2747,6.916426512968299
2822,369,3191,7.64769647696477
3339,468,3807,7.134615384615385
3935,409,4344,9.621026894865526
4608,428,5036,10.766355140186915
5094,327,5421,15.577981651376149
5528,481,6009,11.492723492723492
6080,475,6555,12.8
6624,509,7133,13.013752455795675
7215,337,7552,21.409495548961424
7564,198,7762,38.2020202020202
7790,204,7994,38.18627450980392
34,251,285,0.1354581673306772
2273,613,2886,3.707993474714519
20,150,170,0.1333333333333333
182,111,293,1.6396396396396395
1154,4,1158,288.5
1243,908,2151,1.368942731277533
2157,397,2554,5.433249370277078
148,544,692,0.2720588235294117
334,241,575,1.3858921161825726
806,486,1292,1.6584362139917694
1578,222,1800,7.108108108108108
2040,992,3032,2.056451612903226
3229,150,3379,21.526666666666667
3523,278,3801,12.672661870503598
4060,708,4768,5.734463276836158
779,644,1423,1.2096273291925466
206,46,252,4.478260869565218
953,906,1859,1.0518763796909492
58,812,870,0.0714285714285714
878,827,1705,1.0616686819830714
1713,850,2563,2.0152941176470587
2566,526,3092,4.878326996197719
3121,468,3589,6.668803418803419
3592,555,4147,6.472072072072072
4150,616,4766,6.737012987012987
4769,136,4905,35.06617647058823
45,456,501,0.0986842105263157
249,545,794,0.4568807339449541
808,530,1338,1.5245283018867926
1822,63,1885,28.92063492063492
1895,33,1928,57.42424242424242
2192,24,2216,91.33333333333331
2226,43,2269,51.76744186046512
2881,445,3326,6.474157303370786
3406,864,4270,3.9421296296296298
4293,338,4631,12.701183431952662
4677,371,5048,12.606469002695418
36,713,749,0.0504908835904628
777,741,1518,1.048582995951417
42,915,957,0.0459016393442622
960,504,1464,1.9047619047619049
1631,869,2500,1.8768699654775605
2521,731,3252,3.4487004103967167
3292,542,3834,6.07380073800738
3880,503,4383,7.713717693836978
1420,782,2202,1.815856777493606
3572,858,4430,4.163170163170163
4534,416,4950,10.899038461538462
5005,617,5622,8.111831442463533
1441,224,1665,6.433035714285714
172,359,531,0.479108635097493
646,566,1212,1.1413427561837457
1229,183,1412,6.715846994535519
1660,537,2197,3.091247672253259
2202,353,2555,6.237960339943343
2570,639,3209,4.021909233176839
135,568,703,0.2376760563380281
110,247,357,0.4453441295546558
61,961,1022,0.0634755463059313
2095,565,2660,3.707964601769912
94,79,173,1.1898734177215189
11,633,644,0.0173775671406003
673,375,1048,1.7946666666666666
1070,559,1629,1.9141323792486584
1640,946,2586,1.733615221987315
32,417,449,0.0767386091127098
464,522,986,0.8888888888888888
1010,515,1525,1.9611650485436891
1531,944,2475,1.6218220338983051
2497,365,2862,6.841095890410959
2877,391,3268,7.358056265984655
55,352,407,0.15625
426,915,1341,0.4655737704918032
70,702,772,0.0997150997150997
471,79,550,5.962025316455696
563,92,655,6.119565217391305
670,427,1097,1.569086651053864
21,289,310,0.0726643598615917
35,398,433,0.0879396984924623
480,571,1051,0.840630472854641
1087,763,1850,1.424639580602883
1881,941,2822,1.998937300743889
97,27,124,3.592592592592593
131,129,260,1.0155038759689925
292,153,445,1.908496732026144
451,140,591,3.2214285714285715
595,128,723,4.6484375
732,135,867,5.422222222222223
877,119,996,7.369747899159663
1028,131,1159,7.847328244274809
1165,134,1299,8.694029850746269
1323,154,1477,8.590909090909092
1487,139,1626,10.697841726618703
1690,50,1740,33.8
206,288,494,0.7152777777777778
552,360,912,1.5333333333333334
987,365,1352,2.704109589041096
1385,412,1797,3.3616504854368934
1855,379,2234,4.894459102902375
2285,408,2693,5.600490196078432
970,602,1572,1.611295681063123
841,898,1739,0.9365256124721604
1751,424,2175,4.129716981132075
3722,122,3844,30.508196721311474
5411,929,6340,5.824542518837459
6348,977,7325,6.497441146366428
7333,664,7997,11.04367469879518
29,625,654,0.0464
67,420,487,0.1595238095238095
493,188,681,2.622340425531915
697,451,1148,1.5454545454545454
1161,436,1597,2.662844036697248
1613,400,2013,4.0325
2029,325,2354,6.243076923076923
2414,528,2942,4.571969696969697
2961,243,3204,12.185185185185183
3226,472,3698,6.834745762711864
85,580,665,0.146551724137931
692,556,1248,1.2446043165467626
1291,399,1690,3.235588972431078
8,548,556,0.0145985401459854
562,396,958,1.4191919191919191
966,663,1629,1.4570135746606334
1636,205,1841,7.980487804878049
1853,406,2259,4.564039408866995
2265,284,2549,7.975352112676056
2168,468,2636,4.632478632478633
2660,834,3494,3.1894484412470026
3528,584,4112,6.041095890410959
4136,446,4582,9.27354260089686
4646,1011,5657,4.595450049455984
5659,203,5862,27.876847290640395
5887,975,6862,6.037948717948718
6864,203,7067,33.8128078817734
7076,557,7633,12.703770197486534
18,15,33,1.2
41,82,123,0.5
129,319,448,0.4043887147335423
456,639,1095,0.7136150234741784
1106,236,1342,4.686440677966102
1352,256,1608,5.28125
1622,257,1879,6.311284046692607
1896,262,2158,7.236641221374046
2168,247,2415,8.777327935222672
2426,272,2698,8.919117647058824
2710,245,2955,11.06122448979592
2963,251,3214,11.804780876494023
3226,232,3458,13.905172413793103
3473,240,3713,14.470833333333331
3737,155,3892,24.10967741935484
3902,707,4609,5.519094766619519
4617,290,4907,15.920689655172414
4918,257,5175,19.13618677042801
5188,274,5462,18.934306569343065
5472,247,5719,22.153846153846157
5729,258,5987,22.205426356589147
5996,254,6250,23.606299212598422
6264,310,6574,20.206451612903223
6584,314,6898,20.96815286624204
6909,282,7191,24.5
7204,334,7538,21.568862275449103
10,367,377,0.0272479564032697
386,316,702,1.2215189873417722
711,359,1070,1.98050139275766
1133,429,1562,2.641025641025641
1640,483,2123,3.3954451345755694
2157,421,2578,5.123515439429929
2622,569,3191,4.608084358523726
3237,666,3903,4.86036036036036
121,92,213,1.315217391304348
228,106,334,2.150943396226415
370,157,527,2.356687898089172
541,154,695,3.512987012987013
703,192,895,3.6614583333333335
911,141,1052,6.460992907801418
65,972,1037,0.0668724279835391
1048,1001,2049,1.046953046953047
2060,958,3018,2.150313152400835
3029,957,3986,3.1650992685475443
4001,728,4729,5.49587912087912
104,729,833,0.1426611796982167
967,957,1924,1.0104493207941485
1929,931,2860,2.071965628356606
2957,912,3869,3.242324561403509
3874,625,4499,6.1984
150,502,652,0.298804780876494
745,711,1456,1.0478199718706047
1508,607,2115,2.484349258649094
2151,170,2321,12.652941176470588
2354,671,3025,3.5081967213114758
294,197,491,1.4923857868020305
21,258,279,0.0813953488372093
352,327,679,1.0764525993883791
699,215,914,3.2511627906976743
939,273,1212,3.43956043956044
1227,391,1618,3.1381074168797958
1648,607,2255,2.7149917627677103
177,877,1054,0.201824401368301
1293,1022,2315,1.2651663405088065
2480,910,3390,2.7252747252747254
3595,956,4551,3.760460251046025
4714,945,5659,4.988359788359788
5668,804,6472,7.049751243781095
6657,459,7116,14.50326797385621
7194,3,7197,2398.0
62,533,595,0.1163227016885553
642,449,1091,1.4298440979955456
1155,490,1645,2.357142857142857
263,218,481,1.2064220183486238
498,12,510,41.5
934,228,1162,4.096491228070176
79,42,121,1.880952380952381
240,256,496,0.9375
1687,84,1771,20.08333333333333
1802,405,2207,4.449382716049382
2228,369,2597,6.0379403794037945
4419,554,4973,7.97653429602888
5286,708,5994,7.466101694915254
6062,451,6513,13.441241685144124
6593,631,7224,10.448494453248813
794,480,1274,1.6541666666666666
1324,605,1929,2.188429752066116
2000,465,2465,4.301075268817204
2851,526,3377,5.420152091254753
6467,680,7147,9.510294117647058
55,62,117,0.8870967741935484
136,60,196,2.2666666666666666
329,349,678,0.9426934097421203
768,913,1681,0.8411829134720701
1726,920,2646,1.876086956521739
2678,911,3589,2.9396267837541163
3625,141,3766,25.70921985815603
3780,899,4679,4.204671857619577
4689,885,5574,5.298305084745762
5607,657,6264,8.534246575342467
6360,539,6899,11.799628942486086
7128,867,7995,8.221453287197232
18,487,505,0.0369609856262833
24,363,387,0.0661157024793388
394,354,748,1.112994350282486
1273,1014,2287,1.255424063116371
108,660,768,0.1636363636363636
788,535,1323,1.472897196261682
1347,561,1908,2.4010695187165774
1952,835,2787,2.337724550898204
2884,643,3527,4.485225505443235
3718,587,4305,6.333901192504259
4349,507,4856,8.577909270216962
4893,462,5355,10.590909090909092
5452,525,5977,10.384761904761906
6010,497,6507,12.092555331991951
6551,504,7055,12.998015873015872
7094,438,7532,16.19634703196347
214,10,224,21.4
276,254,530,1.0866141732283463
582,159,741,3.660377358490566
794,251,1045,3.1633466135458166
1059,373,1432,2.839142091152815
1486,442,1928,3.3619909502262444
1959,290,2249,6.755172413793104
2260,326,2586,6.932515337423313
2616,410,3026,6.380487804878049
3060,153,3213,20.0
3240,451,3691,7.184035476718403
3739,80,3819,46.7375
3857,25,3882,154.28
3914,57,3971,68.66666666666667
4052,112,4164,36.17857142857143
4210,147,4357,28.639455782312925
4367,72,4439,60.65277777777778
4493,159,4652,28.257861635220127
4740,130,4870,36.46153846153846
4878,76,4954,64.1842105263158
4993,201,5194,24.8407960199005
5263,418,5681,12.590909090909092
5721,268,5989,21.34701492537313
6019,357,6376,16.859943977591037
5101,426,5527,11.974178403755868
6740,1011,7751,6.666666666666667
477,844,1321,0.5651658767772512
1242,908,2150,1.36784140969163
105,568,673,0.1848591549295774
701,936,1637,0.7489316239316239
1655,853,2508,1.94021101992966
2514,800,3314,3.1425
3332,175,3507,19.04
3546,700,4246,5.065714285714286
32,439,471,0.0728929384965831
568,906,1474,0.6269315673289183
1518,879,2397,1.726962457337884
2513,912,3425,2.755482456140351
3448,652,4100,5.288343558282208
4182,853,5035,4.902696365767878
5095,748,5843,6.811497326203209
5879,817,6696,7.195838433292534
6755,572,7327,11.80944055944056
7338,493,7831,14.884381338742394
7858,212,8070,37.06603773584906
48,382,430,0.1256544502617801
243,507,750,0.4792899408284023
782,478,1260,1.6359832635983265
1343,609,1952,2.2052545155993437
1991,612,2603,3.253267973856209
2624,505,3129,5.196039603960396
3139,409,3548,7.67481662591687
4011,479,4490,8.373695198329854
4507,169,4676,26.66863905325444
4738,424,5162,11.174528301886792
5228,572,5800,9.13986013986014
5819,467,6286,12.460385438972162
6295,279,6574,22.56272401433692
6617,951,7568,6.957939011566772
20,608,628,0.0328947368421052
1693,955,2648,1.7727748691099476
2656,963,3619,2.758047767393562
3627,981,4608,3.697247706422018
4616,147,4763,31.401360544217688
4836,955,5791,5.063874345549738
5799,997,6796,5.816449348044133
6804,265,7069,25.675471698113206
19,332,351,0.0572289156626506
409,1017,1426,0.4021632251720747
1528,728,2256,2.098901098901099
2389,624,3013,3.828525641025641
3053,625,3678,4.8848
3719,769,4488,4.836150845253576
4564,710,5274,6.428169014084507
1187,189,1376,6.28042328042328
350,492,842,0.7113821138211383
1259,420,1679,2.997619047619048
1929,199,2128,9.693467336683415
2425,151,2576,16.05960264900662
2855,287,3142,9.94773519163763
3652,100,3752,36.52
3796,86,3882,44.13953488372093
62,13,75,4.769230769230769
157,243,400,0.6460905349794238
445,360,805,1.2361111111111112
834,231,1065,3.6103896103896105
1086,200,1286,5.43
564,615,1179,0.9170731707317074
23,166,189,0.1385542168674698
191,311,502,0.6141479099678456
88,214,302,0.411214953271028
19,688,707,0.0276162790697674
1256,433,1689,2.9006928406466512
1715,528,2243,3.248106060606061
2255,326,2581,6.91717791411043
2588,386,2974,6.704663212435233
3020,658,3678,4.589665653495441
3706,488,4194,7.594262295081967
4216,144,4360,29.27777777777778
4665,318,4983,14.669811320754716
5001,848,5849,5.897405660377358
5856,331,6187,17.691842900302113
6978,519,7497,13.445086705202312
216,633,849,0.3412322274881517
880,201,1081,4.378109452736318
1167,527,1694,2.2144212523719164
1733,537,2270,3.2271880819366854
2306,632,2938,3.6487341772151898
2984,366,3350,8.153005464480874
3393,140,3533,24.235714285714284
3583,254,3837,14.106299212598426
3897,67,3964,58.16417910447761
4017,352,4369,11.411931818181818
66,535,601,0.1233644859813084
610,437,1047,1.3958810068649885
1058,512,1570,2.06640625
1580,379,1959,4.1688654353562
1970,443,2413,4.446952595936795
2425,516,2941,4.699612403100775
2949,509,3458,5.793713163064833
3465,528,3993,6.5625
4003,501,4504,7.990019960079841
4509,597,5106,7.552763819095477
5111,484,5595,10.5599173553719
5601,456,6057,12.282894736842104
6062,111,6173,54.612612612612615
6190,594,6784,10.42087542087542
6790,97,6887,70.0
6903,124,7027,55.66935483870968
7102,657,7759,10.809741248097412
22,590,612,0.0372881355932203
646,417,1063,1.5491606714628297
1072,548,1620,1.956204379562044
1632,602,2234,2.7109634551495017
709,779,1488,0.9101412066752248
20,802,822,0.0249376558603491
833,954,1787,0.8731656184486373
1790,221,2011,8.099547511312217
448,35,483,12.8
973,423,1396,2.300236406619385
44,702,746,0.0626780626780626
633,581,1214,1.089500860585198
1240,494,1734,2.5101214574898787
1767,603,2370,2.930348258706468
2416,677,3093,3.568685376661743
3133,584,3717,5.364726027397261
3831,523,4354,7.325047801147227
4365,515,4880,8.475728155339805
4894,560,5454,8.739285714285714
5481,365,5846,15.016438356164384
5875,949,6824,6.19072708113804
6912,544,7456,12.705882352941176
7546,110,7656,68.6
7676,163,7839,47.0920245398773
154,510,664,0.3019607843137254
665,80,745,8.3125
746,140,886,5.328571428571428
887,356,1243,2.491573033707865
72,394,466,0.182741116751269
498,429,927,1.1608391608391608
972,317,1289,3.0662460567823344
1348,262,1610,5.145038167938932
9,453,462,0.0198675496688741
485,509,994,0.9528487229862476
1007,417,1424,2.414868105515588
1437,471,1908,3.050955414012739
1921,505,2426,3.803960396039604
2441,379,2820,6.440633245382585
2833,356,3189,7.957865168539326
3202,525,3727,6.099047619047619
3761,635,4396,5.922834645669291
4427,17,4444,260.4117647058824
4458,371,4829,12.016172506738544
4866,587,5453,8.289608177172061
5483,766,6249,7.157963446475196
6306,700,7006,9.008571428571427
108,267,375,0.4044943820224719
397,679,1076,0.5846833578792342
1098,690,1788,1.5913043478260869
1832,229,2061,8.0
2139,1009,3148,2.1199207135778
3189,646,3835,4.936532507739938
3849,640,4489,6.0140625
16,415,431,0.0385542168674698
448,433,881,1.0346420323325636
111,420,531,0.2642857142857143
540,550,1090,0.9818181818181818
1098,393,1491,2.7938931297709924
1528,471,1999,3.2441613588110405
2014,566,2580,3.558303886925795
2615,458,3073,5.709606986899563
3085,308,3393,10.016233766233766
3410,345,3755,9.884057971014492
3769,26,3795,144.96153846153845
3803,27,3830,140.85185185185185
3834,23,3857,166.69565217391303
3862,22,3884,175.54545454545453
53,583,636,0.0909090909090909
2193,150,2343,14.62
3507,386,3893,9.085492227979277
3926,228,4154,17.219298245614034
4201,549,4750,7.652094717668488
30,51,81,0.5882352941176471
523,53,576,9.867924528301886
600,203,803,2.955665024630542
106,765,871,0.1385620915032679
894,569,1463,1.571177504393673
1481,408,1889,3.6299019607843137
1939,245,2184,7.914285714285715
2220,628,2848,3.535031847133758
2872,165,3037,17.406060606060606
3114,712,3826,4.373595505617978
3842,194,4036,19.804123711340207
4071,423,4494,9.624113475177303
4528,726,5254,6.236914600550964
38,2,40,19.0
165,500,665,0.33
674,618,1292,1.0906148867313916
1309,316,1625,4.14240506329114
1639,616,2255,2.6607142857142856
2268,553,2821,4.10126582278481
2833,617,3450,4.591572123176661
3462,405,3867,8.548148148148147
3877,680,4557,5.701470588235294
4578,508,5086,9.011811023622048
5106,915,6021,5.580327868852459
83,819,902,0.1013431013431013
914,819,1733,1.115995115995116
80,465,545,0.1720430107526881
625,486,1111,1.286008230452675
1164,471,1635,2.4713375796178343
1673,432,2105,3.872685185185185
31,464,495,0.0668103448275862
508,502,1010,1.0119521912350598
1022,346,1368,2.953757225433526
49,546,595,0.0897435897435897
53,315,368,0.1682539682539682
370,337,707,1.0979228486646884
78,392,470,0.1989795918367347
494,422,916,1.1706161137440758
95,937,1032,0.1013874066168623
1034,41,1075,25.21951219512195
1092,619,1711,1.764135702746365
1728,634,2362,2.725552050473186
2378,568,2946,4.186619718309859
2982,633,3615,4.710900473933649
3640,666,4306,5.465465465465465
4398,787,5185,5.588310038119441
21,631,652,0.0332805071315372
687,588,1275,1.1683673469387754
1355,569,1924,2.381370826010545
1951,710,2661,2.747887323943662
65,739,804,0.087956698240866
15,286,301,0.0524475524475524
2577,333,2910,7.738738738738738
2990,303,3293,9.867986798679867
3455,333,3788,10.375375375375375
3790,311,4101,12.186495176848874
4115,385,4500,10.688311688311687
4514,352,4866,12.823863636363637
11,46,57,0.2391304347826087
82,641,723,0.1279251170046801
737,154,891,4.785714285714286
907,733,1640,1.2373806275579808
1648,34,1682,48.47058823529412
1787,432,2219,4.136574074074074
2232,696,2928,3.206896551724138
2942,543,3485,5.41804788213628
3504,462,3966,7.584415584415584
3973,978,4951,4.062372188139059
4977,485,5462,10.261855670103094
5479,372,5851,14.728494623655914
5871,713,6584,8.23422159887798
6594,612,7206,10.77450980392157
7215,319,7534,22.61755485893417
7553,451,8004,16.747228381374722
27,390,417,0.0692307692307692
433,284,717,1.5246478873239435
749,264,1013,2.837121212121212
1033,323,1356,3.198142414860681
1370,240,1610,5.708333333333333
1619,54,1673,29.98148148148148
1699,202,1901,8.410891089108912
1932,348,2280,5.551724137931035
2304,634,2938,3.634069400630915
2958,596,3554,4.963087248322148
3571,288,3859,12.399305555555555
11,57,68,0.1929824561403508
87,121,208,0.71900826446281
223,273,496,0.8168498168498168
508,369,877,1.376693766937669
888,416,1304,2.1346153846153846
1336,305,1641,4.380327868852459
1652,199,1851,8.301507537688442
1871,80,1951,23.3875
1973,374,2347,5.275401069518717
2361,181,2542,13.044198895027623
2558,208,2766,12.298076923076923
2772,365,3137,7.594520547945206
3266,209,3475,15.626794258373206
3625,268,3893,13.526119402985074
3937,437,4374,9.009153318077804
4494,170,4664,26.435294117647057
4683,479,5162,9.77661795407098
5180,517,5697,10.019342359767892
5732,51,5783,112.3921568627451
6145,617,6762,9.959481361426256
6770,577,7347,11.733102253032929
7414,14,7428,529.5714285714286
7489,125,7614,59.912
1767,755,2522,2.3403973509933773
83,819,902,0.1013431013431013
914,819,1733,1.115995115995116
1774,807,2581,2.198265179677819
2641,359,3000,7.3565459610027855
3012,297,3309,10.141414141414142
3348,471,3819,7.10828025477707
3832,332,4164,11.542168674698797
4208,433,4641,9.71824480369515
4669,355,5024,13.15211267605634
5035,308,5343,16.3474025974026
51,336,387,0.1517857142857142
1464,481,1945,3.043659043659044
2948,314,3262,9.388535031847134
3671,329,4000,11.1580547112462
4039,295,4334,13.691525423728814
4497,330,4827,13.627272727272729
4895,284,5179,17.235915492957748
5224,439,5663,11.899772209567198
5891,409,6300,14.403422982885086
6343,306,6649,20.72875816993464
6677,217,6894,30.76958525345622
6993,317,7310,22.05993690851735
7361,357,7718,20.61904761904762
25,788,813,0.031725888324873
253,177,430,1.4293785310734464
480,215,695,2.232558139534884
350,408,758,0.8578431372549019
845,310,1155,2.725806451612903
1222,429,1651,2.8484848484848486
1676,476,2152,3.5210084033613445
2160,413,2573,5.230024213075061
2597,112,2709,23.1875
2755,419,3174,6.575178997613365
3205,454,3659,7.059471365638767
3667,424,4091,8.648584905660377
95,937,1032,0.1013874066168623
1255,528,1783,2.3768939393939394
1844,567,2411,3.252204585537919
2445,385,2830,6.35064935064935
2875,410,3285,7.012195121951219
3530,299,3829,11.806020066889632
142,450,592,0.3155555555555555
677,555,1232,1.2198198198198198
1286,341,1627,3.771260997067449
1649,349,1998,4.724928366762177
2600,751,3351,3.4620505992010653
2619,430,3049,6.090697674418605
3068,682,3750,4.498533724340176
3759,11,3770,341.72727272727275
3811,681,4492,5.596182085168869
4509,672,5181,6.709821428571429
5194,677,5871,7.672082717872969
5898,752,6650,7.843085106382978
6659,628,7287,10.603503184713375
7289,20,7309,364.45
7473,7,7480,1067.571428571429
15,723,738,0.0207468879668049
753,468,1221,1.608974358974359
1230,604,1834,2.0364238410596025
71,959,1030,0.0740354535974974
1041,630,1671,1.6523809523809525
1712,709,2421,2.414668547249647
2485,751,3236,3.3089214380825567
11,526,537,0.0209125475285171
569,805,1374,0.7068322981366459
13,374,387,0.03475935828877
418,229,647,1.8253275109170304
9,463,472,0.019438444924406
486,986,1472,0.4929006085192697
1546,400,1946,3.865
1978,329,2307,6.012158054711247
2328,125,2453,18.624
2466,292,2758,8.445205479452055
2774,206,2980,13.466019417475728
2991,392,3383,7.630102040816326
3395,284,3679,11.954225352112676
29,432,461,0.0671296296296296
488,865,1353,0.5641618497109827
1395,1000,2395,1.395
2413,753,3166,3.204515272244356
3182,995,4177,3.197989949748744
4193,993,5186,4.222557905337362
19,632,651,0.0300632911392405
678,629,1307,1.0779014308426074
752,4,756,188.0
845,876,1721,0.9646118721461188
1727,763,2490,2.2634338138925294
2604,866,3470,3.0069284064665127
3476,412,3888,8.436893203883495
9,831,840,0.0108303249097472
853,465,1318,1.8344086021505377
1328,888,2216,1.4954954954954955
2229,832,3061,2.6790865384615383
3104,983,4087,3.157680569684639
4098,802,4900,5.109725685785536
4914,978,5892,5.024539877300613
5910,668,6578,8.847305389221557
6591,684,7275,9.635964912280702
419,529,948,0.7920604914933838
25,399,424,0.06265664160401
114,476,590,0.2394957983193277
1868,695,2563,2.6877697841726618
3776,749,4525,5.041388518024032
4568,906,5474,5.041942604856512
81,52,133,1.5576923076923077
469,176,645,2.664772727272727
1124,164,1288,6.853658536585366
1950,426,2376,4.577464788732394
2416,579,2995,4.172711571675302
3060,682,3742,4.486803519061583
3745,58,3803,64.56896551724138
3821,302,4123,12.6523178807947
4148,304,4452,13.644736842105264
4471,441,4912,10.138321995464851
4935,422,5357,11.69431279620853
5415,536,5951,10.102611940298509
5972,260,6232,22.96923076923077
6335,326,6661,19.432515337423315
6690,336,7026,19.910714285714285
7035,341,7376,20.63049853372434
7391,356,7747,20.76123595505618
680,829,1509,0.8202653799758746
1589,838,2427,1.89618138424821
2462,928,3390,2.6530172413793105
1086,648,1734,1.6759259259259258
22,401,423,0.054862842892768
432,274,706,1.5766423357664234
35,607,642,0.057660626029654
774,303,1077,2.5544554455445545
1112,880,1992,1.2636363636363637
1994,167,2161,11.940119760479044
1544,7,1551,220.57142857142856
1554,9,1563,172.66666666666666
1577,10,1587,157.7
1592,15,1607,106.13333333333334
1622,412,2034,3.936893203883495
2039,221,2260,9.226244343891402
2266,320,2586,7.08125
2590,225,2815,11.511111111111113
410,470,880,0.8723404255319149
885,259,1144,3.416988416988417
24,757,781,0.0317040951122853
812,631,1443,1.2868462757527734
1466,655,2121,2.238167938931298
2140,654,2794,3.27217125382263
2840,778,3618,3.650385604113111
3643,587,4230,6.206132879045996
4246,416,4662,10.20673076923077
4682,580,5262,8.072413793103449
5280,552,5832,9.565217391304348
5909,523,6432,11.298279158699808
6478,429,6907,15.1002331002331
6948,652,7600,10.656441717791411
1089,41,1130,26.5609756097561
1144,334,1478,3.4251497005988023
1494,335,1829,4.459701492537313
3742,1019,4761,3.672227674190383
5830,699,6529,8.340486409155938
24,347,371,0.069164265129683
384,608,992,0.631578947368421
1036,552,1588,1.8768115942028984
1626,579,2205,2.8082901554404147
56,417,473,0.1342925659472422
485,398,883,1.2185929648241205
899,703,1602,1.278805120910384
1621,783,2404,2.070242656449553
2420,420,2840,5.761904761904762
2857,585,3442,4.883760683760684
3460,495,3955,6.98989898989899
3980,487,4467,8.172484599589323
4490,609,5099,7.372742200328407
5119,733,5852,6.98362892223738
5864,843,6707,6.956109134045077
6709,872,7581,7.693807339449541
7597,388,7985,19.579896907216494
161,185,346,0.8702702702702703
212,25,237,8.48
247,441,688,0.5600907029478458
690,685,1375,1.0072992700729928
1394,788,2182,1.769035532994924
2184,754,2938,2.896551724137931
2940,774,3714,3.798449612403101
3716,666,4382,5.57957957957958
4384,701,5085,6.253922967189729
133,727,860,0.1829436038514443
896,844,1740,1.061611374407583
1773,918,2691,1.931372549019608
2740,812,3552,3.374384236453202
3646,822,4468,4.435523114355231
4477,155,4632,28.88387096774193
4656,904,5560,5.150442477876106
5624,806,6430,6.977667493796526
6460,835,7295,7.736526946107785
92,2,94,46.0
104,274,378,0.3795620437956204
497,573,1070,0.8673647469458988
1610,629,2239,2.559618441971383
2269,981,3250,2.3129459734964324
3298,736,4034,4.480978260869565
4094,973,5067,4.207605344295992
5103,448,5551,11.390625
5561,1001,6562,5.555444555444556
7018,811,7829,8.653514180024661
206,205,411,1.0048780487804878
419,359,778,1.1671309192200556
793,514,1307,1.5428015564202335
2075,327,2402,6.345565749235474
2424,313,2737,7.744408945686901
2754,554,3308,4.971119133574007
3338,574,3912,5.815331010452962
3951,873,4824,4.525773195876289
4841,672,5513,7.203869047619048
5869,432,6301,13.585648148148149
6311,425,6736,14.849411764705884
6747,458,7205,14.731441048034934
7250,846,8096,8.569739952718676
175,244,419,0.7172131147540983
86,217,303,0.3963133640552995
344,265,609,1.2981132075471695
621,159,780,3.9056603773584895
3168,693,3861,4.571428571428571
3885,808,4693,4.808168316831683
4946,571,5517,8.66199649737303
5539,844,6383,6.562796208530806
6499,480,6979,13.539583333333333
6989,797,7786,8.769134253450439
7800,45,7845,173.33333333333334
12,87,99,0.1379310344827586
169,174,343,0.971264367816092
393,150,543,2.62
631,189,820,3.3386243386243386
877,235,1112,3.731914893617021
13,458,471,0.0283842794759825
490,213,703,2.300469483568075
712,532,1244,1.3383458646616542
1252,495,1747,2.529292929292929
1758,388,2146,4.530927835051546
2185,556,2741,3.929856115107914
2748,599,3347,4.587646076794658
3364,508,3872,6.622047244094488
3882,644,4526,6.027950310559007
13,524,537,0.0248091603053435
546,608,1154,0.8980263157894737
1163,682,1845,1.7052785923753666
1861,625,2486,2.9776
2509,575,3084,4.363478260869565
3108,592,3700,5.25
3723,627,4350,5.937799043062201
4393,618,5011,7.108414239482201
5040,705,5745,7.148936170212766
5763,570,6333,10.110526315789471
6352,671,7023,9.466467958271236
7044,629,7673,11.19872813990461
628,929,1557,0.6759956942949408
1651,802,2453,2.0586034912718203
2475,610,3085,4.057377049180328
3178,612,3790,5.19281045751634
3892,867,4759,4.489042675893887
4767,836,5603,5.702153110047847
5609,891,6500,6.295173961840629
29,530,559,0.0547169811320754
603,401,1004,1.5037406483790523
1036,1022,2058,1.0136986301369864
2082,446,2528,4.668161434977579
593,911,1504,0.6509330406147091
28,618,646,0.0453074433656957
665,454,1119,1.4647577092511013
1128,565,1693,1.9964601769911503
2111,259,2370,8.150579150579151
3924,585,4509,6.707692307692308
4577,537,5114,8.523277467411546
5144,460,5604,11.182608695652174
6991,100,7091,69.91
7181,652,7833,11.013803680981596
997,253,1250,3.940711462450593
1300,335,1635,3.880597014925373
1703,387,2090,4.4005167958656335
2135,280,2415,7.625
2451,588,3039,4.168367346938775
3584,315,3899,11.377777777777778
3937,135,4072,29.16296296296296
4111,671,4782,6.126676602086438
4828,316,5144,15.278481012658228
5193,415,5608,12.513253012048192
6518,112,6630,58.19642857142857
6679,494,7173,13.520242914979756
7215,174,7389,41.46551724137931
7434,161,7595,46.17391304347826
22,879,901,0.0250284414106939
1763,456,2219,3.866228070175439
3657,417,4074,8.76978417266187
4104,32,4136,128.25
4158,407,4565,10.216216216216216
20,326,346,0.0613496932515337
348,314,662,1.10828025477707
90,229,319,0.3930131004366812
344,218,562,1.5779816513761469
587,86,673,6.825581395348837
685,102,787,6.715686274509804
801,117,918,6.846153846153846
966,182,1148,5.307692307692308
1160,51,1211,22.745098039215687
1223,78,1301,15.67948717948718
1331,225,1556,5.915555555555556
1571,310,1881,5.067741935483871
1894,188,2082,10.074468085106384
158,552,710,0.286231884057971
43,404,447,0.1064356435643564
470,598,1068,0.7859531772575251
1086,568,1654,1.9119718309859155
1670,662,2332,2.5226586102719035
56,417,473,0.1342925659472422
499,415,914,1.202409638554217
917,423,1340,2.167848699763593
1343,545,1888,2.4642201834862387
130,1009,1139,0.1288404360753221
42,811,853,0.0517879161528976
349,461,810,0.7570498915401301
857,905,1762,0.9469613259668508
1765,243,2008,7.2633744855967075
2064,536,2600,3.850746268656717
2622,54,2676,48.55555555555556
2758,87,2845,31.701149425287355
2865,52,2917,55.09615384615385
2966,71,3037,41.77464788732394
3083,74,3157,41.66216216216216
3204,80,3284,40.05
3301,85,3386,38.83529411764706
3401,117,3518,29.068376068376068
3524,82,3606,42.97560975609756
3636,90,3726,40.4
3737,474,4211,7.883966244725738
4267,125,4392,34.136
4435,149,4584,29.76510067114094
4638,170,4808,27.28235294117647
4843,103,4946,47.01941747572816
5125,417,5542,12.290167865707437
5569,239,5808,23.301255230125523
5830,142,5972,41.056338028169016
6016,173,6189,34.77456647398844
6201,119,6320,52.109243697479
6365,121,6486,52.603305785123965
6498,401,6899,16.204488778054863
6932,208,7140,33.32692307692308
7196,110,7306,65.41818181818182
7340,354,7694,20.73446327683616
7764,123,7887,63.1219512195122
53,506,559,0.1047430830039525
581,517,1098,1.1237911025145069
1111,337,1448,3.2967359050445104
1487,339,1826,4.386430678466077
287,3,290,95.66666666666669
706,3,709,235.33333333333331
877,3,880,292.3333333333333
1145,3,1148,381.6666666666667
1214,97,1311,12.515463917525771
1317,85,1402,15.494117647058824
1449,58,1507,24.98275862068965
1522,113,1635,13.469026548672566
1672,322,1994,5.192546583850931
2057,122,2179,16.860655737704917
2195,125,2320,17.56
2330,110,2440,21.181818181818183
2459,99,2558,24.83838383838384
2567,114,2681,22.517543859649123
2726,234,2960,11.649572649572647
19,618,637,0.0307443365695792
3778,1023,4801,3.6930596285434993
6077,895,6972,6.789944134078213
55,625,680,0.088
115,952,1067,0.1207983193277311
1891,849,2740,2.227326266195524
2796,947,3743,2.9524815205913413
3755,102,3857,36.81372549019608
3952,694,4646,5.694524495677234
4700,725,5425,6.482758620689655
5446,784,6230,6.946428571428571
6365,103,6468,61.79611650485437
6617,949,7566,6.972602739726027
85,597,682,0.1423785594639866
700,632,1332,1.1075949367088609
1361,1014,2375,1.3422090729783038
2382,416,2798,5.725961538461538
2832,936,3768,3.025641025641025
3775,957,4732,3.9446185997910135
4739,595,5334,7.964705882352941
5344,973,6317,5.49229188078109
6324,905,7229,6.987845303867403
208,586,794,0.3549488054607508
831,566,1397,1.4681978798586572
58,964,1022,0.0601659751037344
1024,180,1204,5.688888888888889
46,656,702,0.0701219512195122
715,300,1015,2.3833333333333333
1027,744,1771,1.3803763440860215
359,461,820,0.7787418655097614
831,751,1582,1.1065246338215713
111,927,1038,0.1197411003236245
1111,848,1959,1.3101415094339623
11,72,83,0.1527777777777778
93,228,321,0.4078947368421052
343,189,532,1.8148148148148149
557,198,755,2.813131313131313
818,455,1273,1.797802197802198
1340,439,1779,3.052391799544419
1792,173,1965,10.358381502890174
541,982,1523,0.5509164969450102
1526,580,2106,2.6310344827586207
702,336,1038,2.0892857142857144
1079,24,1103,44.958333333333336
1116,32,1148,34.875
1620,30,1650,54.0
1656,53,1709,31.245283018867923
1723,54,1777,31.90740740740741
2249,32,2281,70.28125
2289,931,3220,2.4586466165413534
78,551,629,0.1415607985480943
55,60,115,0.9166666666666666
118,66,184,1.7878787878787878
187,144,331,1.2986111111111112
334,130,464,2.569230769230769
467,236,703,1.978813559322034
706,192,898,3.6770833333333335
901,342,1243,2.634502923976608
1246,225,1471,5.5377777777777775
1510,345,1855,4.376811594202898
1876,331,2207,5.667673716012085
11,342,353,0.0321637426900584
355,344,699,1.0319767441860466
702,335,1037,2.0955223880597016
1040,348,1388,2.9885057471264367
1390,83,1473,16.746987951807228
1489,338,1827,4.405325443786983
1829,337,2166,5.427299703264095
2168,82,2250,26.4390243902439
48,714,762,0.0672268907563025
820,910,1730,0.9010989010989012
706,500,1206,1.412
1828,476,2304,3.8403361344537816
2700,447,3147,6.040268456375839
3524,353,3877,9.98300283286119
4143,262,4405,15.812977099236642
4655,328,4983,14.192073170731708
111,420,531,0.2642857142857143
540,550,1090,0.9818181818181818
1098,393,1491,2.7938931297709924
1528,471,1999,3.2441613588110405
2014,566,2580,3.558303886925795
2615,458,3073,5.709606986899563
3085,308,3393,10.016233766233766
10,289,299,0.0346020761245674
322,413,735,0.7796610169491526
1655,368,2023,4.497282608695652
2200,218,2418,10.091743119266056
2636,427,3063,6.173302107728337
3214,162,3376,19.839506172839503
3513,152,3665,23.11184210526316
4154,103,4257,40.33009708737864
4356,834,5190,5.223021582733813
5506,113,5619,48.72566371681416
5726,818,6544,7.0
6773,828,7601,8.179951690821255
41,546,587,0.075091575091575
31,548,579,0.0565693430656934
587,399,986,1.4711779448621554
50,851,901,0.0587544065804935
915,994,1909,0.920523138832998
1981,1006,2987,1.969184890656064
3005,800,3805,3.75625
3823,1006,4829,3.8001988071570576
4832,994,5826,4.861167002012072
5829,96,5925,60.71875
189,933,1122,0.202572347266881
1124,510,1634,2.203921568627451
1636,608,2244,2.6907894736842106
2246,606,2852,3.706270627062706
2854,682,3536,4.18475073313783
3538,708,4246,4.997175141242938
4248,635,4883,6.689763779527559
4885,555,5440,8.801801801801801
3147,142,3289,22.16197183098592
281,2,283,140.5
968,349,1317,2.773638968481375
1319,146,1465,9.034246575342468
1475,378,1853,3.9021164021164014
1855,212,2067,8.75
2118,425,2543,4.983529411764706
2552,415,2967,6.1493975903614455
557,158,715,3.5253164556962027
735,50,785,14.7
796,80,876,9.95
892,701,1593,1.2724679029957204
1621,449,2070,3.6102449888641424
2090,764,2854,2.735602094240838
2891,816,3707,3.542892156862745
3713,910,4623,4.08021978021978
29,62,91,0.4677419354838709
132,155,287,0.8516129032258064
294,200,494,1.47
540,386,926,1.3989637305699485
945,439,1384,2.152619589977221
1480,31,1511,47.74193548387097
1703,465,2168,3.6623655913978497
2182,465,2647,4.69247311827957
2891,340,3231,8.50294117647059
3258,462,3720,7.051948051948052
3742,598,4340,6.25752508361204
4364,652,5016,6.693251533742331
5029,146,5175,34.445205479452056
5191,917,6108,5.660850599781898
28,495,523,0.0565656565656565
13,100,113,0.13
129,580,709,0.2224137931034482
717,154,871,4.655844155844156
891,281,1172,3.170818505338078
1193,373,1566,3.1983914209115283
1619,433,2052,3.739030023094688
2061,649,2710,3.1756548536209555
25,318,343,0.0786163522012578
400,456,856,0.8771929824561403
866,538,1404,1.6096654275092936
2566,720,3286,3.563888888888889
215,82,297,2.6219512195121952
305,358,663,0.8519553072625698
700,190,890,3.684210526315789
122,18,140,6.777777777777778
165,292,457,0.565068493150685
474,116,590,4.086206896551724
678,16,694,42.375
829,156,985,5.314102564102564
1049,152,1201,6.901315789473684
169,20,189,8.45
214,110,324,1.945454545454545
438,540,978,0.8111111111111111
1001,695,1696,1.4402877697841727
1723,958,2681,1.7985386221294364
2683,183,2866,14.66120218579235
2876,426,3302,6.751173708920188
3324,624,3948,5.326923076923077
3964,512,4476,7.7421875
4488,498,4986,9.012048192771084
5005,698,5703,7.170487106017192
106,583,689,0.1818181818181818
721,571,1292,1.2626970227670753
1303,568,1871,2.2940140845070425
1885,166,2051,11.355421686746988
2071,368,2439,5.627717391304348
782,2,784,391.0
843,629,1472,1.3402225755166932
1481,410,1891,3.61219512195122
1898,14,1912,135.57142857142858
2137,23,2160,92.91304347826087
2219,425,2644,5.221176470588235
2646,236,2882,11.21186440677966
2899,396,3295,7.320707070707071
3297,370,3667,8.91081081081081
3684,225,3909,16.373333333333335
3934,119,4053,33.05882352941177
4065,37,4102,109.86486486486488
4130,66,4196,62.57575757575758
4219,77,4296,54.79220779220779
4305,99,4404,43.48484848484848
4429,65,4494,68.13846153846154
108,39,147,2.769230769230769
163,411,574,0.3965936739659367
655,520,1175,1.2596153846153846
1215,592,1807,2.052364864864865
1843,611,2454,3.016366612111293
2493,538,3031,4.633828996282528
3051,610,3661,5.001639344262295
3705,735,4440,5.040816326530612
4714,877,5591,5.375142531356898
5605,533,6138,10.51594746716698
6165,560,6725,11.008928571428571
6744,494,7238,13.65182186234818
7256,305,7561,23.79016393442623
7593,383,7976,19.825065274151434
91,880,971,0.1034090909090909
993,955,1948,1.0397905759162305
1989,446,2435,4.459641255605381
2462,941,3403,2.616365568544102
3430,957,4387,3.5841170323928946
4412,929,5341,4.749192680301399
5364,951,6315,5.640378548895899
6329,958,7287,6.606471816283925
30,757,787,0.0396301188903566
795,271,1066,2.933579335793358
1075,106,1181,10.141509433962264
1184,204,1388,5.803921568627451
1407,537,1944,2.620111731843576
1956,680,2636,2.876470588235294
2676,659,3335,4.060698027314112
3356,748,4104,4.4866310160427805
4115,812,4927,5.067733990147783
4938,647,5585,7.632148377125193
5673,155,5828,36.6
5849,184,6033,31.78804347826087
6040,9,6049,671.1111111111111
6076,426,6502,14.262910798122066
6527,657,7184,9.93455098934551
7225,474,7699,15.242616033755274
86,93,179,0.9247311827956988
232,115,347,2.017391304347826
426,583,1009,0.7307032590051458
1054,529,1583,1.992438563327032
167,633,800,0.2638230647709321
374,30,404,12.466666666666669
1242,437,1679,2.8421052631578947
1808,117,1925,15.452991452991451
2033,110,2143,18.48181818181818
2176,47,2223,46.297872340425535
2233,95,2328,23.50526315789474
221,439,660,0.5034168564920274
73,952,1025,0.0766806722689075
1057,537,1594,1.968342644320298
1675,444,2119,3.7725225225225225
48,558,606,0.086021505376344
647,582,1229,1.111683848797251
1253,217,1470,5.774193548387097
56,958,1014,0.0584551148225469
1097,714,1811,1.5364145658263306
1833,495,2328,3.703030303030303
2343,522,2865,4.488505747126437
2880,690,3570,4.173913043478261
27,234,261,0.1153846153846153
270,273,543,0.989010989010989
549,463,1012,1.1857451403887689
1025,425,1450,2.411764705882353
1476,432,1908,3.4166666666666665
1948,783,2731,2.4878671775223498
2759,788,3547,3.501269035532995
3568,368,3936,9.695652173913045
3949,529,4478,7.465028355387524
4535,652,5187,6.955521472392638
5319,470,5789,11.317021276595744
6412,500,6912,12.824
86,594,680,0.1447811447811448
708,430,1138,1.6465116279069767
1153,616,1769,1.8717532467532467
207,11,218,18.818181818181817
272,177,449,1.536723163841808
486,165,651,2.9454545454545453
698,194,892,3.597938144329897
923,224,1147,4.120535714285714
1157,460,1617,2.515217391304348
1625,201,1826,8.08457711442786
82,445,527,0.1842696629213483
542,339,881,1.59882005899705
900,766,1666,1.174934725848564
1686,464,2150,3.6336206896551726
2163,663,2826,3.262443438914027
2841,793,3634,3.5825977301387137
3651,871,4522,4.191733639494833
4549,488,5037,9.32172131147541
5,279,284,0.017921146953405
22,818,840,0.0268948655256723
49,757,806,0.0647291941875825
930,457,1387,2.035010940919037
1530,411,1941,3.7226277372262775
2009,347,2356,5.789625360230548
2485,582,3067,4.269759450171821
4419,347,4766,12.734870317002882
5045,391,5436,12.902813299232736
5585,309,5894,18.07443365695793
5918,223,6141,26.53811659192825
6207,217,6424,28.6036866359447
6617,343,6960,19.29154518950437
7059,807,7866,8.74721189591078
19,268,287,0.0708955223880597
307,447,754,0.6868008948545862
1624,180,1804,9.022222222222222
296,835,1131,0.3544910179640718
2598,821,3419,3.164433617539586
3426,609,4035,5.625615763546798
39,371,410,0.105121293800539
432,351,783,1.2307692307692308
30,51,81,0.5882352941176471
523,53,576,9.867924528301886
1345,44,1389,30.568181818181817
1950,47,1997,41.48936170212766
2315,44,2359,52.61363636363637
2386,39,2425,61.17948717948718
3209,122,3331,26.30327868852459
3348,55,3403,60.87272727272728
3889,132,4021,29.46212121212121
5993,180,6173,33.294444444444444
6272,469,6741,13.373134328358208
33,519,552,0.0635838150289017
40,83,123,0.4819277108433735
141,280,421,0.5035714285714286
483,245,728,1.9714285714285715
743,282,1025,2.6347517730496453
1065,270,1335,3.9444444444444446
1370,285,1655,4.807017543859649
1676,89,1765,18.831460674157302
1868,701,2569,2.664764621968616
2586,587,3173,4.4054514480408855
2497,431,2928,5.793503480278423
3214,672,3886,4.782738095238095
4121,442,4563,9.323529411764708
4857,515,5372,9.431067961165049
5716,616,6332,9.27922077922078
6633,325,6958,20.40923076923077
7221,583,7804,12.385934819897084
8,747,755,0.0107095046854083
777,403,1180,1.9280397022332507
14,189,203,0.074074074074074
210,166,376,1.2650602409638554
383,192,575,1.9947916666666667
584,204,788,2.862745098039216
810,223,1033,3.632286995515695
134,740,874,0.1810810810810811
892,500,1392,1.784
1404,113,1517,12.424778761061948
1549,459,2008,3.374727668845316
2030,828,2858,2.4516908212560384
2885,162,3047,17.808641975308642
3107,203,3310,15.305418719211822
3325,759,4084,4.380764163372859
4336,622,4958,6.971061093247588
5095,244,5339,20.881147540983605
5971,275,6246,21.71272727272727
6380,345,6725,18.49275362318841
24,619,643,0.0387722132471728
652,45,697,14.488888888888887
962,269,1231,3.576208178438662
2408,155,2563,15.535483870967742
2772,188,2960,14.74468085106383
3094,285,3379,10.856140350877194
3400,379,3779,8.970976253298153
3847,242,4089,15.896694214876034
4114,323,4437,12.736842105263158
4449,353,4802,12.603399433427764
4821,512,5333,9.416015625
5681,472,6153,12.03601694915254
6486,299,6785,21.692307692307693
7017,336,7353,20.883928571428573
7658,234,7892,32.72649572649573
81,450,531,0.18
632,835,1467,0.7568862275449102
24,864,888,0.0277777777777777
918,342,1260,2.6842105263157894
1281,556,1837,2.303956834532374
24,656,680,0.0365853658536585
706,847,1553,0.833530106257379
3731,272,4003,13.716911764705882
5096,598,5694,8.521739130434783
5743,915,6658,6.276502732240437
6692,455,7147,14.707692307692309
7170,734,7904,9.768392370572206
50,581,631,0.0860585197934595
696,809,1505,0.8603213844252163
1510,811,2321,1.8618988902589395
2326,615,2941,3.782113821138212
3108,798,3906,3.8947368421052633
3911,101,4012,38.722772277227726
4030,489,4519,8.241308793456033
4569,557,5126,8.202872531418313
5145,511,5656,10.068493150684931
5703,682,6385,8.362170087976539
6409,529,6938,12.11531190926276
6952,369,7321,18.84010840108401
7337,421,7758,17.42755344418052
11,41,52,0.2682926829268293
242,849,1091,0.2850412249705536
1096,120,1216,9.133333333333333
1228,392,1620,3.13265306122449
2031,418,2449,4.858851674641149
2474,547,3021,4.522851919561243
31,453,484,0.0684326710816777
15,384,399,0.0390625
1003,760,1763,1.319736842105263
1832,475,2307,3.856842105263158
2940,500,3440,5.88
3896,314,4210,12.40764331210191
4419,79,4498,55.936708860759495
4515,200,4715,22.575
4873,322,5195,15.133540372670808
5226,640,5866,8.165625
2322,608,2930,3.819078947368421
3748,415,4163,9.03132530120482
4306,491,4797,8.769857433808554
4815,560,5375,8.598214285714286
5396,595,5991,9.06890756302521
6018,540,6558,11.144444444444444
105,863,968,0.1216685979142526
496,3,499,165.33333333333334
1857,3,1860,619.0
3057,2,3059,1528.5
5700,243,5943,23.45679012345679
6006,288,6294,20.854166666666668
6307,91,6398,69.3076923076923
11,517,528,0.0212765957446808
542,674,1216,0.8041543026706232
1263,741,2004,1.7044534412955463
3099,179,3278,17.312849162011172
3305,640,3945,5.1640625
3963,762,4725,5.200787401574803
4734,932,5666,5.079399141630901
6798,701,7499,9.697574893009984
27,490,517,0.0551020408163265
21,475,496,0.0442105263157894
511,603,1114,0.8474295190713101
1899,466,2365,4.075107296137339
2419,353,2772,6.852691218130311
31,292,323,0.1061643835616438
416,626,1042,0.6645367412140575
1058,513,1571,2.062378167641325
1582,56,1638,28.25
1653,66,1719,25.045454545454547
1729,62,1791,27.887096774193548
182,519,701,0.350674373795761
735,386,1121,1.9041450777202076
1137,201,1338,5.656716417910448
1346,160,1506,8.4125
1518,249,1767,6.096385542168675
1784,257,2041,6.941634241245136
152,564,716,0.2695035460992908
955,274,1229,3.4854014598540144
1285,345,1630,3.724637681159421
1669,371,2040,4.498652291105121
2162,477,2639,4.532494758909853
2718,542,3260,5.014760147601476
3306,521,3827,6.345489443378119
19,578,597,0.0328719723183391
617,973,1590,0.6341212744090442
1605,977,2582,1.6427840327533263
2590,840,3430,3.083333333333333
3445,919,4364,3.748639825897715
4389,989,5378,4.437815975733064
5393,969,6362,5.565531475748194
6373,580,6953,10.98793103448276
6976,884,7860,7.891402714932127
31,371,402,0.0835579514824797
26,30,56,0.8666666666666667
1073,87,1160,12.333333333333334
1183,465,1648,2.544086021505376
1671,321,1992,5.205607476635514
105,728,833,0.1442307692307692
853,653,1506,1.3062787136294027
1521,610,2131,2.49344262295082
2167,706,2873,3.0694050991501416
2916,805,3721,3.622360248447205
3751,712,4463,5.268258426966292
4,474,478,0.0084388185654008
492,604,1096,0.8145695364238411
1108,367,1475,3.019073569482289
1486,371,1857,4.005390835579515
1866,492,2358,3.792682926829268
2368,452,2820,5.238938053097345
6663,706,7369,9.437677053824364
210,187,397,1.1229946524064172
595,629,1224,0.945945945945946
1245,946,2191,1.3160676532769555
3837,623,4460,6.158908507223114
4488,84,4572,53.42857142857143
4706,378,5084,12.44973544973545
5166,421,5587,12.270783847980995
5805,592,6397,9.805743243243244
14,505,519,0.0277227722772277
551,519,1070,1.0616570327552983
1112,514,1626,2.1634241245136185
1680,581,2261,2.891566265060241
2285,363,2648,6.294765840220386
